1,3,788.0,368.0,303.0,562.0,1,-1,-1,-1
2,3,783.0,367.0,310.0,575.0,1,-1,-1,-1
3,3,782.0,370.0,306.0,579.0,1,-1,-1,-1
4,3,779.0,364.0,307.0,593.0,1,-1,-1,-1
5,3,778.0,361.0,305.0,598.0,1,-1,-1,-1
6,3,772.0,360.0,306.0,601.0,1,-1,-1,-1
7,3,763.0,355.0,310.0,606.0,1,-1,-1,-1
8,3,757.0,357.0,316.0,602.0,1,-1,-1,-1
9,3,756.0,355.0,306.0,600.0,1,-1,-1,-1
10,3,751.0,355.0,309.0,601.0,1,-1,-1,-1
11,3,752.0,356.0,304.0,599.0,1,-1,-1,-1
12,3,753.0,359.0,289.0,591.0,1,-1,-1,-1
13,3,760.0,365.0,275.0,587.0,1,-1,-1,-1
14,3,758.0,375.0,271.0,578.0,1,-1,-1,-1
15,3,758.0,388.0,266.0,576.0,1,-1,-1,-1
16,3,756.0,396.0,262.0,568.0,1,-1,-1,-1
17,3,756.0,404.0,256.0,567.0,1,-1,-1,-1
18,3,754.0,411.0,250.0,564.0,1,-1,-1,-1
19,3,754.0,420.0,247.0,555.0,1,-1,-1,-1
20,3,753.0,424.0,243.0,551.0,1,-1,-1,-1
21,3,751.0,428.0,250.0,547.0,1,-1,-1,-1
22,3,747.0,429.0,246.0,544.0,1,-1,-1,-1
23,3,748.0,426.0,244.0,549.0,1,-1,-1,-1
24,3,750.0,422.0,243.0,550.0,1,-1,-1,-1
25,3,748.0,419.0,254.0,552.0,1,-1,-1,-1
26,3,749.0,409.0,247.0,562.0,1,-1,-1,-1
27,3,748.0,401.0,252.0,569.0,1,-1,-1,-1
28,3,749.0,392.0,252.0,576.0,1,-1,-1,-1
29,3,749.0,386.0,249.0,579.0,1,-1,-1,-1
30,3,748.0,379.0,252.0,585.0,1,-1,-1,-1
31,3,752.0,371.0,249.0,587.0,1,-1,-1,-1
32,3,755.0,366.0,238.0,593.0,1,-1,-1,-1
33,3,757.0,358.0,251.0,604.0,1,-1,-1,-1
34,3,756.0,351.0,257.0,614.0,1,-1,-1,-1
35,3,752.0,346.0,263.0,619.0,1,-1,-1,-1
36,3,753.0,342.0,246.0,624.0,1,-1,-1,-1
37,3,752.0,345.0,245.0,625.0,1,-1,-1,-1
38,3,752.0,347.0,244.0,617.0,1,-1,-1,-1
39,3,745.0,350.0,237.0,616.0,1,-1,-1,-1
40,3,745.0,348.0,240.0,616.0,1,-1,-1,-1
41,3,751.0,353.0,262.0,611.0,1,-1,-1,-1
42,3,748.0,357.0,277.0,606.0,1,-1,-1,-1
43,3,746.0,361.0,270.0,606.0,1,-1,-1,-1
44,3,743.0,369.0,257.0,602.0,1,-1,-1,-1
45,3,739.0,380.0,283.0,583.0,1,-1,-1,-1
46,3,739.0,385.0,276.0,582.0,1,-1,-1,-1
47,3,738.0,394.0,259.0,570.0,1,-1,-1,-1
48,3,737.0,408.0,293.0,550.0,1,-1,-1,-1
49,3,734.0,415.0,295.0,546.0,1,-1,-1,-1
50,3,732.0,421.0,280.0,539.0,1,-1,-1,-1
51,3,728.0,429.0,299.0,529.0,1,-1,-1,-1
52,3,731.0,433.0,302.0,524.0,1,-1,-1,-1
53,3,734.0,434.0,298.0,524.0,1,-1,-1,-1
54,3,732.0,435.0,302.0,527.0,1,-1,-1,-1
55,3,736.0,431.0,291.0,533.0,1,-1,-1,-1
56,3,741.0,428.0,284.0,534.0,1,-1,-1,-1
57,3,743.0,419.0,291.0,541.0,1,-1,-1,-1
58,3,742.0,412.0,295.0,550.0,1,-1,-1,-1
59,3,744.0,405.0,296.0,555.0,1,-1,-1,-1
60,3,744.0,400.0,291.0,561.0,1,-1,-1,-1
61,3,745.0,392.0,290.0,568.0,1,-1,-1,-1
62,3,747.0,377.0,288.0,584.0,1,-1,-1,-1
63,3,744.0,369.0,289.0,586.0,1,-1,-1,-1
64,3,746.0,355.0,289.0,594.0,1,-1,-1,-1
65,3,753.0,350.0,285.0,597.0,1,-1,-1,-1
66,3,752.0,349.0,284.0,594.0,1,-1,-1,-1
67,3,756.0,343.0,282.0,602.0,1,-1,-1,-1
68,3,755.0,342.0,286.0,602.0,1,-1,-1,-1
69,3,756.0,345.0,287.0,594.0,1,-1,-1,-1
70,3,756.0,340.0,287.0,603.0,1,-1,-1,-1
71,3,753.0,344.0,287.0,598.0,1,-1,-1,-1
72,3,749.0,360.0,294.0,580.0,1,-1,-1,-1
73,3,754.0,361.0,290.0,578.0,1,-1,-1,-1
74,3,753.0,362.0,293.0,580.0,1,-1,-1,-1
75,3,759.0,363.0,290.0,577.0,1,-1,-1,-1
76,3,765.0,369.0,284.0,574.0,1,-1,-1,-1
77,3,772.0,371.0,281.0,580.0,1,-1,-1,-1
78,3,776.0,384.0,284.0,558.0,1,-1,-1,-1
79,3,783.0,394.0,262.0,537.0,1,-1,-1,-1
80,3,799.0,395.0,257.0,531.0,1,-1,-1,-1
81,3,807.0,403.0,249.0,521.0,1,-1,-1,-1
82,3,818.0,415.0,234.0,508.0,1,-1,-1,-1
83,3,830.0,422.0,221.0,489.0,1,-1,-1,-1
84,3,838.0,431.0,211.0,471.0,1,-1,-1,-1
85,3,844.0,437.0,206.0,463.0,1,-1,-1,-1
86,3,846.0,435.0,211.0,467.0,1,-1,-1,-1
87,3,850.0,430.0,207.0,473.0,1,-1,-1,-1
88,3,844.0,429.0,205.0,471.0,1,-1,-1,-1
89,3,843.0,423.0,201.0,476.0,1,-1,-1,-1
90,3,844.0,421.0,203.0,480.0,1,-1,-1,-1
91,3,846.0,412.0,200.0,486.0,1,-1,-1,-1
92,3,848.0,405.0,201.0,501.0,1,-1,-1,-1
93,3,852.0,400.0,200.0,506.0,1,-1,-1,-1
94,3,855.0,391.0,211.0,519.0,1,-1,-1,-1
95,3,862.0,388.0,198.0,520.0,1,-1,-1,-1
96,3,862.0,379.0,203.0,530.0,1,-1,-1,-1
97,3,870.0,371.0,192.0,533.0,1,-1,-1,-1
98,3,881.0,367.0,187.0,536.0,1,-1,-1,-1
99,3,881.0,365.0,193.0,541.0,1,-1,-1,-1
100,3,880.0,361.0,191.0,545.0,1,-1,-1,-1
101,3,885.0,361.0,180.0,544.0,1,-1,-1,-1
102,3,883.0,358.0,182.0,543.0,1,-1,-1,-1
103,3,879.0,356.0,185.0,544.0,1,-1,-1,-1
104,3,876.0,357.0,186.0,543.0,1,-1,-1,-1
105,3,873.0,358.0,189.0,544.0,1,-1,-1,-1
106,3,883.0,355.0,177.0,544.0,1,-1,-1,-1
107,3,881.0,355.0,177.0,548.0,1,-1,-1,-1
108,3,888.0,355.0,164.0,551.0,1,-1,-1,-1
109,3,877.0,357.0,175.0,549.0,1,-1,-1,-1
110,3,874.0,368.0,174.0,538.0,1,-1,-1,-1
111,3,874.0,374.0,173.0,525.0,1,-1,-1,-1
112,3,861.0,381.0,179.0,523.0,1,-1,-1,-1
113,3,863.0,389.0,182.0,514.0,1,-1,-1,-1
114,3,863.0,397.0,187.0,506.0,1,-1,-1,-1
115,3,863.0,409.0,190.0,494.0,1,-1,-1,-1
116,3,863.0,420.0,195.0,483.0,1,-1,-1,-1
117,3,858.0,427.0,204.0,481.0,1,-1,-1,-1
118,3,852.0,435.0,214.0,472.0,1,-1,-1,-1
119,3,853.0,436.0,210.0,471.0,1,-1,-1,-1
120,3,849.0,436.0,214.0,472.0,1,-1,-1,-1
121,3,846.0,433.0,208.0,480.0,1,-1,-1,-1
122,3,848.0,430.0,212.0,483.0,1,-1,-1,-1
123,3,842.0,423.0,214.0,492.0,1,-1,-1,-1
124,3,839.0,417.0,215.0,497.0,1,-1,-1,-1
125,3,839.0,411.0,214.0,505.0,1,-1,-1,-1
126,3,832.0,403.0,219.0,516.0,1,-1,-1,-1
127,3,823.0,392.0,229.0,528.0,1,-1,-1,-1
128,3,817.0,389.0,228.0,528.0,1,-1,-1,-1
129,3,812.0,381.0,229.0,536.0,1,-1,-1,-1
130,3,809.0,378.0,233.0,541.0,1,-1,-1,-1
131,3,803.0,368.0,232.0,556.0,1,-1,-1,-1
132,3,801.0,362.0,227.0,570.0,1,-1,-1,-1
133,3,792.0,357.0,234.0,584.0,1,-1,-1,-1
134,3,788.0,352.0,239.0,593.0,1,-1,-1,-1
135,3,777.0,361.0,247.0,586.0,1,-1,-1,-1
136,3,785.0,346.0,239.0,595.0,1,-1,-1,-1
137,3,778.0,344.0,242.0,596.0,1,-1,-1,-1
138,3,774.0,354.0,250.0,591.0,1,-1,-1,-1
139,3,778.0,345.0,240.0,590.0,1,-1,-1,-1
140,3,774.0,344.0,245.0,595.0,1,-1,-1,-1
141,3,769.0,352.0,257.0,589.0,1,-1,-1,-1
142,3,762.0,355.0,273.0,583.0,1,-1,-1,-1
143,3,758.0,360.0,275.0,579.0,1,-1,-1,-1
144,3,751.0,368.0,279.0,576.0,1,-1,-1,-1
145,3,743.0,376.0,281.0,572.0,1,-1,-1,-1
146,3,739.0,389.0,277.0,562.0,1,-1,-1,-1
147,3,737.0,390.0,263.0,561.0,1,-1,-1,-1
148,3,736.0,400.0,240.0,550.0,1,-1,-1,-1
149,3,734.0,405.0,232.0,543.0,1,-1,-1,-1
150,3,733.0,413.0,252.0,537.0,1,-1,-1,-1
151,3,729.0,417.0,257.0,532.0,1,-1,-1,-1
152,3,726.0,421.0,240.0,527.0,1,-1,-1,-1
153,3,723.0,420.0,253.0,528.0,1,-1,-1,-1
154,3,721.0,413.0,235.0,537.0,1,-1,-1,-1
155,3,718.0,411.0,229.0,541.0,1,-1,-1,-1
156,3,708.0,403.0,236.0,552.0,1,-1,-1,-1
157,3,690.0,397.0,246.0,561.0,1,-1,-1,-1
158,3,674.0,388.0,278.0,567.0,1,-1,-1,-1
159,3,659.0,389.0,281.0,566.0,1,-1,-1,-1
160,3,641.0,385.0,293.0,571.0,1,-1,-1,-1
161,3,627.0,371.0,309.0,585.0,1,-1,-1,-1
162,3,615.0,359.0,319.0,596.0,1,-1,-1,-1
163,3,599.0,358.0,340.0,599.0,1,-1,-1,-1
164,3,582.0,362.0,350.0,599.0,1,-1,-1,-1
165,3,571.0,346.0,379.0,634.0,1,-1,-1,-1
166,3,562.0,342.0,381.0,645.0,1,-1,-1,-1
167,3,553.0,339.0,369.0,653.0,1,-1,-1,-1
168,3,543.0,333.0,371.0,657.0,1,-1,-1,-1
169,3,547.0,337.0,365.0,652.0,1,-1,-1,-1
170,3,545.0,336.0,349.0,656.0,1,-1,-1,-1
171,3,532.0,335.0,367.0,651.0,1,-1,-1,-1
172,3,528.0,334.0,365.0,654.0,1,-1,-1,-1
173,3,526.0,334.0,353.0,654.0,1,-1,-1,-1
174,3,535.0,334.0,334.0,656.0,1,-1,-1,-1
175,3,537.0,336.0,324.0,653.0,1,-1,-1,-1
176,3,541.0,346.0,318.0,643.0,1,-1,-1,-1
177,3,550.0,356.0,305.0,627.0,1,-1,-1,-1
178,3,550.0,361.0,310.0,627.0,1,-1,-1,-1
179,3,552.0,374.0,294.0,611.0,1,-1,-1,-1
180,3,555.0,371.0,287.0,613.0,1,-1,-1,-1
181,3,550.0,377.0,288.0,612.0,1,-1,-1,-1
182,3,556.0,392.0,282.0,591.0,1,-1,-1,-1
183,3,552.0,392.0,280.0,591.0,1,-1,-1,-1
184,3,549.0,388.0,281.0,595.0,1,-1,-1,-1
185,3,541.0,397.0,289.0,586.0,1,-1,-1,-1
186,3,532.0,385.0,297.0,602.0,1,-1,-1,-1
187,3,534.0,389.0,287.0,593.0,1,-1,-1,-1
188,3,531.0,382.0,276.0,604.0,1,-1,-1,-1
189,3,536.0,378.0,269.0,608.0,1,-1,-1,-1
190,3,538.0,369.0,264.0,617.0,1,-1,-1,-1
191,3,536.0,360.0,255.0,624.0,1,-1,-1,-1
192,3,527.0,347.0,278.0,644.0,1,-1,-1,-1
193,3,514.0,332.0,289.0,661.0,1,-1,-1,-1
194,3,499.0,325.0,304.0,665.0,1,-1,-1,-1
195,3,486.0,322.0,326.0,667.0,1,-1,-1,-1
196,3,479.0,313.0,338.0,680.0,1,-1,-1,-1
197,3,469.0,303.0,353.0,696.0,1,-1,-1,-1
198,3,459.0,303.0,362.0,700.0,1,-1,-1,-1
199,3,442.0,305.0,378.0,694.0,1,-1,-1,-1
200,3,428.0,306.0,391.0,700.0,1,-1,-1,-1
201,3,403.0,307.0,411.0,708.0,1,-1,-1,-1
202,3,392.0,307.0,426.0,713.0,1,-1,-1,-1
203,3,388.0,307.0,433.0,718.0,1,-1,-1,-1
204,3,385.0,312.0,440.0,716.0,1,-1,-1,-1
205,3,375.0,320.0,446.0,705.0,1,-1,-1,-1
206,3,378.0,322.0,449.0,705.0,1,-1,-1,-1
207,3,384.0,326.0,440.0,702.0,1,-1,-1,-1
208,3,382.0,320.0,441.0,704.0,1,-1,-1,-1
209,3,392.0,324.0,406.0,699.0,1,-1,-1,-1
210,3,392.0,336.0,398.0,691.0,1,-1,-1,-1
211,3,384.0,353.0,390.0,673.0,1,-1,-1,-1
212,3,377.0,360.0,381.0,672.0,1,-1,-1,-1
213,3,372.0,368.0,377.0,665.0,1,-1,-1,-1
214,3,374.0,386.0,357.0,649.0,1,-1,-1,-1
215,3,373.0,399.0,345.0,639.0,1,-1,-1,-1
216,3,375.0,409.0,340.0,629.0,1,-1,-1,-1
217,3,374.0,409.0,332.0,630.0,1,-1,-1,-1
218,3,375.0,409.0,325.0,631.0,1,-1,-1,-1
219,3,375.0,405.0,329.0,622.0,1,-1,-1,-1
220,3,377.0,398.0,321.0,642.0,1,-1,-1,-1
221,3,376.0,388.0,319.0,647.0,1,-1,-1,-1
222,3,380.0,386.0,319.0,639.0,1,-1,-1,-1
223,3,377.0,377.0,321.0,645.0,1,-1,-1,-1
224,3,381.0,369.0,313.0,655.0,1,-1,-1,-1
225,3,384.0,354.0,294.0,681.0,1,-1,-1,-1
226,3,389.0,344.0,286.0,688.0,1,-1,-1,-1
227,3,399.0,340.0,276.0,693.0,1,-1,-1,-1
228,3,408.0,336.0,262.0,691.0,1,-1,-1,-1
229,3,415.0,333.0,252.0,695.0,1,-1,-1,-1
230,3,419.0,325.0,250.0,696.0,1,-1,-1,-1
231,3,427.0,317.0,243.0,703.0,1,-1,-1,-1
232,3,417.0,316.0,261.0,706.0,1,-1,-1,-1
233,3,418.0,316.0,264.0,705.0,1,-1,-1,-1
234,3,421.0,322.0,261.0,697.0,1,-1,-1,-1
235,3,424.0,319.0,258.0,700.0,1,-1,-1,-1
236,3,424.0,324.0,259.0,698.0,1,-1,-1,-1
237,3,424.0,326.0,258.0,698.0,1,-1,-1,-1
238,3,426.0,329.0,252.0,696.0,1,-1,-1,-1
239,3,425.0,329.0,251.0,695.0,1,-1,-1,-1
240,3,425.0,335.0,258.0,686.0,1,-1,-1,-1
241,3,426.0,346.0,261.0,669.0,1,-1,-1,-1
242,3,425.0,359.0,267.0,654.0,1,-1,-1,-1
243,3,427.0,372.0,268.0,654.0,1,-1,-1,-1
244,3,427.0,378.0,274.0,644.0,1,-1,-1,-1
245,3,431.0,386.0,277.0,634.0,1,-1,-1,-1
246,3,433.0,393.0,276.0,626.0,1,-1,-1,-1
247,3,421.0,385.0,291.0,636.0,1,-1,-1,-1
248,3,416.0,380.0,299.0,639.0,1,-1,-1,-1
249,3,408.0,377.0,312.0,639.0,1,-1,-1,-1
250,3,400.0,387.0,323.0,641.0,1,-1,-1,-1
251,3,407.0,382.0,324.0,650.0,1,-1,-1,-1
252,3,421.0,376.0,314.0,653.0,1,-1,-1,-1
253,3,423.0,367.0,315.0,662.0,1,-1,-1,-1
254,3,424.0,355.0,326.0,672.0,1,-1,-1,-1
255,3,423.0,354.0,351.0,668.0,1,-1,-1,-1
256,3,431.0,337.0,350.0,687.0,1,-1,-1,-1
257,3,440.0,333.0,349.0,694.0,1,-1,-1,-1
258,3,449.0,318.0,357.0,713.0,1,-1,-1,-1
259,3,454.0,309.0,356.0,716.0,1,-1,-1,-1
260,3,461.0,307.0,368.0,710.0,1,-1,-1,-1
261,3,470.0,307.0,357.0,707.0,1,-1,-1,-1
262,3,478.0,306.0,347.0,700.0,1,-1,-1,-1
263,3,486.0,305.0,352.0,703.0,1,-1,-1,-1
264,3,491.0,310.0,353.0,695.0,1,-1,-1,-1
265,3,501.0,307.0,353.0,701.0,1,-1,-1,-1
266,3,508.0,312.0,360.0,693.0,1,-1,-1,-1
267,3,520.0,313.0,356.0,686.0,1,-1,-1,-1
268,3,520.0,316.0,365.0,680.0,1,-1,-1,-1
269,3,522.0,326.0,365.0,668.0,1,-1,-1,-1
270,3,526.0,334.0,366.0,663.0,1,-1,-1,-1
271,3,528.0,346.0,378.0,651.0,1,-1,-1,-1
272,3,531.0,352.0,384.0,648.0,1,-1,-1,-1
273,3,533.0,356.0,386.0,645.0,1,-1,-1,-1
274,3,532.0,355.0,393.0,635.0,1,-1,-1,-1
275,3,534.0,371.0,403.0,612.0,1,-1,-1,-1
276,3,536.0,374.0,384.0,592.0,1,-1,-1,-1
277,3,537.0,384.0,387.0,581.0,1,-1,-1,-1
278,3,537.0,392.0,389.0,566.0,1,-1,-1,-1
279,3,536.0,400.0,383.0,556.0,1,-1,-1,-1
280,3,539.0,408.0,389.0,548.0,1,-1,-1,-1
281,3,542.0,407.0,383.0,548.0,1,-1,-1,-1
282,3,545.0,408.0,384.0,548.0,1,-1,-1,-1
283,3,554.0,404.0,385.0,550.0,1,-1,-1,-1
284,3,562.0,401.0,382.0,553.0,1,-1,-1,-1
285,3,576.0,391.0,378.0,563.0,1,-1,-1,-1
286,3,586.0,392.0,369.0,564.0,1,-1,-1,-1
287,3,595.0,380.0,371.0,577.0,1,-1,-1,-1
288,3,604.0,382.0,363.0,575.0,1,-1,-1,-1
289,3,605.0,375.0,361.0,580.0,1,-1,-1,-1
290,3,607.0,365.0,360.0,592.0,1,-1,-1,-1
291,3,613.0,353.0,348.0,607.0,1,-1,-1,-1
292,3,607.0,345.0,357.0,607.0,1,-1,-1,-1
293,3,606.0,354.0,317.0,587.0,1,-1,-1,-1
294,3,602.0,350.0,351.0,593.0,1,-1,-1,-1
295,3,595.0,350.0,322.0,596.0,1,-1,-1,-1
296,3,586.0,353.0,349.0,595.0,1,-1,-1,-1
297,3,579.0,354.0,345.0,598.0,1,-1,-1,-1
298,3,569.0,337.0,382.0,631.0,1,-1,-1,-1
299,3,562.0,336.0,410.0,631.0,1,-1,-1,-1
300,3,559.0,338.0,407.0,629.0,1,-1,-1,-1
301,3,563.0,342.0,403.0,624.0,1,-1,-1,-1
302,3,567.0,347.0,402.0,617.0,1,-1,-1,-1
303,3,575.0,350.0,396.0,614.0,1,-1,-1,-1
304,3,587.0,355.0,372.0,611.0,1,-1,-1,-1
305,3,587.0,372.0,347.0,578.0,1,-1,-1,-1
306,3,597.0,377.0,340.0,573.0,1,-1,-1,-1
307,3,617.0,387.0,319.0,561.0,1,-1,-1,-1
308,3,631.0,400.0,290.0,545.0,1,-1,-1,-1
309,3,637.0,405.0,281.0,539.0,1,-1,-1,-1
310,3,639.0,416.0,284.0,527.0,1,-1,-1,-1
311,3,650.0,424.0,267.0,517.0,1,-1,-1,-1
312,3,653.0,427.0,265.0,513.0,1,-1,-1,-1
313,3,653.0,429.0,275.0,510.0,1,-1,-1,-1
314,3,655.0,433.0,271.0,505.0,1,-1,-1,-1
315,3,654.0,431.0,267.0,511.0,1,-1,-1,-1
316,3,649.0,426.0,268.0,516.0,1,-1,-1,-1
317,3,644.0,419.0,273.0,524.0,1,-1,-1,-1
318,3,639.0,411.0,289.0,533.0,1,-1,-1,-1
319,3,631.0,400.0,307.0,541.0,1,-1,-1,-1
320,3,626.0,393.0,313.0,549.0,1,-1,-1,-1
321,3,619.0,390.0,310.0,546.0,1,-1,-1,-1
322,3,611.0,382.0,310.0,554.0,1,-1,-1,-1
323,3,600.0,371.0,315.0,566.0,1,-1,-1,-1
324,3,590.0,361.0,320.0,579.0,1,-1,-1,-1
325,3,579.0,350.0,318.0,587.0,1,-1,-1,-1
326,3,563.0,332.0,323.0,611.0,1,-1,-1,-1
327,3,552.0,332.0,330.0,615.0,1,-1,-1,-1
328,3,538.0,333.0,332.0,628.0,1,-1,-1,-1
329,3,530.0,329.0,328.0,644.0,1,-1,-1,-1
330,3,525.0,328.0,327.0,653.0,1,-1,-1,-1
331,3,508.0,325.0,341.0,657.0,1,-1,-1,-1
332,3,506.0,326.0,340.0,652.0,1,-1,-1,-1
333,3,502.0,329.0,342.0,648.0,1,-1,-1,-1
334,3,498.0,329.0,343.0,643.0,1,-1,-1,-1
335,3,493.0,331.0,343.0,640.0,1,-1,-1,-1
336,3,494.0,331.0,330.0,659.0,1,-1,-1,-1
337,3,487.0,331.0,343.0,662.0,1,-1,-1,-1
338,3,480.0,330.0,351.0,660.0,1,-1,-1,-1
339,3,477.0,333.0,350.0,653.0,1,-1,-1,-1
340,3,477.0,344.0,343.0,644.0,1,-1,-1,-1
341,3,473.0,355.0,343.0,631.0,1,-1,-1,-1
342,3,469.0,362.0,342.0,622.0,1,-1,-1,-1
343,3,469.0,368.0,341.0,613.0,1,-1,-1,-1
344,3,479.0,383.0,325.0,587.0,1,-1,-1,-1
345,3,472.0,391.0,331.0,586.0,1,-1,-1,-1
346,3,469.0,405.0,325.0,579.0,1,-1,-1,-1
347,3,471.0,402.0,339.0,593.0,1,-1,-1,-1
348,3,470.0,408.0,320.0,583.0,1,-1,-1,-1
349,3,470.0,408.0,328.0,589.0,1,-1,-1,-1
350,3,471.0,409.0,293.0,584.0,1,-1,-1,-1
351,3,471.0,401.0,317.0,597.0,1,-1,-1,-1
352,3,470.0,386.0,318.0,610.0,1,-1,-1,-1
353,3,486.0,384.0,289.0,606.0,1,-1,-1,-1
354,3,548.0,395.0,235.0,565.0,1,-1,-1,-1
355,3,556.0,385.0,212.0,564.0,1,-1,-1,-1
356,3,501.0,366.0,243.0,590.0,1,-1,-1,-1
357,3,489.0,356.0,274.0,615.0,1,-1,-1,-1
358,3,490.0,359.0,291.0,614.0,1,-1,-1,-1
359,3,473.0,324.0,208.0,646.0,1,-1,-1,-1
361,3,470.0,306.0,212.0,624.0,1,-1,-1,-1
363,3,520.0,337.0,238.0,599.0,1,-1,-1,-1
365,3,460.0,321.0,180.0,645.0,1,-1,-1,-1
367,3,451.0,324.0,181.0,640.0,1,-1,-1,-1
369,3,441.0,335.0,197.0,636.0,1,-1,-1,-1
371,3,423.0,358.0,229.0,618.0,1,-1,-1,-1
372,3,417.0,364.0,219.0,612.0,1,-1,-1,-1
373,3,407.0,374.0,233.0,599.0,1,-1,-1,-1
374,3,411.0,383.0,241.0,582.0,1,-1,-1,-1
375,3,403.0,398.0,267.0,572.0,1,-1,-1,-1
376,3,400.0,410.0,268.0,568.0,1,-1,-1,-1
377,3,407.0,416.0,239.0,570.0,1,-1,-1,-1
378,3,405.0,415.0,241.0,578.0,1,-1,-1,-1
379,3,406.0,415.0,234.0,579.0,1,-1,-1,-1
380,3,406.0,415.0,251.0,582.0,1,-1,-1,-1
381,3,408.0,414.0,281.0,580.0,1,-1,-1,-1
382,3,409.0,412.0,329.0,582.0,1,-1,-1,-1
383,3,412.0,402.0,320.0,591.0,1,-1,-1,-1
384,3,411.0,397.0,340.0,597.0,1,-1,-1,-1
385,3,411.0,385.0,329.0,609.0,1,-1,-1,-1
386,3,416.0,380.0,358.0,606.0,1,-1,-1,-1
387,3,426.0,358.0,345.0,630.0,1,-1,-1,-1
388,3,428.0,349.0,325.0,639.0,1,-1,-1,-1
389,3,429.0,346.0,366.0,641.0,1,-1,-1,-1
390,3,428.0,329.0,387.0,647.0,1,-1,-1,-1
391,3,432.0,335.0,346.0,650.0,1,-1,-1,-1
392,3,431.0,339.0,388.0,643.0,1,-1,-1,-1
393,3,428.0,329.0,391.0,652.0,1,-1,-1,-1
394,3,437.0,337.0,401.0,645.0,1,-1,-1,-1
395,3,437.0,342.0,396.0,639.0,1,-1,-1,-1
396,3,437.0,345.0,405.0,633.0,1,-1,-1,-1
397,3,435.0,345.0,383.0,631.0,1,-1,-1,-1
398,3,440.0,345.0,404.0,632.0,1,-1,-1,-1
399,3,435.0,339.0,444.0,639.0,1,-1,-1,-1
400,3,444.0,339.0,432.0,636.0,1,-1,-1,-1
401,3,449.0,349.0,447.0,622.0,1,-1,-1,-1
402,3,455.0,354.0,452.0,614.0,1,-1,-1,-1
403,3,464.0,365.0,446.0,601.0,1,-1,-1,-1
404,3,476.0,375.0,385.0,577.0,1,-1,-1,-1
405,3,491.0,389.0,300.0,565.0,1,-1,-1,-1
406,3,498.0,398.0,283.0,553.0,1,-1,-1,-1
407,3,512.0,402.0,273.0,547.0,1,-1,-1,-1
408,3,532.0,409.0,255.0,537.0,1,-1,-1,-1
409,3,542.0,414.0,262.0,534.0,1,-1,-1,-1
410,3,560.0,415.0,250.0,535.0,1,-1,-1,-1
411,3,578.0,411.0,227.0,536.0,1,-1,-1,-1
412,3,594.0,408.0,208.0,536.0,1,-1,-1,-1
413,3,609.0,401.0,207.0,543.0,1,-1,-1,-1
414,3,631.0,392.0,187.0,561.0,1,-1,-1,-1
415,3,643.0,386.0,174.0,564.0,1,-1,-1,-1
416,3,646.0,374.0,158.0,578.0,1,-1,-1,-1
417,3,650.0,370.0,161.0,585.0,1,-1,-1,-1
418,3,652.0,358.0,154.0,598.0,1,-1,-1,-1
419,3,660.0,349.0,164.0,616.0,1,-1,-1,-1
420,3,689.0,360.0,286.0,606.0,1,-1,-1,-1
421,3,690.0,351.0,286.0,614.0,1,-1,-1,-1
422,3,676.0,344.0,305.0,607.0,1,-1,-1,-1
423,3,681.0,339.0,297.0,610.0,1,-1,-1,-1
424,3,688.0,339.0,260.0,606.0,1,-1,-1,-1
425,3,692.0,339.0,237.0,600.0,1,-1,-1,-1
426,3,699.0,342.0,232.0,599.0,1,-1,-1,-1
427,3,706.0,347.0,227.0,596.0,1,-1,-1,-1
428,3,712.0,349.0,226.0,600.0,1,-1,-1,-1
429,3,718.0,351.0,232.0,599.0,1,-1,-1,-1
430,3,718.0,354.0,234.0,600.0,1,-1,-1,-1
431,3,722.0,364.0,242.0,588.0,1,-1,-1,-1
432,3,728.0,370.0,243.0,578.0,1,-1,-1,-1
433,3,731.0,374.0,248.0,573.0,1,-1,-1,-1
434,3,732.0,381.0,253.0,561.0,1,-1,-1,-1
435,3,740.0,388.0,246.0,553.0,1,-1,-1,-1
436,3,740.0,393.0,251.0,533.0,1,-1,-1,-1
437,3,745.0,408.0,246.0,516.0,1,-1,-1,-1
438,3,751.0,416.0,244.0,508.0,1,-1,-1,-1
439,3,755.0,425.0,243.0,499.0,1,-1,-1,-1
440,3,760.0,432.0,231.0,481.0,1,-1,-1,-1
441,3,769.0,437.0,189.0,478.0,1,-1,-1,-1
442,3,773.0,436.0,175.0,479.0,1,-1,-1,-1
443,3,771.0,433.0,173.0,481.0,1,-1,-1,-1
444,3,774.0,430.0,177.0,484.0,1,-1,-1,-1
445,3,776.0,425.0,183.0,485.0,1,-1,-1,-1
446,3,777.0,417.0,184.0,491.0,1,-1,-1,-1
447,3,774.0,409.0,192.0,500.0,1,-1,-1,-1
448,3,774.0,403.0,195.0,513.0,1,-1,-1,-1
449,3,779.0,394.0,194.0,520.0,1,-1,-1,-1
450,3,786.0,392.0,183.0,520.0,1,-1,-1,-1
451,3,790.0,386.0,183.0,525.0,1,-1,-1,-1
452,3,797.0,372.0,192.0,536.0,1,-1,-1,-1
453,3,799.0,367.0,193.0,536.0,1,-1,-1,-1
454,3,796.0,362.0,196.0,537.0,1,-1,-1,-1
455,3,796.0,357.0,193.0,544.0,1,-1,-1,-1
456,3,799.0,354.0,192.0,557.0,1,-1,-1,-1
457,3,801.0,352.0,186.0,554.0,1,-1,-1,-1
458,3,811.0,351.0,176.0,552.0,1,-1,-1,-1
459,3,805.0,351.0,185.0,554.0,1,-1,-1,-1
460,3,809.0,357.0,183.0,544.0,1,-1,-1,-1
461,3,810.0,359.0,182.0,543.0,1,-1,-1,-1
462,3,811.0,364.0,183.0,537.0,1,-1,-1,-1
463,3,812.0,365.0,181.0,535.0,1,-1,-1,-1
464,3,812.0,372.0,184.0,530.0,1,-1,-1,-1
465,3,812.0,376.0,189.0,527.0,1,-1,-1,-1
466,3,810.0,381.0,197.0,525.0,1,-1,-1,-1
467,3,809.0,385.0,202.0,520.0,1,-1,-1,-1
468,3,806.0,391.0,209.0,512.0,1,-1,-1,-1
469,3,806.0,402.0,213.0,494.0,1,-1,-1,-1
470,3,804.0,411.0,220.0,482.0,1,-1,-1,-1
471,3,797.0,421.0,228.0,474.0,1,-1,-1,-1
472,3,794.0,433.0,233.0,459.0,1,-1,-1,-1
473,3,790.0,439.0,241.0,454.0,1,-1,-1,-1
474,3,793.0,441.0,241.0,451.0,1,-1,-1,-1
475,3,795.0,442.0,240.0,449.0,1,-1,-1,-1
476,3,799.0,439.0,239.0,454.0,1,-1,-1,-1
477,3,805.0,435.0,236.0,459.0,1,-1,-1,-1
478,3,810.0,428.0,237.0,467.0,1,-1,-1,-1
479,3,817.0,423.0,230.0,471.0,1,-1,-1,-1
480,3,824.0,410.0,225.0,482.0,1,-1,-1,-1
481,3,834.0,404.0,222.0,486.0,1,-1,-1,-1
482,3,845.0,394.0,212.0,496.0,1,-1,-1,-1
483,3,852.0,388.0,200.0,502.0,1,-1,-1,-1
484,3,858.0,383.0,199.0,509.0,1,-1,-1,-1
485,3,860.0,376.0,196.0,519.0,1,-1,-1,-1
486,3,863.0,366.0,198.0,524.0,1,-1,-1,-1
487,3,864.0,360.0,202.0,532.0,1,-1,-1,-1
488,3,865.0,358.0,203.0,534.0,1,-1,-1,-1
489,3,870.0,357.0,202.0,541.0,1,-1,-1,-1
490,3,871.0,354.0,204.0,547.0,1,-1,-1,-1
491,3,870.0,355.0,208.0,545.0,1,-1,-1,-1
492,3,869.0,358.0,214.0,539.0,1,-1,-1,-1
493,3,869.0,361.0,214.0,537.0,1,-1,-1,-1
494,3,869.0,362.0,217.0,536.0,1,-1,-1,-1
495,3,869.0,364.0,219.0,533.0,1,-1,-1,-1
496,3,871.0,365.0,209.0,534.0,1,-1,-1,-1
497,3,866.0,366.0,212.0,532.0,1,-1,-1,-1
498,3,870.0,369.0,207.0,527.0,1,-1,-1,-1
499,3,875.0,376.0,201.0,519.0,1,-1,-1,-1
500,3,878.0,379.0,197.0,518.0,1,-1,-1,-1
501,3,882.0,385.0,193.0,511.0,1,-1,-1,-1
502,3,880.0,392.0,200.0,499.0,1,-1,-1,-1
503,3,880.0,400.0,199.0,490.0,1,-1,-1,-1
504,3,880.0,415.0,200.0,476.0,1,-1,-1,-1
505,3,885.0,429.0,195.0,462.0,1,-1,-1,-1
506,3,888.0,434.0,192.0,455.0,1,-1,-1,-1
507,3,888.0,441.0,195.0,445.0,1,-1,-1,-1
508,3,889.0,451.0,199.0,437.0,1,-1,-1,-1
509,3,893.0,452.0,199.0,435.0,1,-1,-1,-1
510,3,890.0,457.0,207.0,431.0,1,-1,-1,-1
511,3,885.0,453.0,216.0,435.0,1,-1,-1,-1
512,3,882.0,449.0,224.0,441.0,1,-1,-1,-1
513,3,870.0,444.0,247.0,449.0,1,-1,-1,-1
514,3,871.0,438.0,255.0,457.0,1,-1,-1,-1
515,3,871.0,427.0,263.0,473.0,1,-1,-1,-1
516,3,871.0,418.0,271.0,496.0,1,-1,-1,-1
517,3,874.0,408.0,278.0,518.0,1,-1,-1,-1
518,3,876.0,396.0,289.0,541.0,1,-1,-1,-1
519,3,874.0,392.0,324.0,566.0,1,-1,-1,-1
520,3,873.0,387.0,353.0,591.0,1,-1,-1,-1
521,3,881.0,379.0,355.0,599.0,1,-1,-1,-1
522,3,886.0,378.0,357.0,606.0,1,-1,-1,-1
523,3,893.0,378.0,356.0,611.0,1,-1,-1,-1
524,3,889.0,380.0,362.0,601.0,1,-1,-1,-1
525,3,893.0,376.0,347.0,610.0,1,-1,-1,-1
526,3,909.0,374.0,347.0,623.0,1,-1,-1,-1
527,3,952.0,372.0,286.0,608.0,1,-1,-1,-1
528,3,958.0,349.0,279.0,632.0,1,-1,-1,-1
529,3,939.0,369.0,299.0,595.0,1,-1,-1,-1
530,3,961.0,350.0,287.0,636.0,1,-1,-1,-1
531,3,974.0,349.0,277.0,626.0,1,-1,-1,-1
532,3,981.0,341.0,278.0,639.0,1,-1,-1,-1
533,3,1003.0,338.0,264.0,642.0,1,-1,-1,-1
534,3,1001.0,335.0,275.0,646.0,1,-1,-1,-1
535,3,1013.0,336.0,275.0,648.0,1,-1,-1,-1
536,3,1016.0,325.0,278.0,653.0,1,-1,-1,-1
537,3,1028.0,335.0,276.0,647.0,1,-1,-1,-1
538,3,1033.0,336.0,275.0,644.0,1,-1,-1,-1
539,3,1052.0,332.0,261.0,654.0,1,-1,-1,-1
540,3,1065.0,335.0,253.0,656.0,1,-1,-1,-1
541,3,1074.0,330.0,255.0,659.0,1,-1,-1,-1
542,3,1076.0,329.0,256.0,659.0,1,-1,-1,-1
543,3,1106.0,330.0,222.0,663.0,1,-1,-1,-1
544,3,1116.0,331.0,224.0,655.0,1,-1,-1,-1
545,3,1135.0,328.0,217.0,652.0,1,-1,-1,-1
546,3,1157.0,325.0,206.0,659.0,1,-1,-1,-1
547,3,1175.0,325.0,208.0,673.0,1,-1,-1,-1
548,3,1177.0,320.0,232.0,680.0,1,-1,-1,-1
549,3,1183.0,311.0,252.0,681.0,1,-1,-1,-1
550,3,1195.0,327.0,258.0,644.0,1,-1,-1,-1
551,3,1202.0,321.0,259.0,680.0,1,-1,-1,-1
552,3,1206.0,317.0,262.0,681.0,1,-1,-1,-1
553,3,1210.0,322.0,258.0,686.0,1,-1,-1,-1
554,3,1216.0,332.0,254.0,680.0,1,-1,-1,-1
555,3,1224.0,337.0,243.0,696.0,1,-1,-1,-1
556,3,1229.0,348.0,249.0,693.0,1,-1,-1,-1
557,3,1235.0,360.0,243.0,682.0,1,-1,-1,-1
558,3,1243.0,359.0,236.0,681.0,1,-1,-1,-1
559,3,1247.0,359.0,236.0,680.0,1,-1,-1,-1
560,3,1250.0,349.0,239.0,691.0,1,-1,-1,-1
561,3,1250.0,344.0,241.0,699.0,1,-1,-1,-1
562,3,1249.0,346.0,245.0,698.0,1,-1,-1,-1
563,3,1250.0,348.0,261.0,691.0,1,-1,-1,-1
564,3,1239.0,349.0,286.0,688.0,1,-1,-1,-1
565,3,1226.0,349.0,305.0,681.0,1,-1,-1,-1
566,3,1214.0,325.0,344.0,701.0,1,-1,-1,-1
567,3,1204.0,316.0,369.0,702.0,1,-1,-1,-1
568,3,1202.0,307.0,362.0,693.0,1,-1,-1,-1
569,3,1200.0,294.0,362.0,710.0,1,-1,-1,-1
570,3,1205.0,286.0,352.0,735.0,1,-1,-1,-1
571,3,1199.0,273.0,357.0,770.0,1,-1,-1,-1
572,3,1202.0,263.0,363.0,789.0,1,-1,-1,-1
573,3,1192.0,254.0,374.0,799.0,1,-1,-1,-1
574,3,1176.0,238.0,389.0,810.0,1,-1,-1,-1
575,3,1168.0,232.0,401.0,816.0,1,-1,-1,-1
576,3,1169.0,233.0,409.0,815.0,1,-1,-1,-1
577,3,1173.0,245.0,411.0,804.0,1,-1,-1,-1
578,3,1183.0,249.0,400.0,800.0,1,-1,-1,-1
579,3,1196.0,257.0,390.0,790.0,1,-1,-1,-1
580,3,1205.0,282.0,385.0,764.0,1,-1,-1,-1
581,3,1230.0,298.0,359.0,751.0,1,-1,-1,-1
582,3,1239.0,312.0,358.0,733.0,1,-1,-1,-1
583,3,1236.0,319.0,355.0,713.0,1,-1,-1,-1
584,3,1249.0,321.0,352.0,710.0,1,-1,-1,-1
585,3,1266.0,328.0,336.0,701.0,1,-1,-1,-1
586,3,1301.0,348.0,305.0,670.0,1,-1,-1,-1
587,3,1324.0,350.0,294.0,670.0,1,-1,-1,-1
588,3,1316.0,357.0,298.0,667.0,1,-1,-1,-1
589,3,1300.0,361.0,314.0,661.0,1,-1,-1,-1
590,3,1289.0,362.0,337.0,659.0,1,-1,-1,-1
591,3,1287.0,366.0,332.0,653.0,1,-1,-1,-1
592,3,1297.0,373.0,322.0,643.0,1,-1,-1,-1
593,3,1300.0,371.0,330.0,647.0,1,-1,-1,-1
594,3,1292.0,373.0,358.0,648.0,1,-1,-1,-1
595,3,1286.0,374.0,372.0,652.0,1,-1,-1,-1
596,3,1292.0,362.0,384.0,666.0,1,-1,-1,-1
597,3,1291.0,348.0,400.0,679.0,1,-1,-1,-1
598,3,1291.0,349.0,408.0,672.0,1,-1,-1,-1
599,3,1302.0,347.0,405.0,671.0,1,-1,-1,-1
600,3,1327.0,352.0,397.0,667.0,1,-1,-1,-1
601,3,1361.0,348.0,374.0,679.0,1,-1,-1,-1
602,3,1374.0,335.0,372.0,691.0,1,-1,-1,-1
603,3,1375.0,335.0,376.0,693.0,1,-1,-1,-1
604,3,1373.0,334.0,389.0,692.0,1,-1,-1,-1
605,3,1373.0,333.0,385.0,691.0,1,-1,-1,-1
606,3,1380.0,341.0,369.0,689.0,1,-1,-1,-1
607,3,1382.0,346.0,354.0,674.0,1,-1,-1,-1
608,3,1379.0,348.0,361.0,683.0,1,-1,-1,-1
609,3,1379.0,343.0,348.0,691.0,1,-1,-1,-1
610,3,1377.0,345.0,341.0,689.0,1,-1,-1,-1
611,3,1376.0,337.0,319.0,695.0,1,-1,-1,-1
612,3,1383.0,331.0,280.0,699.0,1,-1,-1,-1
613,3,1382.0,326.0,268.0,701.0,1,-1,-1,-1
614,3,1381.0,328.0,256.0,698.0,1,-1,-1,-1
615,3,1376.0,328.0,244.0,691.0,1,-1,-1,-1
616,3,1372.0,328.0,247.0,692.0,1,-1,-1,-1
617,3,1369.0,325.0,252.0,694.0,1,-1,-1,-1
618,3,1370.0,327.0,256.0,700.0,1,-1,-1,-1
619,3,1348.0,328.0,292.0,701.0,1,-1,-1,-1
620,3,1308.0,325.0,350.0,709.0,1,-1,-1,-1
621,3,1296.0,330.0,374.0,701.0,1,-1,-1,-1
622,3,1288.0,337.0,413.0,697.0,1,-1,-1,-1
623,3,1275.0,352.0,438.0,683.0,1,-1,-1,-1
624,3,1267.0,360.0,457.0,678.0,1,-1,-1,-1
625,3,1263.0,365.0,458.0,670.0,1,-1,-1,-1
626,3,1268.0,366.0,447.0,669.0,1,-1,-1,-1
627,3,1268.0,374.0,443.0,660.0,1,-1,-1,-1
628,3,1271.0,376.0,433.0,659.0,1,-1,-1,-1
629,3,1276.0,380.0,423.0,654.0,1,-1,-1,-1
630,3,1284.0,379.0,414.0,660.0,1,-1,-1,-1
631,3,1286.0,375.0,415.0,672.0,1,-1,-1,-1
632,3,1290.0,373.0,387.0,674.0,1,-1,-1,-1
633,3,1289.0,373.0,381.0,664.0,1,-1,-1,-1
634,3,1290.0,366.0,373.0,661.0,1,-1,-1,-1
635,3,1293.0,372.0,364.0,657.0,1,-1,-1,-1
636,3,1299.0,375.0,345.0,666.0,1,-1,-1,-1
637,3,1299.0,377.0,350.0,664.0,1,-1,-1,-1
638,3,1300.0,377.0,352.0,661.0,1,-1,-1,-1
639,3,1300.0,386.0,340.0,655.0,1,-1,-1,-1
640,3,1293.0,389.0,328.0,653.0,1,-1,-1,-1
641,3,1286.0,395.0,332.0,646.0,1,-1,-1,-1
642,3,1285.0,401.0,332.0,648.0,1,-1,-1,-1
643,3,1286.0,417.0,324.0,632.0,1,-1,-1,-1
644,3,1264.0,406.0,348.0,639.0,1,-1,-1,-1
645,3,1254.0,400.0,357.0,645.0,1,-1,-1,-1
646,3,1246.0,400.0,362.0,643.0,1,-1,-1,-1
647,3,1233.0,396.0,372.0,647.0,1,-1,-1,-1
648,3,1216.0,389.0,383.0,655.0,1,-1,-1,-1
649,3,1190.0,385.0,408.0,664.0,1,-1,-1,-1
650,3,1179.0,364.0,408.0,687.0,1,-1,-1,-1
651,3,1172.0,339.0,403.0,707.0,1,-1,-1,-1
652,3,1151.0,315.0,418.0,721.0,1,-1,-1,-1
653,3,1130.0,285.0,423.0,742.0,1,-1,-1,-1
654,3,1101.0,277.0,431.0,748.0,1,-1,-1,-1
655,3,1047.0,256.0,445.0,779.0,1,-1,-1,-1
656,3,1034.0,245.0,441.0,785.0,1,-1,-1,-1
657,3,1029.0,227.0,425.0,794.0,1,-1,-1,-1
658,3,1030.0,229.0,405.0,767.0,1,-1,-1,-1
659,3,1045.0,229.0,358.0,779.0,1,-1,-1,-1
660,3,1053.0,235.0,322.0,767.0,1,-1,-1,-1
661,3,1056.0,248.0,302.0,755.0,1,-1,-1,-1
662,3,1061.0,263.0,278.0,736.0,1,-1,-1,-1
663,3,1050.0,266.0,275.0,724.0,1,-1,-1,-1
664,3,1048.0,281.0,264.0,708.0,1,-1,-1,-1
665,3,1018.0,333.0,275.0,644.0,1,-1,-1,-1
666,3,1008.0,355.0,284.0,628.0,1,-1,-1,-1
667,3,995.0,360.0,295.0,608.0,1,-1,-1,-1
668,3,984.0,375.0,304.0,593.0,1,-1,-1,-1
669,3,987.0,387.0,294.0,584.0,1,-1,-1,-1
670,3,979.0,382.0,292.0,583.0,1,-1,-1,-1
671,3,959.0,384.0,300.0,583.0,1,-1,-1,-1
672,3,957.0,381.0,294.0,583.0,1,-1,-1,-1
673,3,946.0,381.0,290.0,577.0,1,-1,-1,-1
674,3,965.0,385.0,240.0,562.0,1,-1,-1,-1
675,3,967.0,375.0,232.0,561.0,1,-1,-1,-1
676,3,934.0,355.0,267.0,586.0,1,-1,-1,-1
677,3,930.0,347.0,270.0,591.0,1,-1,-1,-1
678,3,924.0,341.0,270.0,595.0,1,-1,-1,-1
679,3,920.0,351.0,269.0,567.0,1,-1,-1,-1
680,3,930.0,351.0,251.0,564.0,1,-1,-1,-1
681,3,930.0,350.0,251.0,568.0,1,-1,-1,-1
682,3,923.0,352.0,254.0,560.0,1,-1,-1,-1
683,3,918.0,353.0,257.0,567.0,1,-1,-1,-1
684,3,915.0,354.0,257.0,569.0,1,-1,-1,-1
685,3,910.0,357.0,261.0,567.0,1,-1,-1,-1
686,3,907.0,365.0,260.0,560.0,1,-1,-1,-1
687,3,910.0,361.0,251.0,561.0,1,-1,-1,-1
688,3,913.0,369.0,245.0,553.0,1,-1,-1,-1
689,3,909.0,374.0,249.0,549.0,1,-1,-1,-1
690,3,907.0,379.0,257.0,543.0,1,-1,-1,-1
691,3,903.0,380.0,264.0,542.0,1,-1,-1,-1
692,3,908.0,382.0,262.0,537.0,1,-1,-1,-1
693,3,908.0,388.0,257.0,521.0,1,-1,-1,-1
694,3,907.0,391.0,239.0,523.0,1,-1,-1,-1
695,3,908.0,388.0,227.0,525.0,1,-1,-1,-1
696,3,909.0,386.0,209.0,530.0,1,-1,-1,-1
697,3,902.0,388.0,204.0,525.0,1,-1,-1,-1
698,3,898.0,388.0,204.0,520.0,1,-1,-1,-1
699,3,885.0,390.0,213.0,514.0,1,-1,-1,-1
700,3,882.0,399.0,207.0,503.0,1,-1,-1,-1
701,3,880.0,409.0,201.0,491.0,1,-1,-1,-1
702,3,873.0,416.0,210.0,481.0,1,-1,-1,-1
703,3,859.0,424.0,225.0,471.0,1,-1,-1,-1
704,3,849.0,423.0,234.0,474.0,1,-1,-1,-1
705,3,839.0,427.0,240.0,473.0,1,-1,-1,-1
706,3,836.0,427.0,248.0,474.0,1,-1,-1,-1
707,3,831.0,418.0,267.0,484.0,1,-1,-1,-1
708,3,823.0,416.0,299.0,485.0,1,-1,-1,-1
709,3,819.0,406.0,324.0,493.0,1,-1,-1,-1
710,3,813.0,395.0,336.0,505.0,1,-1,-1,-1
711,3,807.0,386.0,343.0,506.0,1,-1,-1,-1
712,3,805.0,377.0,347.0,513.0,1,-1,-1,-1
713,3,788.0,364.0,363.0,527.0,1,-1,-1,-1
714,3,784.0,359.0,347.0,534.0,1,-1,-1,-1
715,3,778.0,350.0,322.0,546.0,1,-1,-1,-1
716,3,769.0,344.0,316.0,560.0,1,-1,-1,-1
717,3,752.0,331.0,321.0,572.0,1,-1,-1,-1
718,3,762.0,320.0,320.0,582.0,1,-1,-1,-1
719,3,759.0,314.0,322.0,581.0,1,-1,-1,-1
720,3,731.0,321.0,361.0,572.0,1,-1,-1,-1
721,3,734.0,318.0,351.0,577.0,1,-1,-1,-1
722,3,740.0,319.0,331.0,575.0,1,-1,-1,-1
723,3,743.0,327.0,320.0,570.0,1,-1,-1,-1
724,3,749.0,334.0,303.0,571.0,1,-1,-1,-1
725,3,743.0,344.0,303.0,561.0,1,-1,-1,-1
726,3,737.0,357.0,305.0,548.0,1,-1,-1,-1
727,3,723.0,368.0,317.0,542.0,1,-1,-1,-1
728,3,719.0,383.0,317.0,519.0,1,-1,-1,-1
729,3,710.0,394.0,322.0,516.0,1,-1,-1,-1
730,3,710.0,396.0,320.0,510.0,1,-1,-1,-1
731,3,701.0,392.0,331.0,521.0,1,-1,-1,-1
732,3,698.0,392.0,339.0,522.0,1,-1,-1,-1
733,3,707.0,396.0,343.0,517.0,1,-1,-1,-1
734,3,712.0,400.0,365.0,509.0,1,-1,-1,-1
735,3,716.0,407.0,367.0,502.0,1,-1,-1,-1
736,3,723.0,422.0,383.0,489.0,1,-1,-1,-1
737,3,732.0,419.0,372.0,488.0,1,-1,-1,-1
738,3,733.0,406.0,375.0,503.0,1,-1,-1,-1
739,3,741.0,403.0,363.0,507.0,1,-1,-1,-1
740,3,746.0,401.0,365.0,510.0,1,-1,-1,-1
741,3,756.0,388.0,307.0,529.0,1,-1,-1,-1
742,3,763.0,380.0,294.0,537.0,1,-1,-1,-1
743,3,782.0,376.0,240.0,536.0,1,-1,-1,-1
744,3,792.0,373.0,233.0,529.0,1,-1,-1,-1
745,3,801.0,361.0,200.0,539.0,1,-1,-1,-1
746,3,801.0,354.0,177.0,554.0,1,-1,-1,-1
747,3,814.0,364.0,197.0,543.0,1,-1,-1,-1
748,3,810.0,347.0,158.0,563.0,1,-1,-1,-1
749,3,809.0,346.0,159.0,566.0,1,-1,-1,-1
750,3,814.0,346.0,154.0,564.0,1,-1,-1,-1
751,3,815.0,346.0,152.0,568.0,1,-1,-1,-1
752,3,821.0,361.0,172.0,533.0,1,-1,-1,-1
753,3,819.0,350.0,152.0,569.0,1,-1,-1,-1
754,3,820.0,358.0,150.0,563.0,1,-1,-1,-1
755,3,817.0,357.0,157.0,566.0,1,-1,-1,-1
756,3,822.0,367.0,171.0,544.0,1,-1,-1,-1
757,3,817.0,361.0,165.0,558.0,1,-1,-1,-1
758,3,825.0,364.0,165.0,533.0,1,-1,-1,-1
759,3,829.0,368.0,165.0,532.0,1,-1,-1,-1
760,3,830.0,371.0,159.0,532.0,1,-1,-1,-1
761,3,831.0,376.0,168.0,535.0,1,-1,-1,-1
762,3,828.0,386.0,166.0,528.0,1,-1,-1,-1
763,3,827.0,391.0,166.0,518.0,1,-1,-1,-1
764,3,827.0,396.0,170.0,522.0,1,-1,-1,-1
765,3,827.0,406.0,173.0,512.0,1,-1,-1,-1
766,3,825.0,412.0,174.0,498.0,1,-1,-1,-1
767,3,825.0,418.0,178.0,489.0,1,-1,-1,-1
768,3,824.0,423.0,175.0,482.0,1,-1,-1,-1
769,3,824.0,426.0,174.0,478.0,1,-1,-1,-1
770,3,825.0,425.0,173.0,475.0,1,-1,-1,-1
771,3,825.0,425.0,175.0,475.0,1,-1,-1,-1
772,3,825.0,426.0,177.0,477.0,1,-1,-1,-1
773,3,827.0,422.0,179.0,485.0,1,-1,-1,-1
774,3,828.0,419.0,179.0,491.0,1,-1,-1,-1
775,3,827.0,413.0,181.0,496.0,1,-1,-1,-1
776,3,822.0,409.0,187.0,504.0,1,-1,-1,-1
777,3,810.0,398.0,202.0,518.0,1,-1,-1,-1
778,3,798.0,391.0,216.0,531.0,1,-1,-1,-1
779,3,786.0,388.0,220.0,536.0,1,-1,-1,-1
780,3,768.0,387.0,230.0,531.0,1,-1,-1,-1
781,3,764.0,385.0,232.0,533.0,1,-1,-1,-1
782,3,751.0,380.0,244.0,540.0,1,-1,-1,-1
783,3,742.0,378.0,252.0,542.0,1,-1,-1,-1
784,3,739.0,379.0,260.0,542.0,1,-1,-1,-1
785,3,731.0,376.0,262.0,547.0,1,-1,-1,-1
786,3,725.0,374.0,256.0,554.0,1,-1,-1,-1
787,3,725.0,369.0,252.0,560.0,1,-1,-1,-1
788,3,722.0,370.0,254.0,561.0,1,-1,-1,-1
789,3,718.0,374.0,259.0,558.0,1,-1,-1,-1
790,3,718.0,383.0,257.0,549.0,1,-1,-1,-1
791,3,715.0,388.0,260.0,545.0,1,-1,-1,-1
792,3,710.0,392.0,268.0,542.0,1,-1,-1,-1
793,3,707.0,400.0,266.0,533.0,1,-1,-1,-1
794,3,706.0,401.0,283.0,532.0,1,-1,-1,-1
795,3,706.0,406.0,275.0,527.0,1,-1,-1,-1
796,3,706.0,407.0,266.0,530.0,1,-1,-1,-1
797,3,703.0,412.0,280.0,523.0,1,-1,-1,-1
798,3,702.0,412.0,283.0,527.0,1,-1,-1,-1
799,3,702.0,413.0,276.0,526.0,1,-1,-1,-1
800,3,701.0,415.0,271.0,523.0,1,-1,-1,-1
801,3,700.0,417.0,274.0,526.0,1,-1,-1,-1
802,3,699.0,417.0,286.0,524.0,1,-1,-1,-1
803,3,695.0,419.0,280.0,520.0,1,-1,-1,-1
804,3,694.0,420.0,268.0,516.0,1,-1,-1,-1
805,3,698.0,418.0,247.0,518.0,1,-1,-1,-1
806,3,696.0,417.0,241.0,518.0,1,-1,-1,-1
807,3,694.0,418.0,237.0,517.0,1,-1,-1,-1
808,3,692.0,417.0,242.0,519.0,1,-1,-1,-1
809,3,691.0,417.0,247.0,516.0,1,-1,-1,-1
810,3,687.0,413.0,251.0,519.0,1,-1,-1,-1
811,3,686.0,411.0,251.0,520.0,1,-1,-1,-1
812,3,684.0,411.0,262.0,521.0,1,-1,-1,-1
813,3,683.0,409.0,268.0,525.0,1,-1,-1,-1
814,3,682.0,406.0,268.0,525.0,1,-1,-1,-1
815,3,678.0,401.0,275.0,532.0,1,-1,-1,-1
816,3,676.0,400.0,280.0,534.0,1,-1,-1,-1
817,3,671.0,401.0,284.0,533.0,1,-1,-1,-1
818,3,669.0,400.0,293.0,535.0,1,-1,-1,-1
819,3,666.0,398.0,294.0,537.0,1,-1,-1,-1
820,3,662.0,398.0,299.0,536.0,1,-1,-1,-1
821,3,662.0,397.0,292.0,538.0,1,-1,-1,-1
822,3,657.0,397.0,300.0,541.0,1,-1,-1,-1
823,3,655.0,396.0,300.0,538.0,1,-1,-1,-1
824,3,651.0,399.0,314.0,534.0,1,-1,-1,-1
825,3,650.0,404.0,313.0,527.0,1,-1,-1,-1
826,3,653.0,412.0,307.0,517.0,1,-1,-1,-1
827,3,650.0,415.0,318.0,510.0,1,-1,-1,-1
828,3,651.0,415.0,315.0,511.0,1,-1,-1,-1
829,3,653.0,420.0,318.0,503.0,1,-1,-1,-1
830,3,651.0,421.0,327.0,499.0,1,-1,-1,-1
831,3,651.0,430.0,334.0,491.0,1,-1,-1,-1
832,3,659.0,431.0,330.0,486.0,1,-1,-1,-1
833,3,665.0,436.0,327.0,483.0,1,-1,-1,-1
834,3,673.0,440.0,319.0,482.0,1,-1,-1,-1
835,3,680.0,443.0,309.0,482.0,1,-1,-1,-1
836,3,685.0,447.0,299.0,475.0,1,-1,-1,-1
837,3,693.0,445.0,290.0,472.0,1,-1,-1,-1
838,3,697.0,444.0,291.0,472.0,1,-1,-1,-1
839,3,699.0,447.0,291.0,469.0,1,-1,-1,-1
840,3,699.0,450.0,296.0,465.0,1,-1,-1,-1
841,3,698.0,451.0,305.0,462.0,1,-1,-1,-1
842,3,692.0,451.0,325.0,466.0,1,-1,-1,-1
843,3,691.0,441.0,330.0,476.0,1,-1,-1,-1
844,3,689.0,442.0,332.0,479.0,1,-1,-1,-1
845,3,682.0,422.0,317.0,504.0,1,-1,-1,-1
846,3,680.0,418.0,306.0,510.0,1,-1,-1,-1
847,3,679.0,414.0,309.0,514.0,1,-1,-1,-1
848,3,679.0,412.0,308.0,515.0,1,-1,-1,-1
849,3,680.0,414.0,304.0,521.0,1,-1,-1,-1
850,3,679.0,414.0,302.0,522.0,1,-1,-1,-1
851,3,677.0,413.0,317.0,526.0,1,-1,-1,-1
852,3,671.0,410.0,333.0,529.0,1,-1,-1,-1
853,3,665.0,412.0,344.0,524.0,1,-1,-1,-1
854,3,661.0,411.0,354.0,531.0,1,-1,-1,-1
855,3,658.0,418.0,354.0,521.0,1,-1,-1,-1
856,3,652.0,425.0,360.0,515.0,1,-1,-1,-1
857,3,643.0,419.0,380.0,526.0,1,-1,-1,-1
858,3,635.0,416.0,384.0,528.0,1,-1,-1,-1
859,3,628.0,412.0,377.0,537.0,1,-1,-1,-1
860,3,618.0,416.0,390.0,531.0,1,-1,-1,-1
861,3,606.0,424.0,409.0,521.0,1,-1,-1,-1
862,3,598.0,432.0,419.0,517.0,1,-1,-1,-1
863,3,595.0,436.0,416.0,515.0,1,-1,-1,-1
864,3,594.0,435.0,420.0,517.0,1,-1,-1,-1
865,3,589.0,434.0,426.0,517.0,1,-1,-1,-1
866,3,586.0,431.0,402.0,514.0,1,-1,-1,-1
867,3,581.0,430.0,393.0,517.0,1,-1,-1,-1
868,3,568.0,424.0,389.0,527.0,1,-1,-1,-1
869,3,561.0,418.0,387.0,532.0,1,-1,-1,-1
870,3,560.0,421.0,405.0,528.0,1,-1,-1,-1
871,3,550.0,412.0,426.0,538.0,1,-1,-1,-1
872,3,554.0,408.0,432.0,539.0,1,-1,-1,-1
873,3,553.0,400.0,418.0,547.0,1,-1,-1,-1
874,3,553.0,400.0,403.0,546.0,1,-1,-1,-1
875,3,549.0,399.0,403.0,548.0,1,-1,-1,-1
876,3,542.0,395.0,414.0,551.0,1,-1,-1,-1
877,3,537.0,392.0,416.0,553.0,1,-1,-1,-1
878,3,537.0,389.0,422.0,558.0,1,-1,-1,-1
879,3,539.0,376.0,430.0,568.0,1,-1,-1,-1
880,3,536.0,373.0,437.0,567.0,1,-1,-1,-1
881,3,536.0,376.0,432.0,557.0,1,-1,-1,-1
882,3,535.0,378.0,437.0,550.0,1,-1,-1,-1
883,3,542.0,379.0,436.0,547.0,1,-1,-1,-1
884,3,541.0,382.0,436.0,538.0,1,-1,-1,-1
885,3,555.0,385.0,415.0,548.0,1,-1,-1,-1
886,3,561.0,388.0,419.0,540.0,1,-1,-1,-1
887,3,584.0,389.0,396.0,544.0,1,-1,-1,-1
888,3,595.0,391.0,383.0,547.0,1,-1,-1,-1
889,3,603.0,392.0,370.0,547.0,1,-1,-1,-1
890,3,610.0,393.0,368.0,547.0,1,-1,-1,-1
891,3,614.0,397.0,353.0,543.0,1,-1,-1,-1
892,3,618.0,410.0,345.0,532.0,1,-1,-1,-1
893,3,620.0,416.0,336.0,522.0,1,-1,-1,-1
894,3,625.0,422.0,323.0,514.0,1,-1,-1,-1
895,3,631.0,429.0,305.0,510.0,1,-1,-1,-1
896,3,637.0,431.0,286.0,508.0,1,-1,-1,-1
897,3,639.0,432.0,293.0,508.0,1,-1,-1,-1
898,3,638.0,433.0,285.0,508.0,1,-1,-1,-1
899,3,647.0,437.0,275.0,503.0,1,-1,-1,-1
900,3,655.0,438.0,273.0,506.0,1,-1,-1,-1
901,3,653.0,433.0,250.0,510.0,1,-1,-1,-1
902,3,656.0,434.0,267.0,507.0,1,-1,-1,-1
903,3,650.0,426.0,270.0,509.0,1,-1,-1,-1
904,3,651.0,418.0,265.0,517.0,1,-1,-1,-1
905,3,653.0,423.0,275.0,519.0,1,-1,-1,-1
906,3,656.0,418.0,290.0,518.0,1,-1,-1,-1
907,3,657.0,417.0,271.0,517.0,1,-1,-1,-1
908,3,666.0,410.0,243.0,531.0,1,-1,-1,-1
909,3,669.0,406.0,237.0,531.0,1,-1,-1,-1
910,3,672.0,408.0,240.0,526.0,1,-1,-1,-1
911,3,666.0,399.0,258.0,543.0,1,-1,-1,-1
912,3,661.0,397.0,250.0,543.0,1,-1,-1,-1
913,3,655.0,399.0,258.0,540.0,1,-1,-1,-1
914,3,653.0,403.0,249.0,534.0,1,-1,-1,-1
915,3,652.0,401.0,255.0,532.0,1,-1,-1,-1
916,3,642.0,401.0,268.0,530.0,1,-1,-1,-1
917,3,631.0,402.0,281.0,530.0,1,-1,-1,-1
918,3,630.0,403.0,288.0,527.0,1,-1,-1,-1
919,3,627.0,401.0,295.0,525.0,1,-1,-1,-1
920,3,620.0,404.0,309.0,523.0,1,-1,-1,-1
921,3,619.0,412.0,324.0,513.0,1,-1,-1,-1
922,3,612.0,421.0,344.0,507.0,1,-1,-1,-1
923,3,617.0,440.0,345.0,487.0,1,-1,-1,-1
924,3,612.0,431.0,345.0,499.0,1,-1,-1,-1
925,3,604.0,440.0,351.0,491.0,1,-1,-1,-1
926,3,613.0,446.0,340.0,482.0,1,-1,-1,-1
927,3,609.0,449.0,342.0,482.0,1,-1,-1,-1
928,3,613.0,451.0,345.0,483.0,1,-1,-1,-1
929,3,620.0,456.0,332.0,474.0,1,-1,-1,-1
930,3,622.0,456.0,334.0,477.0,1,-1,-1,-1
931,3,631.0,452.0,329.0,482.0,1,-1,-1,-1
932,3,637.0,451.0,317.0,486.0,1,-1,-1,-1
933,3,645.0,446.0,311.0,490.0,1,-1,-1,-1
934,3,650.0,440.0,304.0,497.0,1,-1,-1,-1
935,3,656.0,443.0,301.0,492.0,1,-1,-1,-1
936,3,665.0,440.0,291.0,493.0,1,-1,-1,-1
937,3,666.0,437.0,300.0,498.0,1,-1,-1,-1
938,3,669.0,440.0,290.0,493.0,1,-1,-1,-1
939,3,676.0,438.0,280.0,494.0,1,-1,-1,-1
940,3,678.0,433.0,269.0,499.0,1,-1,-1,-1
941,3,682.0,426.0,270.0,502.0,1,-1,-1,-1
942,3,690.0,420.0,270.0,508.0,1,-1,-1,-1
943,3,695.0,413.0,256.0,514.0,1,-1,-1,-1
944,3,687.0,414.0,249.0,515.0,1,-1,-1,-1
945,3,676.0,409.0,260.0,523.0,1,-1,-1,-1
946,3,669.0,404.0,270.0,529.0,1,-1,-1,-1
947,3,667.0,401.0,265.0,533.0,1,-1,-1,-1
948,3,660.0,398.0,268.0,535.0,1,-1,-1,-1
949,3,652.0,393.0,267.0,542.0,1,-1,-1,-1
950,3,649.0,395.0,263.0,541.0,1,-1,-1,-1
951,3,649.0,396.0,261.0,537.0,1,-1,-1,-1
952,3,648.0,392.0,271.0,544.0,1,-1,-1,-1
953,3,648.0,393.0,278.0,544.0,1,-1,-1,-1
954,3,641.0,393.0,281.0,540.0,1,-1,-1,-1
955,3,633.0,396.0,297.0,542.0,1,-1,-1,-1
956,3,632.0,399.0,298.0,537.0,1,-1,-1,-1
957,3,631.0,402.0,291.0,531.0,1,-1,-1,-1
958,3,633.0,407.0,295.0,525.0,1,-1,-1,-1
959,3,637.0,414.0,283.0,519.0,1,-1,-1,-1
960,3,640.0,421.0,274.0,516.0,1,-1,-1,-1
961,3,639.0,427.0,278.0,511.0,1,-1,-1,-1
962,3,639.0,433.0,276.0,504.0,1,-1,-1,-1
963,3,640.0,438.0,280.0,502.0,1,-1,-1,-1
964,3,640.0,443.0,288.0,497.0,1,-1,-1,-1
965,3,642.0,449.0,289.0,489.0,1,-1,-1,-1
966,3,639.0,450.0,286.0,483.0,1,-1,-1,-1
967,3,637.0,444.0,278.0,490.0,1,-1,-1,-1
968,3,637.0,446.0,272.0,489.0,1,-1,-1,-1
969,3,634.0,447.0,276.0,488.0,1,-1,-1,-1
970,3,636.0,445.0,267.0,494.0,1,-1,-1,-1
971,3,634.0,446.0,273.0,498.0,1,-1,-1,-1
972,3,632.0,440.0,281.0,500.0,1,-1,-1,-1
973,3,633.0,438.0,288.0,502.0,1,-1,-1,-1
974,3,632.0,432.0,288.0,507.0,1,-1,-1,-1
975,3,630.0,439.0,293.0,496.0,1,-1,-1,-1
976,3,631.0,436.0,300.0,499.0,1,-1,-1,-1
977,3,633.0,433.0,307.0,504.0,1,-1,-1,-1
978,3,635.0,433.0,309.0,500.0,1,-1,-1,-1
979,3,636.0,428.0,307.0,508.0,1,-1,-1,-1
980,3,635.0,411.0,312.0,529.0,1,-1,-1,-1
981,3,631.0,407.0,314.0,531.0,1,-1,-1,-1
982,3,628.0,404.0,318.0,534.0,1,-1,-1,-1
983,3,622.0,405.0,318.0,533.0,1,-1,-1,-1
984,3,618.0,401.0,325.0,534.0,1,-1,-1,-1
985,3,610.0,400.0,333.0,528.0,1,-1,-1,-1
986,3,604.0,402.0,338.0,525.0,1,-1,-1,-1
987,3,605.0,415.0,330.0,512.0,1,-1,-1,-1
988,3,602.0,417.0,338.0,505.0,1,-1,-1,-1
989,3,602.0,421.0,334.0,498.0,1,-1,-1,-1
990,3,605.0,425.0,341.0,496.0,1,-1,-1,-1
991,3,611.0,435.0,336.0,483.0,1,-1,-1,-1
992,3,621.0,437.0,317.0,481.0,1,-1,-1,-1
993,3,629.0,443.0,312.0,470.0,1,-1,-1,-1
994,3,631.0,446.0,314.0,468.0,1,-1,-1,-1
995,3,633.0,436.0,317.0,470.0,1,-1,-1,-1
996,3,633.0,433.0,321.0,473.0,1,-1,-1,-1
997,3,636.0,430.0,321.0,476.0,1,-1,-1,-1
998,3,640.0,420.0,319.0,485.0,1,-1,-1,-1
999,3,644.0,410.0,315.0,496.0,1,-1,-1,-1
1000,3,652.0,398.0,311.0,506.0,1,-1,-1,-1
1001,3,654.0,390.0,305.0,519.0,1,-1,-1,-1
1002,3,659.0,383.0,297.0,529.0,1,-1,-1,-1
1003,3,662.0,376.0,296.0,535.0,1,-1,-1,-1
1004,3,667.0,368.0,292.0,542.0,1,-1,-1,-1
1005,3,673.0,359.0,290.0,548.0,1,-1,-1,-1
1006,3,677.0,351.0,288.0,554.0,1,-1,-1,-1
1007,3,680.0,345.0,285.0,555.0,1,-1,-1,-1
1008,3,676.0,334.0,292.0,567.0,1,-1,-1,-1
1009,3,676.0,329.0,292.0,569.0,1,-1,-1,-1
1010,3,675.0,323.0,293.0,565.0,1,-1,-1,-1
1011,3,677.0,316.0,291.0,574.0,1,-1,-1,-1
1012,3,677.0,318.0,292.0,571.0,1,-1,-1,-1
1013,3,674.0,316.0,293.0,572.0,1,-1,-1,-1
1014,3,672.0,312.0,294.0,580.0,1,-1,-1,-1
1015,3,670.0,319.0,293.0,577.0,1,-1,-1,-1
1016,3,672.0,328.0,293.0,577.0,1,-1,-1,-1
1017,3,677.0,337.0,290.0,574.0,1,-1,-1,-1
1018,3,678.0,355.0,294.0,556.0,1,-1,-1,-1
1019,3,685.0,360.0,288.0,553.0,1,-1,-1,-1
1020,3,685.0,369.0,282.0,545.0,1,-1,-1,-1
1021,3,687.0,378.0,274.0,535.0,1,-1,-1,-1
1022,3,689.0,383.0,275.0,532.0,1,-1,-1,-1
1023,3,694.0,388.0,268.0,530.0,1,-1,-1,-1
1024,3,691.0,394.0,272.0,525.0,1,-1,-1,-1
1025,3,688.0,400.0,278.0,521.0,1,-1,-1,-1
1026,3,689.0,407.0,278.0,514.0,1,-1,-1,-1
1027,3,692.0,416.0,276.0,503.0,1,-1,-1,-1
1028,3,694.0,419.0,274.0,497.0,1,-1,-1,-1
1029,3,697.0,422.0,268.0,493.0,1,-1,-1,-1
1030,3,699.0,425.0,264.0,488.0,1,-1,-1,-1
1031,3,704.0,428.0,256.0,485.0,1,-1,-1,-1
1032,3,705.0,427.0,250.0,486.0,1,-1,-1,-1
1033,3,701.0,423.0,249.0,491.0,1,-1,-1,-1
1034,3,699.0,421.0,247.0,496.0,1,-1,-1,-1
1035,3,692.0,420.0,251.0,495.0,1,-1,-1,-1
1036,3,687.0,413.0,252.0,499.0,1,-1,-1,-1
1037,3,683.0,405.0,256.0,504.0,1,-1,-1,-1
1038,3,678.0,398.0,254.0,508.0,1,-1,-1,-1
1039,3,675.0,396.0,256.0,512.0,1,-1,-1,-1
1040,3,668.0,392.0,258.0,514.0,1,-1,-1,-1
1041,3,660.0,387.0,268.0,520.0,1,-1,-1,-1
1042,3,654.0,395.0,274.0,513.0,1,-1,-1,-1
1043,3,646.0,389.0,284.0,520.0,1,-1,-1,-1
1044,3,639.0,389.0,290.0,522.0,1,-1,-1,-1
1045,3,636.0,380.0,292.0,526.0,1,-1,-1,-1
1046,3,635.0,376.0,295.0,530.0,1,-1,-1,-1
1047,3,634.0,375.0,297.0,533.0,1,-1,-1,-1
1048,3,631.0,376.0,296.0,531.0,1,-1,-1,-1
1049,3,628.0,376.0,293.0,530.0,1,-1,-1,-1
1050,3,622.0,378.0,298.0,529.0,1,-1,-1,-1
1051,3,606.0,382.0,311.0,523.0,1,-1,-1,-1
1052,3,609.0,384.0,307.0,520.0,1,-1,-1,-1
1053,3,612.0,389.0,293.0,514.0,1,-1,-1,-1
1054,3,618.0,390.0,282.0,513.0,1,-1,-1,-1
1055,3,620.0,398.0,273.0,506.0,1,-1,-1,-1
1056,3,621.0,399.0,267.0,502.0,1,-1,-1,-1
1057,3,629.0,403.0,253.0,496.0,1,-1,-1,-1
1058,3,637.0,412.0,241.0,488.0,1,-1,-1,-1
1059,3,643.0,414.0,232.0,481.0,1,-1,-1,-1
1060,3,647.0,416.0,222.0,477.0,1,-1,-1,-1
1061,3,651.0,421.0,212.0,470.0,1,-1,-1,-1
1062,3,649.0,420.0,210.0,464.0,1,-1,-1,-1
1063,3,652.0,420.0,200.0,470.0,1,-1,-1,-1
1064,3,655.0,424.0,189.0,460.0,1,-1,-1,-1
1065,3,602.0,429.0,226.0,509.0,1,-1,-1,-1
1110,3,586.0,405.0,154.0,415.0,1,-1,-1,-1
1111,3,574.0,400.0,170.0,428.0,1,-1,-1,-1
1112,3,570.0,400.0,164.0,436.0,1,-1,-1,-1
1113,3,565.0,405.0,160.0,423.0,1,-1,-1,-1
1114,3,558.0,404.0,163.0,424.0,1,-1,-1,-1
1115,3,557.0,406.0,160.0,423.0,1,-1,-1,-1
1116,3,552.0,408.0,162.0,423.0,1,-1,-1,-1
1117,3,548.0,410.0,159.0,426.0,1,-1,-1,-1
1118,3,543.0,413.0,161.0,425.0,1,-1,-1,-1
1119,3,536.0,411.0,168.0,427.0,1,-1,-1,-1
1120,3,527.0,411.0,198.0,428.0,1,-1,-1,-1
1121,3,521.0,412.0,183.0,427.0,1,-1,-1,-1
1122,3,510.0,414.0,193.0,426.0,1,-1,-1,-1
1123,3,502.0,414.0,186.0,427.0,1,-1,-1,-1
1124,3,491.0,415.0,191.0,424.0,1,-1,-1,-1
1125,3,490.0,415.0,209.0,424.0,1,-1,-1,-1
1126,3,484.0,411.0,210.0,429.0,1,-1,-1,-1
1127,3,478.0,410.0,226.0,431.0,1,-1,-1,-1
1128,3,477.0,406.0,231.0,432.0,1,-1,-1,-1
1129,3,477.0,400.0,238.0,437.0,1,-1,-1,-1
1130,3,480.0,394.0,232.0,443.0,1,-1,-1,-1
1131,3,483.0,383.0,223.0,453.0,1,-1,-1,-1
1132,3,484.0,376.0,221.0,458.0,1,-1,-1,-1
1133,3,479.0,370.0,227.0,466.0,1,-1,-1,-1
1134,3,479.0,366.0,225.0,471.0,1,-1,-1,-1
1135,3,471.0,360.0,236.0,480.0,1,-1,-1,-1
1136,3,464.0,355.0,240.0,483.0,1,-1,-1,-1
1137,3,462.0,352.0,240.0,485.0,1,-1,-1,-1
1138,3,456.0,346.0,243.0,488.0,1,-1,-1,-1
1139,3,457.0,330.0,243.0,501.0,1,-1,-1,-1
1140,3,454.0,325.0,241.0,505.0,1,-1,-1,-1
1141,3,452.0,322.0,239.0,509.0,1,-1,-1,-1
1142,3,451.0,321.0,236.0,511.0,1,-1,-1,-1
1143,3,455.0,333.0,230.0,498.0,1,-1,-1,-1
1144,3,453.0,333.0,229.0,498.0,1,-1,-1,-1
1145,3,454.0,352.0,219.0,480.0,1,-1,-1,-1
1146,3,460.0,350.0,214.0,486.0,1,-1,-1,-1
1147,3,461.0,357.0,210.0,483.0,1,-1,-1,-1
1148,3,466.0,373.0,198.0,462.0,1,-1,-1,-1
1149,3,470.0,380.0,186.0,457.0,1,-1,-1,-1
1150,3,477.0,387.0,177.0,450.0,1,-1,-1,-1
1151,3,478.0,393.0,170.0,447.0,1,-1,-1,-1
1152,3,479.0,400.0,157.0,441.0,1,-1,-1,-1
1153,3,484.0,409.0,152.0,432.0,1,-1,-1,-1
1154,3,484.0,417.0,144.0,423.0,1,-1,-1,-1
1155,3,486.0,426.0,142.0,411.0,1,-1,-1,-1
1156,3,483.0,425.0,142.0,410.0,1,-1,-1,-1
1157,3,482.0,431.0,138.0,405.0,1,-1,-1,-1
1158,3,480.0,437.0,139.0,398.0,1,-1,-1,-1
1159,3,480.0,441.0,141.0,394.0,1,-1,-1,-1
1160,3,482.0,445.0,139.0,390.0,1,-1,-1,-1
1161,3,483.0,445.0,142.0,390.0,1,-1,-1,-1
1162,3,480.0,443.0,151.0,394.0,1,-1,-1,-1
1163,3,475.0,435.0,166.0,404.0,1,-1,-1,-1
1164,3,473.0,436.0,173.0,400.0,1,-1,-1,-1
1165,3,472.0,433.0,177.0,405.0,1,-1,-1,-1
1166,3,472.0,433.0,181.0,406.0,1,-1,-1,-1
1167,3,470.0,430.0,191.0,408.0,1,-1,-1,-1
1168,3,469.0,426.0,195.0,412.0,1,-1,-1,-1
1169,3,467.0,423.0,202.0,415.0,1,-1,-1,-1
1170,3,467.0,422.0,205.0,414.0,1,-1,-1,-1
1171,3,466.0,420.0,209.0,416.0,1,-1,-1,-1
1172,3,465.0,419.0,213.0,418.0,1,-1,-1,-1
1173,3,460.0,420.0,223.0,417.0,1,-1,-1,-1
1174,3,453.0,422.0,233.0,418.0,1,-1,-1,-1
1175,3,444.0,424.0,250.0,420.0,1,-1,-1,-1
1176,3,437.0,423.0,260.0,428.0,1,-1,-1,-1
1177,3,433.0,424.0,274.0,428.0,1,-1,-1,-1
1178,3,430.0,428.0,282.0,424.0,1,-1,-1,-1
1179,3,426.0,427.0,290.0,429.0,1,-1,-1,-1
1180,3,424.0,429.0,293.0,422.0,1,-1,-1,-1
1181,3,424.0,432.0,300.0,428.0,1,-1,-1,-1
1182,3,429.0,441.0,297.0,471.0,1,-1,-1,-1
1183,3,429.0,441.0,300.0,437.0,1,-1,-1,-1
1184,3,435.0,444.0,302.0,456.0,1,-1,-1,-1
1185,3,444.0,453.0,323.0,480.0,1,-1,-1,-1
1186,3,446.0,452.0,306.0,467.0,1,-1,-1,-1
1187,3,455.0,451.0,309.0,480.0,1,-1,-1,-1
1189,3,466.0,474.0,424.0,551.0,1,-1,-1,-1
1190,3,452.0,461.0,323.0,577.0,1,-1,-1,-1
1191,3,469.0,464.0,283.0,552.0,1,-1,-1,-1
1192,3,481.0,466.0,261.0,520.0,1,-1,-1,-1
1193,3,473.0,465.0,270.0,525.0,1,-1,-1,-1
1194,3,477.0,464.0,260.0,532.0,1,-1,-1,-1
1195,3,486.0,468.0,248.0,519.0,1,-1,-1,-1
1196,3,509.0,464.0,226.0,503.0,1,-1,-1,-1
1197,3,502.0,459.0,270.0,543.0,1,-1,-1,-1
1296,3,597.0,356.0,162.0,577.0,1,-1,-1,-1
1298,3,607.0,355.0,161.0,568.0,1,-1,-1,-1
1300,3,590.0,351.0,170.0,582.0,1,-1,-1,-1
1301,3,580.0,363.0,182.0,590.0,1,-1,-1,-1
1306,3,620.0,392.0,158.0,459.0,1,-1,-1,-1
1307,3,620.0,420.0,166.0,437.0,1,-1,-1,-1
1308,3,620.0,433.0,167.0,427.0,1,-1,-1,-1
1309,3,613.0,445.0,171.0,414.0,1,-1,-1,-1
1310,3,611.0,453.0,171.0,402.0,1,-1,-1,-1
1311,3,607.0,452.0,177.0,400.0,1,-1,-1,-1
1312,3,616.0,464.0,164.0,383.0,1,-1,-1,-1
1331,3,900.0,522.0,106.0,199.0,1,-1,-1,-1
1467,3,473.0,355.0,165.0,584.0,1,-1,-1,-1
1471,3,505.0,365.0,138.0,515.0,1,-1,-1,-1
1473,3,514.0,377.0,143.0,503.0,1,-1,-1,-1
1899,3,659.0,378.0,244.0,525.0,1,-1,-1,-1
1900,3,674.0,379.0,231.0,543.0,1,-1,-1,-1
1901,3,674.0,384.0,233.0,552.0,1,-1,-1,-1
1902,3,678.0,378.0,226.0,531.0,1,-1,-1,-1
1903,3,674.0,371.0,228.0,534.0,1,-1,-1,-1
1904,3,678.0,366.0,212.0,548.0,1,-1,-1,-1
1905,3,684.0,369.0,198.0,531.0,1,-1,-1,-1
1906,3,699.0,381.0,179.0,503.0,1,-1,-1,-1
1907,3,684.0,388.0,183.0,539.0,1,-1,-1,-1
1908,3,682.0,389.0,184.0,542.0,1,-1,-1,-1
1909,3,677.0,390.0,187.0,550.0,1,-1,-1,-1
1910,3,676.0,394.0,182.0,546.0,1,-1,-1,-1
1911,3,674.0,389.0,181.0,551.0,1,-1,-1,-1
1946,3,735.0,397.0,143.0,486.0,1,-1,-1,-1
1947,3,691.0,389.0,172.0,542.0,1,-1,-1,-1
1948,3,740.0,411.0,141.0,470.0,1,-1,-1,-1
1949,3,682.0,385.0,181.0,555.0,1,-1,-1,-1
1950,3,681.0,383.0,182.0,557.0,1,-1,-1,-1
1951,3,737.0,394.0,143.0,491.0,1,-1,-1,-1
1952,3,673.0,353.0,190.0,591.0,1,-1,-1,-1
1953,3,661.0,354.0,195.0,592.0,1,-1,-1,-1
1954,3,738.0,390.0,149.0,504.0,1,-1,-1,-1
1955,3,740.0,383.0,152.0,498.0,1,-1,-1,-1
1956,3,742.0,382.0,149.0,500.0,1,-1,-1,-1
1957,3,743.0,381.0,146.0,493.0,1,-1,-1,-1
1958,3,735.0,377.0,157.0,499.0,1,-1,-1,-1
1959,3,734.0,371.0,158.0,501.0,1,-1,-1,-1
1960,3,727.0,369.0,174.0,514.0,1,-1,-1,-1
1961,3,734.0,372.0,164.0,510.0,1,-1,-1,-1
1962,3,732.0,374.0,161.0,511.0,1,-1,-1,-1
1963,3,725.0,376.0,165.0,503.0,1,-1,-1,-1
1964,3,719.0,380.0,173.0,498.0,1,-1,-1,-1
1965,3,720.0,385.0,170.0,499.0,1,-1,-1,-1
1966,3,718.0,390.0,170.0,493.0,1,-1,-1,-1
1967,3,723.0,395.0,161.0,493.0,1,-1,-1,-1
1968,3,728.0,401.0,152.0,495.0,1,-1,-1,-1
1969,3,732.0,406.0,148.0,483.0,1,-1,-1,-1
1970,3,735.0,405.0,145.0,495.0,1,-1,-1,-1
2004,3,852.0,448.0,145.0,280.0,1,-1,-1,-1
2005,3,859.0,401.0,132.0,346.0,1,-1,-1,-1
