1,2,1002.0,450.0,263.0,473.0,1,-1,-1,-1
2,2,1001.0,448.0,265.0,472.0,1,-1,-1,-1
3,2,993.0,447.0,273.0,471.0,1,-1,-1,-1
4,2,987.0,443.0,273.0,478.0,1,-1,-1,-1
5,2,978.0,441.0,278.0,482.0,1,-1,-1,-1
6,2,973.0,436.0,278.0,489.0,1,-1,-1,-1
7,2,973.0,442.0,269.0,482.0,1,-1,-1,-1
8,2,972.0,443.0,266.0,481.0,1,-1,-1,-1
9,2,976.0,446.0,257.0,480.0,1,-1,-1,-1
10,2,984.0,447.0,241.0,477.0,1,-1,-1,-1
11,2,985.0,449.0,233.0,469.0,1,-1,-1,-1
12,2,983.0,449.0,227.0,465.0,1,-1,-1,-1
13,2,959.0,452.0,243.0,453.0,1,-1,-1,-1
14,2,942.0,458.0,257.0,444.0,1,-1,-1,-1
15,2,942.0,461.0,245.0,437.0,1,-1,-1,-1
16,2,947.0,468.0,231.0,433.0,1,-1,-1,-1
17,2,938.0,473.0,232.0,428.0,1,-1,-1,-1
18,2,945.0,475.0,214.0,427.0,1,-1,-1,-1
19,2,947.0,474.0,206.0,431.0,1,-1,-1,-1
20,2,939.0,476.0,208.0,430.0,1,-1,-1,-1
21,2,939.0,475.0,203.0,432.0,1,-1,-1,-1
22,2,937.0,473.0,203.0,433.0,1,-1,-1,-1
23,2,941.0,470.0,196.0,435.0,1,-1,-1,-1
24,2,937.0,464.0,199.0,439.0,1,-1,-1,-1
25,2,933.0,459.0,202.0,445.0,1,-1,-1,-1
26,2,934.0,453.0,199.0,449.0,1,-1,-1,-1
27,2,938.0,451.0,198.0,452.0,1,-1,-1,-1
28,2,940.0,446.0,197.0,462.0,1,-1,-1,-1
29,2,944.0,440.0,188.0,463.0,1,-1,-1,-1
30,2,942.0,431.0,189.0,474.0,1,-1,-1,-1
31,2,945.0,424.0,184.0,480.0,1,-1,-1,-1
32,2,945.0,421.0,183.0,483.0,1,-1,-1,-1
33,2,944.0,419.0,180.0,502.0,1,-1,-1,-1
34,2,943.0,417.0,181.0,492.0,1,-1,-1,-1
35,2,946.0,415.0,179.0,497.0,1,-1,-1,-1
36,2,950.0,414.0,175.0,506.0,1,-1,-1,-1
37,2,951.0,414.0,172.0,501.0,1,-1,-1,-1
38,2,953.0,414.0,168.0,499.0,1,-1,-1,-1
39,2,953.0,416.0,169.0,498.0,1,-1,-1,-1
40,2,955.0,416.0,166.0,498.0,1,-1,-1,-1
41,2,954.0,416.0,164.0,496.0,1,-1,-1,-1
42,2,956.0,421.0,162.0,493.0,1,-1,-1,-1
43,2,955.0,433.0,162.0,478.0,1,-1,-1,-1
44,2,952.0,442.0,170.0,466.0,1,-1,-1,-1
45,2,947.0,450.0,178.0,453.0,1,-1,-1,-1
46,2,943.0,455.0,182.0,453.0,1,-1,-1,-1
47,2,942.0,461.0,186.0,450.0,1,-1,-1,-1
48,2,943.0,466.0,186.0,449.0,1,-1,-1,-1
49,2,942.0,472.0,189.0,442.0,1,-1,-1,-1
50,2,938.0,476.0,196.0,435.0,1,-1,-1,-1
51,2,938.0,477.0,198.0,433.0,1,-1,-1,-1
52,2,937.0,481.0,203.0,423.0,1,-1,-1,-1
53,2,929.0,485.0,225.0,420.0,1,-1,-1,-1
54,2,925.0,484.0,253.0,417.0,1,-1,-1,-1
55,2,924.0,492.0,266.0,408.0,1,-1,-1,-1
56,2,929.0,490.0,270.0,412.0,1,-1,-1,-1
57,2,930.0,490.0,280.0,411.0,1,-1,-1,-1
58,2,938.0,493.0,275.0,408.0,1,-1,-1,-1
59,2,940.0,484.0,278.0,414.0,1,-1,-1,-1
60,2,944.0,473.0,280.0,426.0,1,-1,-1,-1
61,2,951.0,466.0,279.0,439.0,1,-1,-1,-1
62,2,943.0,468.0,291.0,437.0,1,-1,-1,-1
63,2,953.0,460.0,281.0,452.0,1,-1,-1,-1
64,2,946.0,461.0,293.0,442.0,1,-1,-1,-1
65,2,957.0,448.0,283.0,463.0,1,-1,-1,-1
66,2,965.0,450.0,278.0,471.0,1,-1,-1,-1
67,2,966.0,451.0,277.0,472.0,1,-1,-1,-1
68,2,971.0,448.0,276.0,480.0,1,-1,-1,-1
69,2,977.0,445.0,273.0,483.0,1,-1,-1,-1
70,2,980.0,445.0,277.0,480.0,1,-1,-1,-1
71,2,984.0,445.0,273.0,480.0,1,-1,-1,-1
72,2,978.0,448.0,278.0,478.0,1,-1,-1,-1
73,2,981.0,444.0,274.0,483.0,1,-1,-1,-1
74,2,987.0,452.0,268.0,474.0,1,-1,-1,-1
75,2,994.0,458.0,264.0,467.0,1,-1,-1,-1
76,2,1002.0,464.0,258.0,460.0,1,-1,-1,-1
77,2,1007.0,467.0,254.0,454.0,1,-1,-1,-1
78,2,1022.0,465.0,237.0,453.0,1,-1,-1,-1
79,2,1028.0,464.0,231.0,450.0,1,-1,-1,-1
80,2,1046.0,463.0,205.0,451.0,1,-1,-1,-1
81,2,1047.0,459.0,202.0,455.0,1,-1,-1,-1
82,2,1053.0,457.0,194.0,460.0,1,-1,-1,-1
83,2,1054.0,453.0,196.0,465.0,1,-1,-1,-1
84,2,1055.0,450.0,195.0,470.0,1,-1,-1,-1
85,2,1058.0,447.0,191.0,473.0,1,-1,-1,-1
86,2,1065.0,441.0,185.0,479.0,1,-1,-1,-1
87,2,1071.0,433.0,180.0,482.0,1,-1,-1,-1
88,2,1073.0,425.0,177.0,489.0,1,-1,-1,-1
89,2,1071.0,422.0,184.0,491.0,1,-1,-1,-1
90,2,1074.0,419.0,183.0,493.0,1,-1,-1,-1
91,2,1077.0,412.0,181.0,496.0,1,-1,-1,-1
92,2,1079.0,404.0,177.0,505.0,1,-1,-1,-1
93,2,1081.0,401.0,176.0,515.0,1,-1,-1,-1
94,2,1082.0,396.0,175.0,520.0,1,-1,-1,-1
95,2,1085.0,394.0,170.0,521.0,1,-1,-1,-1
96,2,1087.0,395.0,167.0,519.0,1,-1,-1,-1
97,2,1090.0,394.0,167.0,525.0,1,-1,-1,-1
98,2,1091.0,393.0,169.0,525.0,1,-1,-1,-1
99,2,1096.0,396.0,162.0,525.0,1,-1,-1,-1
100,2,1096.0,397.0,164.0,523.0,1,-1,-1,-1
101,2,1097.0,397.0,161.0,524.0,1,-1,-1,-1
102,2,1095.0,401.0,163.0,521.0,1,-1,-1,-1
103,2,1099.0,402.0,155.0,518.0,1,-1,-1,-1
104,2,1099.0,405.0,150.0,515.0,1,-1,-1,-1
105,2,1101.0,407.0,147.0,512.0,1,-1,-1,-1
106,2,1105.0,408.0,144.0,511.0,1,-1,-1,-1
107,2,1106.0,414.0,142.0,506.0,1,-1,-1,-1
108,2,1106.0,419.0,141.0,498.0,1,-1,-1,-1
109,2,1102.0,429.0,146.0,492.0,1,-1,-1,-1
110,2,1104.0,437.0,141.0,478.0,1,-1,-1,-1
111,2,1103.0,446.0,142.0,466.0,1,-1,-1,-1
112,2,1098.0,453.0,147.0,461.0,1,-1,-1,-1
113,2,1089.0,456.0,159.0,455.0,1,-1,-1,-1
114,2,1082.0,460.0,168.0,454.0,1,-1,-1,-1
115,2,1074.0,468.0,174.0,449.0,1,-1,-1,-1
116,2,1064.0,472.0,183.0,446.0,1,-1,-1,-1
117,2,1063.0,477.0,181.0,437.0,1,-1,-1,-1
118,2,1066.0,477.0,178.0,437.0,1,-1,-1,-1
119,2,1066.0,474.0,178.0,441.0,1,-1,-1,-1
120,2,1061.0,475.0,183.0,441.0,1,-1,-1,-1
121,2,1051.0,475.0,189.0,445.0,1,-1,-1,-1
122,2,1046.0,471.0,197.0,452.0,1,-1,-1,-1
123,2,1041.0,466.0,204.0,456.0,1,-1,-1,-1
124,2,1036.0,461.0,207.0,462.0,1,-1,-1,-1
125,2,1022.0,458.0,221.0,463.0,1,-1,-1,-1
126,2,1009.0,454.0,232.0,469.0,1,-1,-1,-1
127,2,999.0,448.0,240.0,487.0,1,-1,-1,-1
128,2,992.0,448.0,244.0,483.0,1,-1,-1,-1
129,2,1000.0,445.0,235.0,485.0,1,-1,-1,-1
130,2,988.0,444.0,243.0,484.0,1,-1,-1,-1
131,2,987.0,435.0,238.0,485.0,1,-1,-1,-1
132,2,982.0,437.0,237.0,485.0,1,-1,-1,-1
133,2,964.0,437.0,253.0,483.0,1,-1,-1,-1
134,2,952.0,434.0,262.0,485.0,1,-1,-1,-1
135,2,951.0,439.0,259.0,479.0,1,-1,-1,-1
136,2,951.0,441.0,252.0,478.0,1,-1,-1,-1
137,2,952.0,445.0,244.0,475.0,1,-1,-1,-1
138,2,952.0,448.0,247.0,475.0,1,-1,-1,-1
139,2,954.0,456.0,237.0,464.0,1,-1,-1,-1
140,2,958.0,459.0,226.0,461.0,1,-1,-1,-1
141,2,952.0,469.0,217.0,446.0,1,-1,-1,-1
142,2,946.0,470.0,214.0,447.0,1,-1,-1,-1
143,2,944.0,477.0,205.0,438.0,1,-1,-1,-1
144,2,941.0,480.0,199.0,432.0,1,-1,-1,-1
145,2,941.0,476.0,191.0,430.0,1,-1,-1,-1
146,2,935.0,478.0,190.0,430.0,1,-1,-1,-1
147,2,938.0,485.0,177.0,426.0,1,-1,-1,-1
148,2,944.0,489.0,164.0,419.0,1,-1,-1,-1
149,2,945.0,486.0,159.0,425.0,1,-1,-1,-1
150,2,945.0,487.0,153.0,430.0,1,-1,-1,-1
151,2,943.0,487.0,153.0,431.0,1,-1,-1,-1
152,2,938.0,483.0,154.0,441.0,1,-1,-1,-1
153,2,938.0,477.0,148.0,443.0,1,-1,-1,-1
154,2,937.0,469.0,146.0,448.0,1,-1,-1,-1
155,2,936.0,465.0,144.0,455.0,1,-1,-1,-1
156,2,928.0,466.0,149.0,452.0,1,-1,-1,-1
157,2,920.0,464.0,154.0,455.0,1,-1,-1,-1
158,2,918.0,461.0,152.0,456.0,1,-1,-1,-1
159,2,911.0,462.0,158.0,454.0,1,-1,-1,-1
160,2,898.0,460.0,170.0,458.0,1,-1,-1,-1
161,2,886.0,461.0,180.0,455.0,1,-1,-1,-1
162,2,873.0,458.0,192.0,455.0,1,-1,-1,-1
163,2,870.0,455.0,194.0,458.0,1,-1,-1,-1
164,2,865.0,453.0,198.0,460.0,1,-1,-1,-1
165,2,861.0,453.0,198.0,460.0,1,-1,-1,-1
166,2,859.0,452.0,198.0,463.0,1,-1,-1,-1
167,2,856.0,450.0,197.0,465.0,1,-1,-1,-1
168,2,864.0,450.0,179.0,463.0,1,-1,-1,-1
169,2,863.0,449.0,172.0,464.0,1,-1,-1,-1
170,2,862.0,447.0,167.0,469.0,1,-1,-1,-1
171,2,857.0,449.0,168.0,466.0,1,-1,-1,-1
172,2,855.0,453.0,168.0,455.0,1,-1,-1,-1
173,2,854.0,455.0,166.0,451.0,1,-1,-1,-1
174,2,850.0,459.0,168.0,448.0,1,-1,-1,-1
175,2,847.0,465.0,164.0,442.0,1,-1,-1,-1
176,2,846.0,471.0,156.0,437.0,1,-1,-1,-1
177,2,840.0,475.0,159.0,431.0,1,-1,-1,-1
178,2,837.0,480.0,162.0,424.0,1,-1,-1,-1
179,2,832.0,485.0,162.0,419.0,1,-1,-1,-1
180,2,824.0,489.0,167.0,419.0,1,-1,-1,-1
181,2,814.0,492.0,172.0,412.0,1,-1,-1,-1
182,2,807.0,493.0,180.0,412.0,1,-1,-1,-1
183,2,798.0,494.0,184.0,416.0,1,-1,-1,-1
184,2,791.0,497.0,186.0,415.0,1,-1,-1,-1
185,2,783.0,500.0,183.0,412.0,1,-1,-1,-1
186,2,772.0,495.0,192.0,414.0,1,-1,-1,-1
187,2,763.0,489.0,200.0,416.0,1,-1,-1,-1
188,2,753.0,486.0,208.0,421.0,1,-1,-1,-1
189,2,741.0,481.0,209.0,422.0,1,-1,-1,-1
190,2,726.0,480.0,213.0,426.0,1,-1,-1,-1
191,2,711.0,477.0,217.0,428.0,1,-1,-1,-1
192,2,700.0,477.0,225.0,428.0,1,-1,-1,-1
193,2,692.0,466.0,226.0,444.0,1,-1,-1,-1
194,2,682.0,456.0,232.0,453.0,1,-1,-1,-1
195,2,674.0,448.0,238.0,460.0,1,-1,-1,-1
196,2,664.0,446.0,245.0,462.0,1,-1,-1,-1
197,2,651.0,448.0,248.0,463.0,1,-1,-1,-1
198,2,645.0,450.0,248.0,461.0,1,-1,-1,-1
199,2,641.0,453.0,246.0,462.0,1,-1,-1,-1
200,2,641.0,453.0,243.0,463.0,1,-1,-1,-1
201,2,640.0,456.0,242.0,460.0,1,-1,-1,-1
202,2,640.0,458.0,239.0,457.0,1,-1,-1,-1
203,2,643.0,459.0,236.0,456.0,1,-1,-1,-1
204,2,645.0,454.0,231.0,453.0,1,-1,-1,-1
205,2,643.0,453.0,231.0,456.0,1,-1,-1,-1
206,2,643.0,454.0,223.0,445.0,1,-1,-1,-1
207,2,640.0,463.0,219.0,437.0,1,-1,-1,-1
208,2,637.0,470.0,218.0,429.0,1,-1,-1,-1
209,2,634.0,479.0,213.0,422.0,1,-1,-1,-1
210,2,635.0,483.0,205.0,413.0,1,-1,-1,-1
211,2,632.0,485.0,196.0,413.0,1,-1,-1,-1
212,2,631.0,490.0,192.0,412.0,1,-1,-1,-1
213,2,630.0,490.0,189.0,414.0,1,-1,-1,-1
214,2,631.0,490.0,182.0,412.0,1,-1,-1,-1
215,2,631.0,489.0,176.0,412.0,1,-1,-1,-1
216,2,633.0,486.0,171.0,412.0,1,-1,-1,-1
217,2,631.0,478.0,170.0,418.0,1,-1,-1,-1
218,2,630.0,473.0,168.0,424.0,1,-1,-1,-1
219,2,630.0,470.0,166.0,426.0,1,-1,-1,-1
220,2,628.0,465.0,168.0,431.0,1,-1,-1,-1
221,2,632.0,457.0,167.0,437.0,1,-1,-1,-1
222,2,633.0,453.0,168.0,442.0,1,-1,-1,-1
223,2,633.0,445.0,167.0,448.0,1,-1,-1,-1
224,2,632.0,435.0,168.0,457.0,1,-1,-1,-1
225,2,630.0,431.0,173.0,464.0,1,-1,-1,-1
226,2,630.0,427.0,175.0,466.0,1,-1,-1,-1
227,2,629.0,426.0,177.0,472.0,1,-1,-1,-1
228,2,627.0,425.0,181.0,478.0,1,-1,-1,-1
229,2,626.0,425.0,184.0,479.0,1,-1,-1,-1
230,2,624.0,426.0,187.0,477.0,1,-1,-1,-1
231,2,622.0,427.0,192.0,476.0,1,-1,-1,-1
232,2,619.0,427.0,197.0,473.0,1,-1,-1,-1
233,2,616.0,426.0,201.0,476.0,1,-1,-1,-1
234,2,618.0,426.0,198.0,477.0,1,-1,-1,-1
235,2,617.0,426.0,199.0,478.0,1,-1,-1,-1
236,2,620.0,428.0,196.0,474.0,1,-1,-1,-1
237,2,618.0,431.0,198.0,473.0,1,-1,-1,-1
238,2,620.0,435.0,196.0,468.0,1,-1,-1,-1
239,2,620.0,440.0,192.0,461.0,1,-1,-1,-1
240,2,619.0,446.0,190.0,454.0,1,-1,-1,-1
241,2,615.0,451.0,193.0,445.0,1,-1,-1,-1
242,2,612.0,456.0,193.0,438.0,1,-1,-1,-1
243,2,608.0,458.0,195.0,436.0,1,-1,-1,-1
244,2,604.0,464.0,195.0,434.0,1,-1,-1,-1
245,2,597.0,471.0,199.0,428.0,1,-1,-1,-1
246,2,600.0,479.0,195.0,416.0,1,-1,-1,-1
247,2,599.0,482.0,201.0,417.0,1,-1,-1,-1
248,2,603.0,483.0,204.0,417.0,1,-1,-1,-1
249,2,606.0,484.0,203.0,415.0,1,-1,-1,-1
250,2,606.0,475.0,213.0,422.0,1,-1,-1,-1
251,2,608.0,468.0,226.0,430.0,1,-1,-1,-1
252,2,616.0,465.0,240.0,433.0,1,-1,-1,-1
253,2,622.0,457.0,240.0,437.0,1,-1,-1,-1
254,2,621.0,452.0,263.0,445.0,1,-1,-1,-1
255,2,621.0,446.0,271.0,456.0,1,-1,-1,-1
256,2,628.0,442.0,271.0,460.0,1,-1,-1,-1
257,2,636.0,438.0,280.0,460.0,1,-1,-1,-1
258,2,631.0,437.0,292.0,464.0,1,-1,-1,-1
259,2,640.0,425.0,297.0,473.0,1,-1,-1,-1
260,2,642.0,425.0,312.0,480.0,1,-1,-1,-1
261,2,652.0,421.0,297.0,490.0,1,-1,-1,-1
262,2,675.0,419.0,269.0,498.0,1,-1,-1,-1
263,2,681.0,418.0,259.0,504.0,1,-1,-1,-1
264,2,687.0,419.0,244.0,506.0,1,-1,-1,-1
265,2,687.0,421.0,241.0,502.0,1,-1,-1,-1
266,2,682.0,424.0,248.0,500.0,1,-1,-1,-1
267,2,687.0,429.0,246.0,500.0,1,-1,-1,-1
268,2,693.0,429.0,238.0,499.0,1,-1,-1,-1
269,2,699.0,432.0,236.0,493.0,1,-1,-1,-1
270,2,717.0,432.0,219.0,495.0,1,-1,-1,-1
271,2,719.0,431.0,228.0,484.0,1,-1,-1,-1
272,2,715.0,433.0,246.0,479.0,1,-1,-1,-1
273,2,714.0,439.0,265.0,478.0,1,-1,-1,-1
274,2,728.0,444.0,267.0,473.0,1,-1,-1,-1
275,2,738.0,440.0,259.0,482.0,1,-1,-1,-1
276,2,753.0,446.0,251.0,479.0,1,-1,-1,-1
277,2,754.0,451.0,254.0,475.0,1,-1,-1,-1
278,2,758.0,455.0,246.0,471.0,1,-1,-1,-1
279,2,761.0,459.0,242.0,464.0,1,-1,-1,-1
280,2,765.0,459.0,237.0,460.0,1,-1,-1,-1
281,2,773.0,462.0,231.0,462.0,1,-1,-1,-1
282,2,773.0,454.0,233.0,475.0,1,-1,-1,-1
283,2,785.0,450.0,223.0,477.0,1,-1,-1,-1
284,2,791.0,446.0,222.0,477.0,1,-1,-1,-1
285,2,795.0,441.0,218.0,484.0,1,-1,-1,-1
286,2,799.0,434.0,212.0,489.0,1,-1,-1,-1
287,2,801.0,428.0,211.0,495.0,1,-1,-1,-1
288,2,799.0,420.0,213.0,501.0,1,-1,-1,-1
289,2,796.0,419.0,215.0,502.0,1,-1,-1,-1
290,2,797.0,416.0,216.0,503.0,1,-1,-1,-1
291,2,796.0,416.0,218.0,502.0,1,-1,-1,-1
292,2,804.0,411.0,212.0,499.0,1,-1,-1,-1
293,2,804.0,410.0,216.0,507.0,1,-1,-1,-1
294,2,807.0,411.0,215.0,504.0,1,-1,-1,-1
295,2,810.0,413.0,214.0,505.0,1,-1,-1,-1
296,2,817.0,419.0,208.0,498.0,1,-1,-1,-1
297,2,821.0,418.0,205.0,496.0,1,-1,-1,-1
298,2,820.0,419.0,206.0,492.0,1,-1,-1,-1
299,2,818.0,420.0,204.0,490.0,1,-1,-1,-1
300,2,816.0,420.0,206.0,485.0,1,-1,-1,-1
301,2,816.0,422.0,205.0,478.0,1,-1,-1,-1
302,2,815.0,423.0,204.0,479.0,1,-1,-1,-1
303,2,819.0,426.0,201.0,476.0,1,-1,-1,-1
304,2,820.0,430.0,199.0,480.0,1,-1,-1,-1
305,2,813.0,437.0,213.0,478.0,1,-1,-1,-1
306,2,811.0,443.0,219.0,472.0,1,-1,-1,-1
307,2,808.0,447.0,225.0,469.0,1,-1,-1,-1
308,2,809.0,450.0,226.0,466.0,1,-1,-1,-1
309,2,805.0,458.0,236.0,454.0,1,-1,-1,-1
310,2,810.0,461.0,232.0,449.0,1,-1,-1,-1
311,2,809.0,465.0,233.0,446.0,1,-1,-1,-1
312,2,811.0,465.0,230.0,447.0,1,-1,-1,-1
313,2,812.0,463.0,227.0,451.0,1,-1,-1,-1
314,2,809.0,462.0,226.0,450.0,1,-1,-1,-1
315,2,812.0,458.0,224.0,457.0,1,-1,-1,-1
316,2,809.0,455.0,227.0,457.0,1,-1,-1,-1
317,2,799.0,453.0,236.0,457.0,1,-1,-1,-1
318,2,800.0,447.0,233.0,461.0,1,-1,-1,-1
319,2,799.0,444.0,228.0,460.0,1,-1,-1,-1
320,2,805.0,440.0,221.0,462.0,1,-1,-1,-1
321,2,803.0,435.0,218.0,465.0,1,-1,-1,-1
322,2,787.0,422.0,225.0,479.0,1,-1,-1,-1
323,2,778.0,420.0,229.0,486.0,1,-1,-1,-1
324,2,775.0,419.0,232.0,491.0,1,-1,-1,-1
325,2,771.0,416.0,237.0,492.0,1,-1,-1,-1
326,2,769.0,415.0,240.0,489.0,1,-1,-1,-1
327,2,767.0,413.0,242.0,493.0,1,-1,-1,-1
328,2,760.0,411.0,245.0,494.0,1,-1,-1,-1
329,2,757.0,415.0,247.0,488.0,1,-1,-1,-1
330,2,753.0,412.0,242.0,493.0,1,-1,-1,-1
331,2,755.0,421.0,234.0,488.0,1,-1,-1,-1
332,2,750.0,424.0,228.0,485.0,1,-1,-1,-1
333,2,753.0,436.0,223.0,478.0,1,-1,-1,-1
334,2,754.0,431.0,208.0,485.0,1,-1,-1,-1
335,2,746.0,431.0,198.0,485.0,1,-1,-1,-1
336,2,740.0,430.0,191.0,483.0,1,-1,-1,-1
337,2,737.0,431.0,185.0,475.0,1,-1,-1,-1
338,2,730.0,436.0,197.0,471.0,1,-1,-1,-1
339,2,715.0,440.0,200.0,466.0,1,-1,-1,-1
340,2,707.0,449.0,209.0,450.0,1,-1,-1,-1
341,2,705.0,459.0,228.0,436.0,1,-1,-1,-1
342,2,698.0,458.0,242.0,436.0,1,-1,-1,-1
343,2,691.0,460.0,243.0,433.0,1,-1,-1,-1
344,2,689.0,460.0,240.0,433.0,1,-1,-1,-1
345,2,692.0,459.0,223.0,435.0,1,-1,-1,-1
346,2,693.0,460.0,221.0,437.0,1,-1,-1,-1
347,2,697.0,458.0,220.0,441.0,1,-1,-1,-1
348,2,703.0,457.0,218.0,442.0,1,-1,-1,-1
349,2,696.0,456.0,219.0,443.0,1,-1,-1,-1
350,2,697.0,451.0,212.0,453.0,1,-1,-1,-1
351,2,698.0,449.0,210.0,454.0,1,-1,-1,-1
352,2,701.0,443.0,206.0,459.0,1,-1,-1,-1
353,2,705.0,441.0,205.0,459.0,1,-1,-1,-1
354,2,707.0,437.0,201.0,465.0,1,-1,-1,-1
355,2,707.0,434.0,201.0,471.0,1,-1,-1,-1
356,2,708.0,430.0,201.0,474.0,1,-1,-1,-1
357,2,707.0,428.0,213.0,478.0,1,-1,-1,-1
358,2,709.0,425.0,217.0,483.0,1,-1,-1,-1
359,2,709.0,421.0,225.0,487.0,1,-1,-1,-1
360,2,710.0,424.0,229.0,484.0,1,-1,-1,-1
361,2,710.0,426.0,235.0,483.0,1,-1,-1,-1
362,2,710.0,425.0,241.0,486.0,1,-1,-1,-1
363,2,710.0,425.0,256.0,481.0,1,-1,-1,-1
364,2,710.0,424.0,261.0,481.0,1,-1,-1,-1
365,2,711.0,426.0,266.0,484.0,1,-1,-1,-1
366,2,711.0,425.0,260.0,485.0,1,-1,-1,-1
367,2,710.0,422.0,248.0,485.0,1,-1,-1,-1
368,2,708.0,423.0,234.0,485.0,1,-1,-1,-1
369,2,708.0,430.0,216.0,477.0,1,-1,-1,-1
370,2,709.0,433.0,199.0,473.0,1,-1,-1,-1
371,2,709.0,438.0,196.0,463.0,1,-1,-1,-1
372,2,707.0,445.0,196.0,455.0,1,-1,-1,-1
373,2,706.0,452.0,193.0,449.0,1,-1,-1,-1
374,2,706.0,457.0,190.0,443.0,1,-1,-1,-1
375,2,705.0,461.0,186.0,439.0,1,-1,-1,-1
376,2,706.0,465.0,182.0,435.0,1,-1,-1,-1
377,2,706.0,471.0,180.0,431.0,1,-1,-1,-1
378,2,706.0,473.0,180.0,430.0,1,-1,-1,-1
379,2,707.0,476.0,180.0,426.0,1,-1,-1,-1
380,2,709.0,477.0,181.0,424.0,1,-1,-1,-1
381,2,712.0,475.0,183.0,427.0,1,-1,-1,-1
382,2,714.0,474.0,192.0,427.0,1,-1,-1,-1
383,2,708.0,467.0,206.0,434.0,1,-1,-1,-1
384,2,709.0,463.0,211.0,446.0,1,-1,-1,-1
385,2,711.0,458.0,218.0,447.0,1,-1,-1,-1
386,2,713.0,456.0,224.0,447.0,1,-1,-1,-1
387,2,714.0,449.0,232.0,454.0,1,-1,-1,-1
388,2,716.0,447.0,234.0,457.0,1,-1,-1,-1
389,2,717.0,443.0,244.0,463.0,1,-1,-1,-1
390,2,720.0,440.0,250.0,470.0,1,-1,-1,-1
391,2,727.0,432.0,256.0,475.0,1,-1,-1,-1
392,2,729.0,431.0,262.0,481.0,1,-1,-1,-1
393,2,730.0,432.0,264.0,482.0,1,-1,-1,-1
394,2,736.0,433.0,256.0,483.0,1,-1,-1,-1
395,2,742.0,433.0,252.0,485.0,1,-1,-1,-1
396,2,751.0,436.0,244.0,479.0,1,-1,-1,-1
397,2,765.0,442.0,234.0,471.0,1,-1,-1,-1
398,2,775.0,444.0,226.0,469.0,1,-1,-1,-1
399,2,789.0,443.0,213.0,467.0,1,-1,-1,-1
400,2,802.0,439.0,201.0,468.0,1,-1,-1,-1
401,2,809.0,441.0,198.0,463.0,1,-1,-1,-1
402,2,817.0,443.0,194.0,454.0,1,-1,-1,-1
403,2,822.0,446.0,195.0,445.0,1,-1,-1,-1
404,2,836.0,448.0,183.0,444.0,1,-1,-1,-1
405,2,839.0,451.0,183.0,448.0,1,-1,-1,-1
406,2,849.0,456.0,179.0,443.0,1,-1,-1,-1
407,2,863.0,460.0,186.0,440.0,1,-1,-1,-1
408,2,873.0,462.0,188.0,439.0,1,-1,-1,-1
409,2,875.0,463.0,204.0,440.0,1,-1,-1,-1
410,2,884.0,461.0,205.0,446.0,1,-1,-1,-1
411,2,893.0,460.0,225.0,441.0,1,-1,-1,-1
412,2,899.0,463.0,241.0,438.0,1,-1,-1,-1
413,2,905.0,458.0,244.0,443.0,1,-1,-1,-1
414,2,913.0,450.0,247.0,451.0,1,-1,-1,-1
415,2,924.0,446.0,248.0,456.0,1,-1,-1,-1
416,2,932.0,445.0,245.0,460.0,1,-1,-1,-1
417,2,938.0,442.0,244.0,462.0,1,-1,-1,-1
418,2,946.0,437.0,246.0,467.0,1,-1,-1,-1
419,2,950.0,430.0,250.0,484.0,1,-1,-1,-1
420,2,954.0,430.0,247.0,480.0,1,-1,-1,-1
421,2,956.0,435.0,244.0,473.0,1,-1,-1,-1
422,2,959.0,436.0,242.0,472.0,1,-1,-1,-1
423,2,966.0,441.0,240.0,468.0,1,-1,-1,-1
424,2,973.0,439.0,237.0,472.0,1,-1,-1,-1
425,2,977.0,437.0,237.0,474.0,1,-1,-1,-1
426,2,980.0,435.0,234.0,480.0,1,-1,-1,-1
427,2,977.0,440.0,238.0,476.0,1,-1,-1,-1
428,2,986.0,444.0,231.0,467.0,1,-1,-1,-1
429,2,995.0,450.0,222.0,462.0,1,-1,-1,-1
430,2,1000.0,452.0,217.0,456.0,1,-1,-1,-1
431,2,1000.0,457.0,222.0,451.0,1,-1,-1,-1
432,2,1003.0,459.0,220.0,446.0,1,-1,-1,-1
433,2,1003.0,457.0,218.0,445.0,1,-1,-1,-1
434,2,1005.0,461.0,207.0,447.0,1,-1,-1,-1
435,2,1002.0,462.0,205.0,449.0,1,-1,-1,-1
436,2,1002.0,463.0,198.0,448.0,1,-1,-1,-1
437,2,1009.0,468.0,192.0,442.0,1,-1,-1,-1
438,2,1017.0,473.0,182.0,434.0,1,-1,-1,-1
439,2,1020.0,475.0,182.0,435.0,1,-1,-1,-1
440,2,1026.0,476.0,177.0,433.0,1,-1,-1,-1
441,2,1023.0,479.0,178.0,431.0,1,-1,-1,-1
442,2,1033.0,476.0,173.0,436.0,1,-1,-1,-1
443,2,1038.0,474.0,178.0,440.0,1,-1,-1,-1
444,2,1043.0,468.0,176.0,445.0,1,-1,-1,-1
445,2,1048.0,462.0,172.0,446.0,1,-1,-1,-1
446,2,1046.0,458.0,175.0,447.0,1,-1,-1,-1
447,2,1042.0,457.0,198.0,444.0,1,-1,-1,-1
448,2,1041.0,453.0,197.0,446.0,1,-1,-1,-1
449,2,1042.0,448.0,202.0,449.0,1,-1,-1,-1
450,2,1043.0,442.0,206.0,453.0,1,-1,-1,-1
451,2,1041.0,439.0,212.0,458.0,1,-1,-1,-1
452,2,1043.0,433.0,213.0,468.0,1,-1,-1,-1
453,2,1046.0,428.0,217.0,472.0,1,-1,-1,-1
454,2,1050.0,423.0,220.0,476.0,1,-1,-1,-1
455,2,1051.0,423.0,227.0,483.0,1,-1,-1,-1
456,2,1056.0,422.0,228.0,483.0,1,-1,-1,-1
457,2,1062.0,425.0,230.0,486.0,1,-1,-1,-1
458,2,1067.0,424.0,225.0,488.0,1,-1,-1,-1
459,2,1072.0,425.0,223.0,486.0,1,-1,-1,-1
460,2,1073.0,429.0,226.0,482.0,1,-1,-1,-1
461,2,1069.0,432.0,235.0,479.0,1,-1,-1,-1
462,2,1072.0,432.0,235.0,479.0,1,-1,-1,-1
463,2,1078.0,431.0,235.0,481.0,1,-1,-1,-1
464,2,1083.0,429.0,225.0,485.0,1,-1,-1,-1
465,2,1086.0,431.0,214.0,484.0,1,-1,-1,-1
466,2,1088.0,436.0,211.0,475.0,1,-1,-1,-1
467,2,1098.0,441.0,209.0,471.0,1,-1,-1,-1
468,2,1111.0,450.0,195.0,458.0,1,-1,-1,-1
469,2,1117.0,454.0,191.0,449.0,1,-1,-1,-1
470,2,1123.0,455.0,185.0,447.0,1,-1,-1,-1
471,2,1126.0,458.0,185.0,442.0,1,-1,-1,-1
472,2,1125.0,462.0,188.0,441.0,1,-1,-1,-1
473,2,1128.0,465.0,190.0,439.0,1,-1,-1,-1
474,2,1127.0,467.0,194.0,443.0,1,-1,-1,-1
475,2,1130.0,468.0,194.0,440.0,1,-1,-1,-1
476,2,1135.0,466.0,196.0,444.0,1,-1,-1,-1
477,2,1132.0,462.0,210.0,443.0,1,-1,-1,-1
478,2,1134.0,459.0,203.0,446.0,1,-1,-1,-1
479,2,1140.0,455.0,194.0,447.0,1,-1,-1,-1
480,2,1149.0,451.0,182.0,453.0,1,-1,-1,-1
481,2,1151.0,445.0,184.0,460.0,1,-1,-1,-1
482,2,1156.0,438.0,171.0,467.0,1,-1,-1,-1
483,2,1159.0,433.0,163.0,471.0,1,-1,-1,-1
484,2,1159.0,429.0,162.0,477.0,1,-1,-1,-1
485,2,1156.0,423.0,163.0,484.0,1,-1,-1,-1
486,2,1157.0,424.0,159.0,480.0,1,-1,-1,-1
487,2,1156.0,422.0,159.0,484.0,1,-1,-1,-1
488,2,1156.0,421.0,161.0,486.0,1,-1,-1,-1
489,2,1155.0,422.0,162.0,487.0,1,-1,-1,-1
490,2,1156.0,424.0,160.0,485.0,1,-1,-1,-1
491,2,1158.0,424.0,156.0,483.0,1,-1,-1,-1
492,2,1161.0,426.0,150.0,479.0,1,-1,-1,-1
493,2,1159.0,425.0,148.0,481.0,1,-1,-1,-1
494,2,1161.0,426.0,147.0,481.0,1,-1,-1,-1
495,2,1161.0,426.0,144.0,482.0,1,-1,-1,-1
496,2,1161.0,428.0,142.0,472.0,1,-1,-1,-1
497,2,1160.0,428.0,143.0,470.0,1,-1,-1,-1
498,2,1160.0,430.0,143.0,469.0,1,-1,-1,-1
499,2,1159.0,433.0,144.0,467.0,1,-1,-1,-1
500,2,1159.0,437.0,145.0,468.0,1,-1,-1,-1
501,2,1157.0,446.0,150.0,463.0,1,-1,-1,-1
502,2,1156.0,453.0,154.0,454.0,1,-1,-1,-1
503,2,1154.0,463.0,158.0,448.0,1,-1,-1,-1
504,2,1152.0,470.0,163.0,436.0,1,-1,-1,-1
505,2,1150.0,476.0,169.0,433.0,1,-1,-1,-1
506,2,1146.0,478.0,178.0,432.0,1,-1,-1,-1
507,2,1146.0,482.0,187.0,426.0,1,-1,-1,-1
508,2,1150.0,488.0,192.0,421.0,1,-1,-1,-1
509,2,1149.0,492.0,208.0,416.0,1,-1,-1,-1
510,2,1146.0,495.0,219.0,418.0,1,-1,-1,-1
511,2,1140.0,496.0,237.0,415.0,1,-1,-1,-1
512,2,1135.0,496.0,246.0,419.0,1,-1,-1,-1
513,2,1135.0,492.0,245.0,427.0,1,-1,-1,-1
514,2,1132.0,490.0,253.0,430.0,1,-1,-1,-1
515,2,1130.0,490.0,273.0,431.0,1,-1,-1,-1
516,2,1134.0,490.0,283.0,428.0,1,-1,-1,-1
517,2,1141.0,485.0,282.0,432.0,1,-1,-1,-1
518,2,1142.0,465.0,288.0,456.0,1,-1,-1,-1
519,2,1145.0,462.0,288.0,455.0,1,-1,-1,-1
520,2,1149.0,462.0,283.0,449.0,1,-1,-1,-1
521,2,1155.0,457.0,281.0,453.0,1,-1,-1,-1
522,2,1164.0,457.0,276.0,453.0,1,-1,-1,-1
523,2,1168.0,456.0,275.0,453.0,1,-1,-1,-1
524,2,1172.0,456.0,275.0,454.0,1,-1,-1,-1
525,2,1176.0,457.0,272.0,451.0,1,-1,-1,-1
526,2,1178.0,458.0,269.0,448.0,1,-1,-1,-1
527,2,1176.0,458.0,273.0,447.0,1,-1,-1,-1
528,2,1183.0,461.0,266.0,444.0,1,-1,-1,-1
529,2,1189.0,459.0,259.0,448.0,1,-1,-1,-1
530,2,1191.0,460.0,263.0,447.0,1,-1,-1,-1
531,2,1202.0,460.0,256.0,447.0,1,-1,-1,-1
532,2,1210.0,462.0,254.0,446.0,1,-1,-1,-1
533,2,1226.0,464.0,236.0,444.0,1,-1,-1,-1
534,2,1235.0,468.0,225.0,439.0,1,-1,-1,-1
535,2,1255.0,470.0,222.0,433.0,1,-1,-1,-1
536,2,1262.0,474.0,232.0,429.0,1,-1,-1,-1
537,2,1273.0,475.0,228.0,423.0,1,-1,-1,-1
538,2,1287.0,478.0,216.0,423.0,1,-1,-1,-1
539,2,1298.0,478.0,208.0,422.0,1,-1,-1,-1
540,2,1300.0,479.0,207.0,421.0,1,-1,-1,-1
541,2,1302.0,475.0,200.0,424.0,1,-1,-1,-1
542,2,1303.0,470.0,201.0,430.0,1,-1,-1,-1
543,2,1305.0,470.0,197.0,431.0,1,-1,-1,-1
544,2,1308.0,467.0,194.0,432.0,1,-1,-1,-1
545,2,1312.0,465.0,190.0,433.0,1,-1,-1,-1
546,2,1318.0,465.0,181.0,431.0,1,-1,-1,-1
547,2,1323.0,464.0,178.0,432.0,1,-1,-1,-1
548,2,1325.0,464.0,181.0,430.0,1,-1,-1,-1
549,2,1327.0,457.0,180.0,435.0,1,-1,-1,-1
550,2,1330.0,457.0,172.0,435.0,1,-1,-1,-1
551,2,1331.0,456.0,171.0,435.0,1,-1,-1,-1
552,2,1335.0,456.0,165.0,433.0,1,-1,-1,-1
553,2,1336.0,456.0,160.0,435.0,1,-1,-1,-1
554,2,1337.0,456.0,161.0,440.0,1,-1,-1,-1
555,2,1341.0,456.0,160.0,443.0,1,-1,-1,-1
556,2,1342.0,458.0,161.0,442.0,1,-1,-1,-1
557,2,1343.0,457.0,159.0,441.0,1,-1,-1,-1
558,2,1346.0,458.0,158.0,440.0,1,-1,-1,-1
559,2,1347.0,461.0,155.0,438.0,1,-1,-1,-1
560,2,1352.0,461.0,159.0,437.0,1,-1,-1,-1
561,2,1354.0,462.0,166.0,435.0,1,-1,-1,-1
562,2,1351.0,460.0,174.0,435.0,1,-1,-1,-1
563,2,1350.0,460.0,189.0,438.0,1,-1,-1,-1
564,2,1349.0,458.0,165.0,437.0,1,-1,-1,-1
565,2,1346.0,464.0,157.0,430.0,1,-1,-1,-1
566,2,1342.0,464.0,185.0,428.0,1,-1,-1,-1
567,2,1336.0,470.0,172.0,426.0,1,-1,-1,-1
568,2,1311.0,477.0,177.0,418.0,1,-1,-1,-1
569,2,1297.0,480.0,188.0,417.0,1,-1,-1,-1
570,2,1309.0,485.0,183.0,416.0,1,-1,-1,-1
571,2,1336.0,490.0,163.0,417.0,1,-1,-1,-1
572,2,1334.0,494.0,169.0,412.0,1,-1,-1,-1
573,2,1304.0,490.0,202.0,415.0,1,-1,-1,-1
574,2,1305.0,487.0,208.0,414.0,1,-1,-1,-1
575,2,1313.0,483.0,209.0,417.0,1,-1,-1,-1
576,2,1297.0,479.0,239.0,422.0,1,-1,-1,-1
577,2,1290.0,475.0,253.0,427.0,1,-1,-1,-1
578,2,1283.0,472.0,275.0,426.0,1,-1,-1,-1
579,2,1252.0,472.0,316.0,418.0,1,-1,-1,-1
580,2,1252.0,467.0,317.0,421.0,1,-1,-1,-1
581,2,1237.0,468.0,335.0,418.0,1,-1,-1,-1
582,2,1232.0,467.0,338.0,416.0,1,-1,-1,-1
583,2,1233.0,469.0,319.0,418.0,1,-1,-1,-1
584,2,1233.0,467.0,301.0,421.0,1,-1,-1,-1
585,2,1231.0,467.0,293.0,427.0,1,-1,-1,-1
586,2,1240.0,472.0,275.0,429.0,1,-1,-1,-1
587,2,1242.0,473.0,264.0,434.0,1,-1,-1,-1
588,2,1251.0,472.0,252.0,437.0,1,-1,-1,-1
589,2,1251.0,474.0,249.0,433.0,1,-1,-1,-1
590,2,1254.0,470.0,246.0,436.0,1,-1,-1,-1
591,2,1253.0,468.0,249.0,439.0,1,-1,-1,-1
592,2,1255.0,468.0,251.0,438.0,1,-1,-1,-1
593,2,1254.0,465.0,258.0,442.0,1,-1,-1,-1
594,2,1254.0,465.0,267.0,441.0,1,-1,-1,-1
595,2,1253.0,474.0,284.0,427.0,1,-1,-1,-1
596,2,1255.0,472.0,297.0,428.0,1,-1,-1,-1
597,2,1258.0,470.0,308.0,430.0,1,-1,-1,-1
598,2,1265.0,470.0,314.0,425.0,1,-1,-1,-1
599,2,1274.0,472.0,311.0,423.0,1,-1,-1,-1
600,2,1272.0,472.0,317.0,419.0,1,-1,-1,-1
601,2,1269.0,473.0,324.0,423.0,1,-1,-1,-1
602,2,1265.0,478.0,333.0,418.0,1,-1,-1,-1
603,2,1265.0,480.0,332.0,417.0,1,-1,-1,-1
604,2,1238.0,485.0,362.0,415.0,1,-1,-1,-1
605,2,1231.0,483.0,372.0,418.0,1,-1,-1,-1
606,2,1237.0,486.0,365.0,414.0,1,-1,-1,-1
607,2,1234.0,484.0,365.0,417.0,1,-1,-1,-1
608,2,1244.0,481.0,354.0,420.0,1,-1,-1,-1
609,2,1247.0,476.0,349.0,423.0,1,-1,-1,-1
610,2,1258.0,466.0,336.0,428.0,1,-1,-1,-1
611,2,1270.0,465.0,319.0,431.0,1,-1,-1,-1
612,2,1287.0,459.0,300.0,436.0,1,-1,-1,-1
613,2,1301.0,456.0,286.0,439.0,1,-1,-1,-1
614,2,1311.0,455.0,276.0,441.0,1,-1,-1,-1
615,2,1320.0,461.0,261.0,431.0,1,-1,-1,-1
616,2,1325.0,462.0,250.0,426.0,1,-1,-1,-1
617,2,1328.0,459.0,238.0,430.0,1,-1,-1,-1
618,2,1330.0,457.0,209.0,432.0,1,-1,-1,-1
619,2,1330.0,455.0,192.0,437.0,1,-1,-1,-1
620,2,1329.0,457.0,180.0,435.0,1,-1,-1,-1
621,2,1331.0,455.0,179.0,440.0,1,-1,-1,-1
622,2,1332.0,456.0,180.0,443.0,1,-1,-1,-1
623,2,1332.0,464.0,177.0,435.0,1,-1,-1,-1
624,2,1332.0,468.0,174.0,432.0,1,-1,-1,-1
625,2,1332.0,469.0,172.0,430.0,1,-1,-1,-1
626,2,1335.0,472.0,169.0,425.0,1,-1,-1,-1
627,2,1338.0,472.0,166.0,426.0,1,-1,-1,-1
628,2,1339.0,472.0,162.0,428.0,1,-1,-1,-1
629,2,1339.0,470.0,160.0,429.0,1,-1,-1,-1
630,2,1341.0,471.0,159.0,427.0,1,-1,-1,-1
631,2,1341.0,475.0,156.0,423.0,1,-1,-1,-1
632,2,1339.0,478.0,159.0,419.0,1,-1,-1,-1
633,2,1339.0,484.0,153.0,413.0,1,-1,-1,-1
634,2,1341.0,487.0,149.0,411.0,1,-1,-1,-1
635,2,1340.0,494.0,146.0,403.0,1,-1,-1,-1
636,2,1339.0,497.0,147.0,400.0,1,-1,-1,-1
637,2,1336.0,503.0,152.0,393.0,1,-1,-1,-1
638,2,1329.0,510.0,159.0,386.0,1,-1,-1,-1
639,2,1306.0,511.0,182.0,384.0,1,-1,-1,-1
640,2,1284.0,514.0,201.0,384.0,1,-1,-1,-1
641,2,1265.0,517.0,221.0,381.0,1,-1,-1,-1
642,2,1256.0,519.0,230.0,379.0,1,-1,-1,-1
643,2,1252.0,524.0,230.0,375.0,1,-1,-1,-1
644,2,1237.0,521.0,243.0,377.0,1,-1,-1,-1
645,2,1233.0,513.0,245.0,387.0,1,-1,-1,-1
646,2,1227.0,511.0,246.0,391.0,1,-1,-1,-1
647,2,1219.0,500.0,252.0,401.0,1,-1,-1,-1
648,2,1209.0,499.0,257.0,398.0,1,-1,-1,-1
649,2,1207.0,497.0,253.0,396.0,1,-1,-1,-1
650,2,1201.0,488.0,259.0,406.0,1,-1,-1,-1
651,2,1195.0,479.0,259.0,417.0,1,-1,-1,-1
652,2,1189.0,471.0,262.0,425.0,1,-1,-1,-1
653,2,1185.0,469.0,262.0,426.0,1,-1,-1,-1
654,2,1180.0,471.0,252.0,427.0,1,-1,-1,-1
655,2,1178.0,462.0,247.0,443.0,1,-1,-1,-1
656,2,1173.0,456.0,247.0,455.0,1,-1,-1,-1
657,2,1171.0,453.0,243.0,463.0,1,-1,-1,-1
658,2,1168.0,452.0,243.0,464.0,1,-1,-1,-1
659,2,1158.0,451.0,250.0,464.0,1,-1,-1,-1
660,2,1155.0,451.0,252.0,464.0,1,-1,-1,-1
661,2,1150.0,454.0,253.0,460.0,1,-1,-1,-1
662,2,1148.0,456.0,255.0,458.0,1,-1,-1,-1
663,2,1150.0,456.0,245.0,458.0,1,-1,-1,-1
664,2,1155.0,453.0,238.0,462.0,1,-1,-1,-1
665,2,1163.0,454.0,228.0,464.0,1,-1,-1,-1
666,2,1169.0,451.0,216.0,468.0,1,-1,-1,-1
667,2,1173.0,462.0,208.0,457.0,1,-1,-1,-1
668,2,1175.0,455.0,205.0,457.0,1,-1,-1,-1
669,2,1176.0,449.0,203.0,465.0,1,-1,-1,-1
670,2,1175.0,450.0,204.0,459.0,1,-1,-1,-1
671,2,1175.0,448.0,189.0,459.0,1,-1,-1,-1
672,2,1172.0,441.0,185.0,468.0,1,-1,-1,-1
673,2,1159.0,438.0,196.0,468.0,1,-1,-1,-1
674,2,1151.0,430.0,203.0,477.0,1,-1,-1,-1
675,2,1157.0,424.0,195.0,485.0,1,-1,-1,-1
676,2,1159.0,420.0,189.0,489.0,1,-1,-1,-1
677,2,1162.0,412.0,184.0,492.0,1,-1,-1,-1
678,2,1160.0,405.0,191.0,500.0,1,-1,-1,-1
679,2,1160.0,402.0,191.0,503.0,1,-1,-1,-1
680,2,1157.0,399.0,186.0,508.0,1,-1,-1,-1
681,2,1152.0,394.0,186.0,513.0,1,-1,-1,-1
682,2,1151.0,394.0,184.0,512.0,1,-1,-1,-1
683,2,1147.0,392.0,179.0,518.0,1,-1,-1,-1
684,2,1145.0,391.0,170.0,517.0,1,-1,-1,-1
685,2,1143.0,392.0,168.0,516.0,1,-1,-1,-1
686,2,1140.0,391.0,165.0,513.0,1,-1,-1,-1
687,2,1134.0,396.0,165.0,509.0,1,-1,-1,-1
688,2,1130.0,405.0,168.0,509.0,1,-1,-1,-1
689,2,1121.0,409.0,172.0,518.0,1,-1,-1,-1
690,2,1112.0,415.0,172.0,510.0,1,-1,-1,-1
691,2,1103.0,412.0,175.0,517.0,1,-1,-1,-1
692,2,1115.0,416.0,166.0,508.0,1,-1,-1,-1
693,2,1105.0,414.0,170.0,514.0,1,-1,-1,-1
694,2,1104.0,417.0,168.0,508.0,1,-1,-1,-1
695,2,1098.0,419.0,173.0,499.0,1,-1,-1,-1
696,2,1103.0,418.0,167.0,498.0,1,-1,-1,-1
697,2,1100.0,422.0,168.0,492.0,1,-1,-1,-1
698,2,1102.0,423.0,171.0,489.0,1,-1,-1,-1
699,2,1100.0,424.0,172.0,490.0,1,-1,-1,-1
700,2,1092.0,427.0,178.0,497.0,1,-1,-1,-1
701,2,1088.0,431.0,183.0,495.0,1,-1,-1,-1
702,2,1084.0,433.0,186.0,493.0,1,-1,-1,-1
703,2,1078.0,439.0,195.0,484.0,1,-1,-1,-1
704,2,1060.0,439.0,215.0,488.0,1,-1,-1,-1
705,2,1077.0,438.0,202.0,489.0,1,-1,-1,-1
706,2,1081.0,440.0,198.0,492.0,1,-1,-1,-1
707,2,1086.0,437.0,188.0,497.0,1,-1,-1,-1
708,2,1093.0,430.0,180.0,498.0,1,-1,-1,-1
709,2,1093.0,430.0,180.0,498.0,1,-1,-1,-1
710,2,1078.0,430.0,190.0,492.0,1,-1,-1,-1
711,2,1070.0,422.0,196.0,502.0,1,-1,-1,-1
712,2,1072.0,423.0,198.0,499.0,1,-1,-1,-1
713,2,1043.0,424.0,225.0,491.0,1,-1,-1,-1
714,2,1041.0,427.0,226.0,486.0,1,-1,-1,-1
715,2,1036.0,427.0,230.0,483.0,1,-1,-1,-1
716,2,1042.0,425.0,224.0,486.0,1,-1,-1,-1
717,2,1038.0,425.0,226.0,485.0,1,-1,-1,-1
718,2,1038.0,422.0,225.0,487.0,1,-1,-1,-1
719,2,1042.0,421.0,221.0,488.0,1,-1,-1,-1
720,2,1043.0,424.0,218.0,491.0,1,-1,-1,-1
721,2,1043.0,428.0,217.0,490.0,1,-1,-1,-1
722,2,1037.0,429.0,223.0,488.0,1,-1,-1,-1
723,2,1036.0,428.0,227.0,488.0,1,-1,-1,-1
724,2,1035.0,428.0,229.0,481.0,1,-1,-1,-1
725,2,1040.0,427.0,226.0,478.0,1,-1,-1,-1
726,2,1042.0,425.0,224.0,479.0,1,-1,-1,-1
727,2,1050.0,425.0,218.0,479.0,1,-1,-1,-1
728,2,1068.0,423.0,207.0,481.0,1,-1,-1,-1
729,2,1078.0,427.0,208.0,475.0,1,-1,-1,-1
730,2,1087.0,427.0,210.0,476.0,1,-1,-1,-1
731,2,1087.0,432.0,222.0,469.0,1,-1,-1,-1
732,2,1084.0,433.0,240.0,469.0,1,-1,-1,-1
733,2,1081.0,435.0,257.0,469.0,1,-1,-1,-1
734,2,1081.0,438.0,278.0,465.0,1,-1,-1,-1
735,2,1081.0,440.0,306.0,461.0,1,-1,-1,-1
736,2,1081.0,438.0,325.0,451.0,1,-1,-1,-1
737,2,1083.0,437.0,325.0,441.0,1,-1,-1,-1
738,2,1088.0,436.0,321.0,450.0,1,-1,-1,-1
739,2,1092.0,434.0,312.0,449.0,1,-1,-1,-1
740,2,1100.0,431.0,299.0,471.0,1,-1,-1,-1
741,2,1112.0,421.0,281.0,484.0,1,-1,-1,-1
742,2,1116.0,415.0,275.0,494.0,1,-1,-1,-1
743,2,1121.0,414.0,267.0,497.0,1,-1,-1,-1
744,2,1126.0,409.0,257.0,499.0,1,-1,-1,-1
745,2,1130.0,403.0,246.0,494.0,1,-1,-1,-1
746,2,1138.0,401.0,235.0,491.0,1,-1,-1,-1
747,2,1141.0,401.0,226.0,495.0,1,-1,-1,-1
748,2,1149.0,399.0,218.0,501.0,1,-1,-1,-1
749,2,1156.0,398.0,220.0,510.0,1,-1,-1,-1
750,2,1160.0,395.0,231.0,517.0,1,-1,-1,-1
751,2,1164.0,396.0,240.0,524.0,1,-1,-1,-1
752,2,1170.0,397.0,238.0,525.0,1,-1,-1,-1
753,2,1175.0,402.0,236.0,521.0,1,-1,-1,-1
754,2,1180.0,404.0,235.0,524.0,1,-1,-1,-1
755,2,1183.0,408.0,232.0,521.0,1,-1,-1,-1
756,2,1185.0,409.0,231.0,521.0,1,-1,-1,-1
757,2,1191.0,410.0,222.0,519.0,1,-1,-1,-1
758,2,1195.0,414.0,217.0,510.0,1,-1,-1,-1
759,2,1199.0,416.0,215.0,506.0,1,-1,-1,-1
760,2,1204.0,420.0,211.0,500.0,1,-1,-1,-1
761,2,1210.0,420.0,206.0,499.0,1,-1,-1,-1
762,2,1214.0,427.0,205.0,494.0,1,-1,-1,-1
763,2,1220.0,434.0,199.0,494.0,1,-1,-1,-1
764,2,1221.0,442.0,200.0,484.0,1,-1,-1,-1
765,2,1222.0,453.0,206.0,470.0,1,-1,-1,-1
766,2,1228.0,455.0,202.0,471.0,1,-1,-1,-1
767,2,1227.0,458.0,201.0,468.0,1,-1,-1,-1
768,2,1226.0,461.0,205.0,465.0,1,-1,-1,-1
769,2,1224.0,462.0,210.0,463.0,1,-1,-1,-1
770,2,1224.0,465.0,210.0,459.0,1,-1,-1,-1
771,2,1224.0,465.0,211.0,458.0,1,-1,-1,-1
772,2,1223.0,466.0,212.0,458.0,1,-1,-1,-1
773,2,1223.0,463.0,212.0,463.0,1,-1,-1,-1
774,2,1224.0,463.0,211.0,460.0,1,-1,-1,-1
775,2,1219.0,461.0,217.0,462.0,1,-1,-1,-1
776,2,1212.0,463.0,221.0,461.0,1,-1,-1,-1
777,2,1207.0,464.0,222.0,462.0,1,-1,-1,-1
778,2,1198.0,468.0,227.0,460.0,1,-1,-1,-1
779,2,1182.0,458.0,243.0,473.0,1,-1,-1,-1
780,2,1167.0,453.0,259.0,474.0,1,-1,-1,-1
781,2,1152.0,451.0,271.0,475.0,1,-1,-1,-1
782,2,1141.0,452.0,280.0,475.0,1,-1,-1,-1
783,2,1125.0,456.0,296.0,472.0,1,-1,-1,-1
784,2,1111.0,461.0,312.0,466.0,1,-1,-1,-1
785,2,1105.0,464.0,319.0,463.0,1,-1,-1,-1
786,2,1102.0,454.0,323.0,472.0,1,-1,-1,-1
787,2,1098.0,453.0,327.0,473.0,1,-1,-1,-1
788,2,1097.0,451.0,326.0,476.0,1,-1,-1,-1
789,2,1091.0,449.0,329.0,481.0,1,-1,-1,-1
790,2,1088.0,448.0,331.0,482.0,1,-1,-1,-1
791,2,1088.0,447.0,327.0,480.0,1,-1,-1,-1
792,2,1091.0,447.0,323.0,479.0,1,-1,-1,-1
793,2,1090.0,447.0,322.0,479.0,1,-1,-1,-1
794,2,1089.0,448.0,320.0,479.0,1,-1,-1,-1
795,2,1086.0,451.0,322.0,478.0,1,-1,-1,-1
796,2,1086.0,453.0,320.0,475.0,1,-1,-1,-1
797,2,1089.0,455.0,317.0,473.0,1,-1,-1,-1
798,2,1088.0,459.0,318.0,469.0,1,-1,-1,-1
799,2,1092.0,466.0,314.0,464.0,1,-1,-1,-1
800,2,1093.0,465.0,310.0,465.0,1,-1,-1,-1
801,2,1090.0,468.0,315.0,462.0,1,-1,-1,-1
802,2,1090.0,469.0,313.0,462.0,1,-1,-1,-1
803,2,1089.0,468.0,314.0,462.0,1,-1,-1,-1
804,2,1086.0,470.0,321.0,458.0,1,-1,-1,-1
805,2,1087.0,464.0,320.0,463.0,1,-1,-1,-1
806,2,1085.0,464.0,324.0,463.0,1,-1,-1,-1
807,2,1086.0,458.0,325.0,469.0,1,-1,-1,-1
808,2,1090.0,454.0,323.0,475.0,1,-1,-1,-1
809,2,1093.0,454.0,321.0,475.0,1,-1,-1,-1
810,2,1096.0,453.0,320.0,476.0,1,-1,-1,-1
811,2,1099.0,446.0,319.0,483.0,1,-1,-1,-1
812,2,1100.0,444.0,318.0,484.0,1,-1,-1,-1
813,2,1099.0,440.0,319.0,488.0,1,-1,-1,-1
814,2,1099.0,430.0,317.0,498.0,1,-1,-1,-1
815,2,1099.0,423.0,318.0,505.0,1,-1,-1,-1
816,2,1099.0,423.0,314.0,503.0,1,-1,-1,-1
817,2,1099.0,426.0,312.0,500.0,1,-1,-1,-1
818,2,1098.0,428.0,313.0,498.0,1,-1,-1,-1
819,2,1099.0,427.0,312.0,502.0,1,-1,-1,-1
820,2,1099.0,429.0,312.0,501.0,1,-1,-1,-1
821,2,1100.0,435.0,308.0,491.0,1,-1,-1,-1
822,2,1099.0,433.0,307.0,491.0,1,-1,-1,-1
823,2,1101.0,435.0,304.0,490.0,1,-1,-1,-1
824,2,1102.0,446.0,303.0,478.0,1,-1,-1,-1
825,2,1103.0,448.0,303.0,477.0,1,-1,-1,-1
826,2,1107.0,450.0,301.0,475.0,1,-1,-1,-1
827,2,1109.0,455.0,301.0,471.0,1,-1,-1,-1
828,2,1111.0,457.0,300.0,468.0,1,-1,-1,-1
829,2,1115.0,462.0,296.0,464.0,1,-1,-1,-1
830,2,1119.0,462.0,295.0,465.0,1,-1,-1,-1
831,2,1124.0,464.0,295.0,463.0,1,-1,-1,-1
832,2,1126.0,467.0,295.0,460.0,1,-1,-1,-1
833,2,1131.0,465.0,289.0,464.0,1,-1,-1,-1
834,2,1133.0,465.0,288.0,463.0,1,-1,-1,-1
835,2,1130.0,463.0,289.0,466.0,1,-1,-1,-1
836,2,1135.0,459.0,283.0,469.0,1,-1,-1,-1
837,2,1138.0,457.0,278.0,471.0,1,-1,-1,-1
838,2,1140.0,455.0,274.0,472.0,1,-1,-1,-1
839,2,1139.0,452.0,273.0,476.0,1,-1,-1,-1
840,2,1139.0,452.0,271.0,475.0,1,-1,-1,-1
841,2,1140.0,447.0,270.0,480.0,1,-1,-1,-1
842,2,1135.0,445.0,277.0,483.0,1,-1,-1,-1
843,2,1134.0,441.0,281.0,486.0,1,-1,-1,-1
844,2,1130.0,434.0,283.0,494.0,1,-1,-1,-1
845,2,1126.0,430.0,292.0,497.0,1,-1,-1,-1
846,2,1127.0,427.0,289.0,499.0,1,-1,-1,-1
847,2,1128.0,425.0,287.0,503.0,1,-1,-1,-1
848,2,1125.0,423.0,288.0,505.0,1,-1,-1,-1
849,2,1118.0,417.0,293.0,512.0,1,-1,-1,-1
850,2,1111.0,407.0,298.0,520.0,1,-1,-1,-1
851,2,1112.0,409.0,291.0,519.0,1,-1,-1,-1
852,2,1114.0,411.0,284.0,515.0,1,-1,-1,-1
853,2,1111.0,412.0,278.0,514.0,1,-1,-1,-1
854,2,1115.0,415.0,268.0,516.0,1,-1,-1,-1
855,2,1113.0,414.0,262.0,514.0,1,-1,-1,-1
856,2,1113.0,418.0,254.0,512.0,1,-1,-1,-1
857,2,1111.0,416.0,256.0,515.0,1,-1,-1,-1
858,2,1107.0,416.0,258.0,514.0,1,-1,-1,-1
859,2,1102.0,419.0,263.0,510.0,1,-1,-1,-1
860,2,1095.0,420.0,274.0,506.0,1,-1,-1,-1
861,2,1088.0,433.0,274.0,494.0,1,-1,-1,-1
862,2,1086.0,433.0,276.0,493.0,1,-1,-1,-1
863,2,1080.0,438.0,276.0,489.0,1,-1,-1,-1
864,2,1076.0,435.0,276.0,493.0,1,-1,-1,-1
865,2,1077.0,432.0,269.0,494.0,1,-1,-1,-1
866,2,1075.0,428.0,266.0,496.0,1,-1,-1,-1
867,2,1074.0,427.0,265.0,495.0,1,-1,-1,-1
868,2,1071.0,420.0,268.0,503.0,1,-1,-1,-1
869,2,1069.0,415.0,264.0,506.0,1,-1,-1,-1
870,2,1070.0,407.0,256.0,518.0,1,-1,-1,-1
871,2,1066.0,395.0,257.0,532.0,1,-1,-1,-1
872,2,1061.0,390.0,261.0,539.0,1,-1,-1,-1
873,2,1060.0,384.0,263.0,542.0,1,-1,-1,-1
874,2,1061.0,374.0,259.0,555.0,1,-1,-1,-1
875,2,1060.0,370.0,255.0,552.0,1,-1,-1,-1
876,2,1058.0,363.0,247.0,555.0,1,-1,-1,-1
877,2,1059.0,361.0,244.0,553.0,1,-1,-1,-1
878,2,1057.0,354.0,247.0,555.0,1,-1,-1,-1
879,2,1053.0,348.0,251.0,560.0,1,-1,-1,-1
880,2,1046.0,343.0,256.0,561.0,1,-1,-1,-1
881,2,1046.0,337.0,256.0,570.0,1,-1,-1,-1
882,2,1049.0,343.0,248.0,550.0,1,-1,-1,-1
883,2,1044.0,343.0,248.0,555.0,1,-1,-1,-1
884,2,1044.0,347.0,243.0,542.0,1,-1,-1,-1
885,2,1041.0,347.0,247.0,554.0,1,-1,-1,-1
886,2,1041.0,351.0,241.0,552.0,1,-1,-1,-1
887,2,1042.0,360.0,237.0,542.0,1,-1,-1,-1
888,2,1041.0,367.0,236.0,536.0,1,-1,-1,-1
889,2,1034.0,380.0,241.0,529.0,1,-1,-1,-1
890,2,1036.0,386.0,239.0,528.0,1,-1,-1,-1
891,2,1032.0,395.0,241.0,521.0,1,-1,-1,-1
892,2,1030.0,400.0,242.0,520.0,1,-1,-1,-1
893,2,1027.0,406.0,246.0,520.0,1,-1,-1,-1
894,2,1020.0,421.0,252.0,502.0,1,-1,-1,-1
895,2,1021.0,428.0,252.0,499.0,1,-1,-1,-1
896,2,1023.0,439.0,251.0,484.0,1,-1,-1,-1
897,2,1021.0,445.0,257.0,480.0,1,-1,-1,-1
898,2,1021.0,448.0,256.0,473.0,1,-1,-1,-1
899,2,1028.0,455.0,250.0,460.0,1,-1,-1,-1
900,2,1032.0,457.0,251.0,457.0,1,-1,-1,-1
901,2,1037.0,459.0,250.0,461.0,1,-1,-1,-1
902,2,1039.0,461.0,251.0,459.0,1,-1,-1,-1
903,2,1042.0,462.0,253.0,458.0,1,-1,-1,-1
904,2,1041.0,464.0,259.0,456.0,1,-1,-1,-1
905,2,1040.0,467.0,270.0,453.0,1,-1,-1,-1
906,2,1037.0,465.0,284.0,455.0,1,-1,-1,-1
907,2,1036.0,465.0,291.0,453.0,1,-1,-1,-1
908,2,1038.0,464.0,295.0,455.0,1,-1,-1,-1
909,2,1039.0,463.0,302.0,454.0,1,-1,-1,-1
910,2,1041.0,471.0,314.0,447.0,1,-1,-1,-1
911,2,1042.0,460.0,315.0,457.0,1,-1,-1,-1
912,2,1045.0,461.0,321.0,458.0,1,-1,-1,-1
913,2,1051.0,464.0,316.0,456.0,1,-1,-1,-1
914,2,1053.0,465.0,316.0,457.0,1,-1,-1,-1
915,2,1054.0,470.0,320.0,454.0,1,-1,-1,-1
916,2,1054.0,469.0,323.0,454.0,1,-1,-1,-1
917,2,1055.0,471.0,322.0,455.0,1,-1,-1,-1
918,2,1059.0,479.0,315.0,449.0,1,-1,-1,-1
919,2,1058.0,482.0,311.0,447.0,1,-1,-1,-1
920,2,1056.0,484.0,314.0,440.0,1,-1,-1,-1
921,2,1061.0,485.0,308.0,442.0,1,-1,-1,-1
922,2,1065.0,489.0,308.0,437.0,1,-1,-1,-1
923,2,1065.0,496.0,308.0,430.0,1,-1,-1,-1
924,2,1071.0,495.0,305.0,432.0,1,-1,-1,-1
925,2,1073.0,500.0,304.0,428.0,1,-1,-1,-1
926,2,1072.0,502.0,306.0,428.0,1,-1,-1,-1
927,2,1074.0,510.0,301.0,417.0,1,-1,-1,-1
928,2,1077.0,507.0,301.0,422.0,1,-1,-1,-1
929,2,1083.0,508.0,298.0,414.0,1,-1,-1,-1
930,2,1080.0,507.0,308.0,416.0,1,-1,-1,-1
931,2,1081.0,507.0,318.0,416.0,1,-1,-1,-1
932,2,1087.0,508.0,318.0,417.0,1,-1,-1,-1
933,2,1087.0,508.0,318.0,418.0,1,-1,-1,-1
934,2,1088.0,501.0,311.0,424.0,1,-1,-1,-1
935,2,1088.0,495.0,301.0,432.0,1,-1,-1,-1
936,2,1090.0,488.0,294.0,436.0,1,-1,-1,-1
937,2,1092.0,482.0,287.0,442.0,1,-1,-1,-1
938,2,1086.0,473.0,291.0,452.0,1,-1,-1,-1
939,2,1087.0,465.0,293.0,461.0,1,-1,-1,-1
940,2,1087.0,459.0,292.0,467.0,1,-1,-1,-1
941,2,1084.0,453.0,294.0,473.0,1,-1,-1,-1
942,2,1082.0,450.0,292.0,472.0,1,-1,-1,-1
943,2,1079.0,450.0,294.0,475.0,1,-1,-1,-1
944,2,1079.0,450.0,296.0,473.0,1,-1,-1,-1
945,2,1079.0,446.0,292.0,478.0,1,-1,-1,-1
946,2,1078.0,443.0,292.0,481.0,1,-1,-1,-1
947,2,1076.0,446.0,294.0,480.0,1,-1,-1,-1
948,2,1077.0,441.0,290.0,485.0,1,-1,-1,-1
949,2,1074.0,444.0,293.0,480.0,1,-1,-1,-1
950,2,1074.0,450.0,291.0,473.0,1,-1,-1,-1
951,2,1070.0,459.0,291.0,465.0,1,-1,-1,-1
952,2,1074.0,459.0,289.0,464.0,1,-1,-1,-1
953,2,1074.0,462.0,289.0,460.0,1,-1,-1,-1
954,2,1071.0,465.0,291.0,457.0,1,-1,-1,-1
955,2,1068.0,469.0,299.0,456.0,1,-1,-1,-1
956,2,1069.0,475.0,303.0,450.0,1,-1,-1,-1
957,2,1072.0,477.0,297.0,449.0,1,-1,-1,-1
958,2,1068.0,479.0,300.0,444.0,1,-1,-1,-1
959,2,1070.0,482.0,299.0,440.0,1,-1,-1,-1
960,2,1070.0,481.0,299.0,442.0,1,-1,-1,-1
961,2,1070.0,483.0,301.0,439.0,1,-1,-1,-1
962,2,1071.0,483.0,297.0,441.0,1,-1,-1,-1
963,2,1068.0,483.0,300.0,441.0,1,-1,-1,-1
964,2,1069.0,478.0,297.0,445.0,1,-1,-1,-1
965,2,1067.0,481.0,301.0,443.0,1,-1,-1,-1
966,2,1065.0,476.0,304.0,449.0,1,-1,-1,-1
967,2,1064.0,472.0,306.0,452.0,1,-1,-1,-1
968,2,1065.0,470.0,309.0,453.0,1,-1,-1,-1
969,2,1066.0,468.0,311.0,458.0,1,-1,-1,-1
970,2,1069.0,461.0,313.0,461.0,1,-1,-1,-1
971,2,1070.0,458.0,314.0,464.0,1,-1,-1,-1
972,2,1070.0,453.0,315.0,469.0,1,-1,-1,-1
973,2,1072.0,447.0,312.0,476.0,1,-1,-1,-1
974,2,1075.0,438.0,304.0,487.0,1,-1,-1,-1
975,2,1077.0,432.0,303.0,492.0,1,-1,-1,-1
976,2,1080.0,430.0,297.0,493.0,1,-1,-1,-1
977,2,1080.0,426.0,294.0,499.0,1,-1,-1,-1
978,2,1081.0,423.0,285.0,501.0,1,-1,-1,-1
979,2,1083.0,420.0,275.0,504.0,1,-1,-1,-1
980,2,1086.0,419.0,271.0,505.0,1,-1,-1,-1
981,2,1089.0,420.0,263.0,503.0,1,-1,-1,-1
982,2,1094.0,420.0,255.0,504.0,1,-1,-1,-1
983,2,1103.0,418.0,243.0,506.0,1,-1,-1,-1
984,2,1110.0,419.0,234.0,507.0,1,-1,-1,-1
985,2,1121.0,422.0,223.0,505.0,1,-1,-1,-1
986,2,1125.0,424.0,222.0,504.0,1,-1,-1,-1
987,2,1134.0,428.0,218.0,498.0,1,-1,-1,-1
988,2,1145.0,433.0,214.0,492.0,1,-1,-1,-1
989,2,1153.0,435.0,212.0,489.0,1,-1,-1,-1
990,2,1163.0,437.0,209.0,490.0,1,-1,-1,-1
991,2,1173.0,438.0,204.0,488.0,1,-1,-1,-1
992,2,1183.0,439.0,202.0,489.0,1,-1,-1,-1
993,2,1188.0,441.0,208.0,486.0,1,-1,-1,-1
994,2,1196.0,448.0,220.0,483.0,1,-1,-1,-1
995,2,1194.0,443.0,216.0,486.0,1,-1,-1,-1
996,2,1195.0,439.0,216.0,488.0,1,-1,-1,-1
997,2,1197.0,440.0,219.0,485.0,1,-1,-1,-1
998,2,1197.0,438.0,224.0,492.0,1,-1,-1,-1
999,2,1204.0,432.0,220.0,494.0,1,-1,-1,-1
1000,2,1200.0,421.0,234.0,501.0,1,-1,-1,-1
1001,2,1200.0,414.0,235.0,504.0,1,-1,-1,-1
1002,2,1200.0,408.0,240.0,516.0,1,-1,-1,-1
1003,2,1198.0,397.0,240.0,526.0,1,-1,-1,-1
1004,2,1201.0,391.0,246.0,530.0,1,-1,-1,-1
1005,2,1204.0,388.0,245.0,531.0,1,-1,-1,-1
1006,2,1201.0,383.0,249.0,534.0,1,-1,-1,-1
1007,2,1201.0,380.0,254.0,536.0,1,-1,-1,-1
1008,2,1202.0,381.0,262.0,533.0,1,-1,-1,-1
1009,2,1209.0,381.0,267.0,532.0,1,-1,-1,-1
1010,2,1212.0,382.0,272.0,528.0,1,-1,-1,-1
1011,2,1211.0,384.0,283.0,525.0,1,-1,-1,-1
1012,2,1208.0,388.0,298.0,519.0,1,-1,-1,-1
1013,2,1203.0,391.0,304.0,517.0,1,-1,-1,-1
1014,2,1200.0,398.0,303.0,512.0,1,-1,-1,-1
1015,2,1202.0,401.0,292.0,508.0,1,-1,-1,-1
1016,2,1199.0,396.0,282.0,515.0,1,-1,-1,-1
1017,2,1194.0,394.0,272.0,522.0,1,-1,-1,-1
1018,2,1189.0,394.0,257.0,525.0,1,-1,-1,-1
1019,2,1187.0,408.0,253.0,513.0,1,-1,-1,-1
1020,2,1185.0,413.0,250.0,506.0,1,-1,-1,-1
1021,2,1176.0,416.0,255.0,505.0,1,-1,-1,-1
1022,2,1175.0,431.0,248.0,487.0,1,-1,-1,-1
1023,2,1172.0,439.0,250.0,479.0,1,-1,-1,-1
1024,2,1170.0,451.0,251.0,471.0,1,-1,-1,-1
1025,2,1169.0,453.0,251.0,463.0,1,-1,-1,-1
1026,2,1168.0,465.0,251.0,455.0,1,-1,-1,-1
1027,2,1164.0,472.0,251.0,449.0,1,-1,-1,-1
1028,2,1164.0,487.0,252.0,432.0,1,-1,-1,-1
1029,2,1159.0,492.0,257.0,427.0,1,-1,-1,-1
1030,2,1160.0,497.0,256.0,423.0,1,-1,-1,-1
1031,2,1153.0,500.0,262.0,422.0,1,-1,-1,-1
1032,2,1150.0,506.0,264.0,416.0,1,-1,-1,-1
1033,2,1147.0,514.0,269.0,412.0,1,-1,-1,-1
1034,2,1147.0,517.0,272.0,408.0,1,-1,-1,-1
1035,2,1145.0,518.0,279.0,405.0,1,-1,-1,-1
1036,2,1143.0,510.0,285.0,405.0,1,-1,-1,-1
1037,2,1139.0,520.0,291.0,400.0,1,-1,-1,-1
1038,2,1135.0,516.0,296.0,402.0,1,-1,-1,-1
1039,2,1135.0,525.0,294.0,394.0,1,-1,-1,-1
1040,2,1135.0,532.0,288.0,387.0,1,-1,-1,-1
1041,2,1131.0,538.0,288.0,391.0,1,-1,-1,-1
1042,2,1129.0,541.0,286.0,388.0,1,-1,-1,-1
1043,2,1129.0,543.0,281.0,382.0,1,-1,-1,-1
1044,2,1128.0,546.0,277.0,380.0,1,-1,-1,-1
1045,2,1130.0,548.0,271.0,377.0,1,-1,-1,-1
1046,2,1130.0,554.0,271.0,372.0,1,-1,-1,-1
1047,2,1127.0,553.0,271.0,372.0,1,-1,-1,-1
1048,2,1127.0,559.0,272.0,366.0,1,-1,-1,-1
1049,2,1122.0,559.0,277.0,367.0,1,-1,-1,-1
1050,2,1120.0,559.0,280.0,367.0,1,-1,-1,-1
1051,2,1116.0,561.0,282.0,367.0,1,-1,-1,-1
1052,2,1113.0,560.0,286.0,369.0,1,-1,-1,-1
1053,2,1112.0,562.0,287.0,368.0,1,-1,-1,-1
1054,2,1115.0,559.0,278.0,371.0,1,-1,-1,-1
1055,2,1112.0,563.0,271.0,368.0,1,-1,-1,-1
1056,2,1109.0,564.0,271.0,362.0,1,-1,-1,-1
1057,2,1108.0,568.0,270.0,360.0,1,-1,-1,-1
1058,2,1107.0,571.0,268.0,354.0,1,-1,-1,-1
1059,2,1107.0,573.0,261.0,352.0,1,-1,-1,-1
1060,2,1109.0,577.0,257.0,348.0,1,-1,-1,-1
1061,2,1111.0,575.0,257.0,348.0,1,-1,-1,-1
1062,2,1114.0,576.0,243.0,346.0,1,-1,-1,-1
1063,2,1116.0,577.0,243.0,347.0,1,-1,-1,-1
1064,2,1117.0,575.0,245.0,350.0,1,-1,-1,-1
1065,2,1119.0,575.0,247.0,348.0,1,-1,-1,-1
1066,2,1120.0,573.0,240.0,351.0,1,-1,-1,-1
1067,2,1120.0,570.0,245.0,357.0,1,-1,-1,-1
1068,2,1123.0,569.0,244.0,359.0,1,-1,-1,-1
1069,2,1127.0,565.0,241.0,366.0,1,-1,-1,-1
1070,2,1128.0,562.0,242.0,370.0,1,-1,-1,-1
1071,2,1130.0,560.0,241.0,374.0,1,-1,-1,-1
1072,2,1133.0,557.0,242.0,374.0,1,-1,-1,-1
1073,2,1131.0,554.0,254.0,375.0,1,-1,-1,-1
1074,2,1128.0,552.0,265.0,379.0,1,-1,-1,-1
1075,2,1128.0,550.0,270.0,381.0,1,-1,-1,-1
1076,2,1126.0,547.0,278.0,387.0,1,-1,-1,-1
1077,2,1125.0,546.0,284.0,391.0,1,-1,-1,-1
1078,2,1123.0,543.0,288.0,396.0,1,-1,-1,-1
1079,2,1124.0,540.0,287.0,402.0,1,-1,-1,-1
1080,2,1132.0,535.0,283.0,406.0,1,-1,-1,-1
1081,2,1135.0,532.0,278.0,408.0,1,-1,-1,-1
1082,2,1141.0,531.0,270.0,407.0,1,-1,-1,-1
1083,2,1142.0,523.0,271.0,415.0,1,-1,-1,-1
1084,2,1147.0,525.0,262.0,415.0,1,-1,-1,-1
1085,2,1149.0,524.0,262.0,417.0,1,-1,-1,-1
1086,2,1149.0,525.0,261.0,417.0,1,-1,-1,-1
1087,2,1149.0,522.0,263.0,422.0,1,-1,-1,-1
1088,2,1157.0,518.0,254.0,420.0,1,-1,-1,-1
1089,2,1165.0,518.0,249.0,419.0,1,-1,-1,-1
1090,2,1168.0,519.0,245.0,419.0,1,-1,-1,-1
1091,2,1170.0,519.0,244.0,418.0,1,-1,-1,-1
1092,2,1172.0,521.0,239.0,417.0,1,-1,-1,-1
1093,2,1172.0,520.0,238.0,420.0,1,-1,-1,-1
1094,2,1173.0,521.0,240.0,420.0,1,-1,-1,-1
1095,2,1175.0,522.0,239.0,420.0,1,-1,-1,-1
1096,2,1175.0,520.0,241.0,424.0,1,-1,-1,-1
1097,2,1172.0,519.0,245.0,427.0,1,-1,-1,-1
1098,2,1173.0,517.0,243.0,429.0,1,-1,-1,-1
1099,2,1174.0,518.0,239.0,427.0,1,-1,-1,-1
1100,2,1171.0,516.0,242.0,431.0,1,-1,-1,-1
1101,2,1167.0,514.0,244.0,434.0,1,-1,-1,-1
1102,2,1166.0,514.0,243.0,435.0,1,-1,-1,-1
1103,2,1165.0,513.0,243.0,436.0,1,-1,-1,-1
1104,2,1164.0,508.0,245.0,442.0,1,-1,-1,-1
1105,2,1165.0,505.0,247.0,445.0,1,-1,-1,-1
1106,2,1163.0,500.0,249.0,450.0,1,-1,-1,-1
1107,2,1163.0,501.0,250.0,449.0,1,-1,-1,-1
1108,2,1161.0,501.0,253.0,448.0,1,-1,-1,-1
1109,2,1155.0,500.0,259.0,449.0,1,-1,-1,-1
1110,2,1148.0,498.0,265.0,450.0,1,-1,-1,-1
1111,2,1144.0,494.0,268.0,458.0,1,-1,-1,-1
1112,2,1131.0,502.0,277.0,447.0,1,-1,-1,-1
1113,2,1121.0,501.0,285.0,449.0,1,-1,-1,-1
1114,2,1117.0,503.0,288.0,447.0,1,-1,-1,-1
1115,2,1112.0,503.0,295.0,446.0,1,-1,-1,-1
1116,2,1108.0,503.0,299.0,447.0,1,-1,-1,-1
1117,2,1101.0,499.0,306.0,452.0,1,-1,-1,-1
1118,2,1096.0,488.0,309.0,467.0,1,-1,-1,-1
1119,2,1090.0,485.0,317.0,470.0,1,-1,-1,-1
1120,2,1086.0,488.0,321.0,467.0,1,-1,-1,-1
1121,2,1082.0,486.0,330.0,467.0,1,-1,-1,-1
1122,2,1077.0,487.0,330.0,465.0,1,-1,-1,-1
1123,2,1074.0,493.0,342.0,455.0,1,-1,-1,-1
1124,2,1076.0,489.0,335.0,457.0,1,-1,-1,-1
1125,2,1076.0,490.0,335.0,458.0,1,-1,-1,-1
1126,2,1070.0,484.0,340.0,466.0,1,-1,-1,-1
1127,2,1068.0,471.0,330.0,481.0,1,-1,-1,-1
1128,2,1079.0,456.0,313.0,498.0,1,-1,-1,-1
1129,2,1069.0,450.0,311.0,505.0,1,-1,-1,-1
1130,2,1069.0,440.0,303.0,517.0,1,-1,-1,-1
1131,2,1069.0,426.0,292.0,533.0,1,-1,-1,-1
1132,2,1069.0,415.0,282.0,545.0,1,-1,-1,-1
1133,2,1062.0,407.0,283.0,552.0,1,-1,-1,-1
1134,2,1061.0,396.0,278.0,559.0,1,-1,-1,-1
1135,2,1059.0,389.0,279.0,564.0,1,-1,-1,-1
1136,2,1063.0,381.0,277.0,571.0,1,-1,-1,-1
1137,2,1059.0,376.0,287.0,574.0,1,-1,-1,-1
1138,2,1059.0,369.0,293.0,582.0,1,-1,-1,-1
1139,2,1057.0,365.0,304.0,587.0,1,-1,-1,-1
1140,2,1049.0,364.0,327.0,587.0,1,-1,-1,-1
1141,2,1043.0,363.0,351.0,585.0,1,-1,-1,-1
1142,2,1040.0,361.0,363.0,588.0,1,-1,-1,-1
1143,2,1034.0,363.0,374.0,587.0,1,-1,-1,-1
1144,2,1027.0,366.0,395.0,571.0,1,-1,-1,-1
1145,2,1022.0,365.0,410.0,572.0,1,-1,-1,-1
1146,2,1025.0,378.0,414.0,564.0,1,-1,-1,-1
1147,2,1024.0,381.0,411.0,559.0,1,-1,-1,-1
1148,2,1021.0,387.0,405.0,554.0,1,-1,-1,-1
1149,2,1026.0,389.0,389.0,554.0,1,-1,-1,-1
1150,2,1026.0,402.0,385.0,546.0,1,-1,-1,-1
1151,2,1020.0,409.0,387.0,541.0,1,-1,-1,-1
1152,2,1015.0,419.0,385.0,531.0,1,-1,-1,-1
1153,2,1016.0,431.0,373.0,519.0,1,-1,-1,-1
1154,2,1016.0,438.0,363.0,510.0,1,-1,-1,-1
1155,2,1013.0,436.0,365.0,513.0,1,-1,-1,-1
1156,2,1010.0,443.0,352.0,505.0,1,-1,-1,-1
1157,2,1013.0,442.0,342.0,509.0,1,-1,-1,-1
1158,2,1019.0,448.0,331.0,502.0,1,-1,-1,-1
1159,2,1026.0,453.0,328.0,496.0,1,-1,-1,-1
1160,2,1032.0,454.0,322.0,495.0,1,-1,-1,-1
1161,2,1038.0,456.0,316.0,491.0,1,-1,-1,-1
1162,2,1043.0,459.0,315.0,489.0,1,-1,-1,-1
1163,2,1044.0,458.0,317.0,490.0,1,-1,-1,-1
1164,2,1042.0,460.0,326.0,488.0,1,-1,-1,-1
1165,2,1044.0,461.0,335.0,487.0,1,-1,-1,-1
1166,2,1042.0,459.0,338.0,489.0,1,-1,-1,-1
1167,2,1040.0,459.0,345.0,486.0,1,-1,-1,-1
1168,2,1040.0,455.0,349.0,493.0,1,-1,-1,-1
1169,2,1040.0,449.0,353.0,502.0,1,-1,-1,-1
1170,2,1044.0,441.0,350.0,511.0,1,-1,-1,-1
1171,2,1037.0,433.0,359.0,520.0,1,-1,-1,-1
1172,2,1038.0,425.0,361.0,528.0,1,-1,-1,-1
1173,2,1040.0,418.0,359.0,536.0,1,-1,-1,-1
1174,2,1048.0,415.0,350.0,537.0,1,-1,-1,-1
1175,2,1054.0,408.0,344.0,545.0,1,-1,-1,-1
1176,2,1056.0,403.0,342.0,549.0,1,-1,-1,-1
1177,2,1059.0,400.0,342.0,553.0,1,-1,-1,-1
1178,2,1062.0,399.0,338.0,553.0,1,-1,-1,-1
1179,2,1066.0,398.0,334.0,553.0,1,-1,-1,-1
1180,2,1070.0,398.0,325.0,552.0,1,-1,-1,-1
1181,2,1075.0,392.0,319.0,557.0,1,-1,-1,-1
1182,2,1074.0,391.0,319.0,557.0,1,-1,-1,-1
1183,2,1077.0,388.0,316.0,560.0,1,-1,-1,-1
1184,2,1081.0,391.0,312.0,562.0,1,-1,-1,-1
1185,2,1084.0,386.0,309.0,559.0,1,-1,-1,-1
1186,2,1087.0,383.0,302.0,562.0,1,-1,-1,-1
1187,2,1087.0,385.0,304.0,562.0,1,-1,-1,-1
1188,2,1090.0,386.0,306.0,560.0,1,-1,-1,-1
1189,2,1089.0,386.0,312.0,562.0,1,-1,-1,-1
1190,2,1089.0,381.0,315.0,568.0,1,-1,-1,-1
1191,2,1096.0,383.0,313.0,567.0,1,-1,-1,-1
1192,2,1098.0,379.0,311.0,571.0,1,-1,-1,-1
1193,2,1105.0,383.0,307.0,567.0,1,-1,-1,-1
1194,2,1110.0,378.0,298.0,573.0,1,-1,-1,-1
1195,2,1112.0,373.0,294.0,579.0,1,-1,-1,-1
1196,2,1111.0,366.0,290.0,585.0,1,-1,-1,-1
1197,2,1112.0,362.0,286.0,587.0,1,-1,-1,-1
1198,2,1115.0,360.0,282.0,589.0,1,-1,-1,-1
1199,2,1118.0,350.0,279.0,598.0,1,-1,-1,-1
1200,2,1118.0,349.0,272.0,603.0,1,-1,-1,-1
1201,2,1123.0,342.0,265.0,609.0,1,-1,-1,-1
1202,2,1129.0,332.0,264.0,619.0,1,-1,-1,-1
1203,2,1132.0,330.0,260.0,619.0,1,-1,-1,-1
1204,2,1132.0,324.0,260.0,625.0,1,-1,-1,-1
1205,2,1132.0,320.0,265.0,629.0,1,-1,-1,-1
1206,2,1130.0,321.0,267.0,626.0,1,-1,-1,-1
1207,2,1126.0,317.0,277.0,633.0,1,-1,-1,-1
1208,2,1125.0,317.0,282.0,635.0,1,-1,-1,-1
1209,2,1124.0,317.0,283.0,634.0,1,-1,-1,-1
1210,2,1123.0,323.0,287.0,628.0,1,-1,-1,-1
1211,2,1120.0,318.0,290.0,635.0,1,-1,-1,-1
1212,2,1120.0,326.0,294.0,625.0,1,-1,-1,-1
1213,2,1121.0,330.0,295.0,620.0,1,-1,-1,-1
1214,2,1117.0,336.0,301.0,615.0,1,-1,-1,-1
1215,2,1115.0,337.0,306.0,614.0,1,-1,-1,-1
1216,2,1110.0,344.0,312.0,606.0,1,-1,-1,-1
1217,2,1108.0,341.0,316.0,609.0,1,-1,-1,-1
1218,2,1110.0,340.0,319.0,613.0,1,-1,-1,-1
1219,2,1108.0,341.0,328.0,614.0,1,-1,-1,-1
1220,2,1104.0,352.0,342.0,602.0,1,-1,-1,-1
1221,2,1102.0,353.0,346.0,600.0,1,-1,-1,-1
1222,2,1101.0,358.0,346.0,594.0,1,-1,-1,-1
1223,2,1106.0,363.0,340.0,589.0,1,-1,-1,-1
1224,2,1099.0,365.0,342.0,588.0,1,-1,-1,-1
1225,2,1096.0,360.0,338.0,594.0,1,-1,-1,-1
1226,2,1092.0,359.0,331.0,594.0,1,-1,-1,-1
1227,2,1091.0,355.0,327.0,598.0,1,-1,-1,-1
1228,2,1089.0,354.0,325.0,601.0,1,-1,-1,-1
1229,2,1086.0,350.0,323.0,604.0,1,-1,-1,-1
1230,2,1088.0,347.0,317.0,604.0,1,-1,-1,-1
1231,2,1093.0,346.0,314.0,606.0,1,-1,-1,-1
1232,2,1096.0,344.0,311.0,608.0,1,-1,-1,-1
1233,2,1104.0,342.0,304.0,609.0,1,-1,-1,-1
1234,2,1109.0,340.0,298.0,610.0,1,-1,-1,-1
1235,2,1116.0,335.0,291.0,616.0,1,-1,-1,-1
1236,2,1118.0,342.0,290.0,610.0,1,-1,-1,-1
1237,2,1119.0,334.0,290.0,617.0,1,-1,-1,-1
1238,2,1121.0,323.0,287.0,629.0,1,-1,-1,-1
1239,2,1121.0,318.0,287.0,634.0,1,-1,-1,-1
1240,2,1121.0,319.0,284.0,635.0,1,-1,-1,-1
1241,2,1121.0,322.0,282.0,630.0,1,-1,-1,-1
1242,2,1120.0,322.0,281.0,632.0,1,-1,-1,-1
1243,2,1119.0,321.0,278.0,631.0,1,-1,-1,-1
1244,2,1118.0,325.0,280.0,627.0,1,-1,-1,-1
1245,2,1119.0,329.0,282.0,622.0,1,-1,-1,-1
1246,2,1123.0,329.0,292.0,623.0,1,-1,-1,-1
1247,2,1126.0,335.0,297.0,617.0,1,-1,-1,-1
1248,2,1130.0,341.0,301.0,611.0,1,-1,-1,-1
1249,2,1134.0,348.0,312.0,600.0,1,-1,-1,-1
1250,2,1140.0,349.0,325.0,602.0,1,-1,-1,-1
1251,2,1144.0,342.0,337.0,607.0,1,-1,-1,-1
1252,2,1147.0,346.0,345.0,605.0,1,-1,-1,-1
1253,2,1152.0,354.0,352.0,600.0,1,-1,-1,-1
1254,2,1165.0,355.0,351.0,599.0,1,-1,-1,-1
1255,2,1176.0,355.0,341.0,600.0,1,-1,-1,-1
1256,2,1185.0,344.0,333.0,610.0,1,-1,-1,-1
1257,2,1192.0,336.0,328.0,619.0,1,-1,-1,-1
1258,2,1201.0,336.0,320.0,620.0,1,-1,-1,-1
1259,2,1202.0,331.0,316.0,625.0,1,-1,-1,-1
1260,2,1213.0,327.0,298.0,629.0,1,-1,-1,-1
1261,2,1218.0,319.0,297.0,635.0,1,-1,-1,-1
1262,2,1225.0,308.0,297.0,646.0,1,-1,-1,-1
1263,2,1230.0,303.0,282.0,650.0,1,-1,-1,-1
1264,2,1234.0,295.0,285.0,659.0,1,-1,-1,-1
1265,2,1241.0,290.0,276.0,667.0,1,-1,-1,-1
1266,2,1245.0,293.0,267.0,665.0,1,-1,-1,-1
1267,2,1251.0,293.0,259.0,661.0,1,-1,-1,-1
1268,2,1256.0,296.0,249.0,654.0,1,-1,-1,-1
1269,2,1257.0,290.0,220.0,662.0,1,-1,-1,-1
1270,2,1263.0,294.0,195.0,662.0,1,-1,-1,-1
1271,2,1268.0,298.0,180.0,656.0,1,-1,-1,-1
1272,2,1270.0,296.0,176.0,659.0,1,-1,-1,-1
1273,2,1269.0,292.0,175.0,663.0,1,-1,-1,-1
1274,2,1270.0,296.0,174.0,660.0,1,-1,-1,-1
1275,2,1270.0,303.0,175.0,653.0,1,-1,-1,-1
1276,2,1271.0,315.0,175.0,640.0,1,-1,-1,-1
1277,2,1269.0,324.0,176.0,630.0,1,-1,-1,-1
1278,2,1264.0,331.0,182.0,624.0,1,-1,-1,-1
1279,2,1259.0,330.0,188.0,624.0,1,-1,-1,-1
1280,2,1258.0,332.0,188.0,623.0,1,-1,-1,-1
1281,2,1258.0,326.0,187.0,630.0,1,-1,-1,-1
1282,2,1256.0,319.0,188.0,635.0,1,-1,-1,-1
1283,2,1252.0,307.0,195.0,646.0,1,-1,-1,-1
1284,2,1248.0,321.0,197.0,628.0,1,-1,-1,-1
1285,2,1241.0,316.0,202.0,630.0,1,-1,-1,-1
1286,2,1232.0,316.0,210.0,625.0,1,-1,-1,-1
1287,2,1224.0,313.0,219.0,624.0,1,-1,-1,-1
1288,2,1218.0,318.0,227.0,623.0,1,-1,-1,-1
1289,2,1214.0,323.0,235.0,616.0,1,-1,-1,-1
1290,2,1208.0,327.0,246.0,614.0,1,-1,-1,-1
1291,2,1201.0,324.0,259.0,624.0,1,-1,-1,-1
1292,2,1194.0,328.0,268.0,619.0,1,-1,-1,-1
1293,2,1191.0,342.0,273.0,606.0,1,-1,-1,-1
1294,2,1189.0,347.0,275.0,601.0,1,-1,-1,-1
1295,2,1187.0,356.0,274.0,591.0,1,-1,-1,-1
1296,2,1186.0,358.0,274.0,588.0,1,-1,-1,-1
1297,2,1185.0,356.0,276.0,591.0,1,-1,-1,-1
1298,2,1183.0,351.0,278.0,597.0,1,-1,-1,-1
1299,2,1184.0,339.0,277.0,605.0,1,-1,-1,-1
1300,2,1180.0,340.0,281.0,602.0,1,-1,-1,-1
1301,2,1175.0,341.0,285.0,602.0,1,-1,-1,-1
1302,2,1170.0,339.0,289.0,605.0,1,-1,-1,-1
1303,2,1169.0,337.0,290.0,606.0,1,-1,-1,-1
1304,2,1162.0,328.0,294.0,618.0,1,-1,-1,-1
1305,2,1153.0,330.0,307.0,622.0,1,-1,-1,-1
1306,2,1147.0,334.0,314.0,616.0,1,-1,-1,-1
1307,2,1147.0,345.0,315.0,604.0,1,-1,-1,-1
1308,2,1148.0,353.0,318.0,596.0,1,-1,-1,-1
1309,2,1151.0,360.0,315.0,590.0,1,-1,-1,-1
1310,2,1155.0,367.0,309.0,582.0,1,-1,-1,-1
1311,2,1161.0,374.0,304.0,576.0,1,-1,-1,-1
1312,2,1161.0,369.0,305.0,582.0,1,-1,-1,-1
1313,2,1157.0,369.0,305.0,582.0,1,-1,-1,-1
1314,2,1152.0,364.0,307.0,588.0,1,-1,-1,-1
1315,2,1145.0,366.0,309.0,584.0,1,-1,-1,-1
1316,2,1139.0,365.0,309.0,580.0,1,-1,-1,-1
1317,2,1134.0,364.0,311.0,580.0,1,-1,-1,-1
1318,2,1127.0,363.0,316.0,578.0,1,-1,-1,-1
1319,2,1132.0,363.0,309.0,580.0,1,-1,-1,-1
1320,2,1121.0,369.0,314.0,571.0,1,-1,-1,-1
1321,2,1116.0,374.0,312.0,566.0,1,-1,-1,-1
1322,2,1111.0,381.0,312.0,563.0,1,-1,-1,-1
1323,2,1108.0,385.0,307.0,559.0,1,-1,-1,-1
1324,2,1102.0,388.0,308.0,556.0,1,-1,-1,-1
1325,2,1106.0,389.0,299.0,556.0,1,-1,-1,-1
1326,2,1107.0,390.0,296.0,555.0,1,-1,-1,-1
1327,2,1110.0,388.0,290.0,557.0,1,-1,-1,-1
1328,2,1107.0,388.0,296.0,558.0,1,-1,-1,-1
1329,2,1112.0,387.0,291.0,557.0,1,-1,-1,-1
1330,2,1115.0,390.0,290.0,553.0,1,-1,-1,-1
1331,2,1115.0,389.0,297.0,550.0,1,-1,-1,-1
1332,2,1119.0,387.0,298.0,552.0,1,-1,-1,-1
1333,2,1123.0,387.0,295.0,552.0,1,-1,-1,-1
1334,2,1119.0,382.0,304.0,560.0,1,-1,-1,-1
1335,2,1123.0,381.0,307.0,565.0,1,-1,-1,-1
1336,2,1130.0,384.0,303.0,562.0,1,-1,-1,-1
1337,2,1130.0,387.0,306.0,558.0,1,-1,-1,-1
1338,2,1135.0,389.0,302.0,556.0,1,-1,-1,-1
1339,2,1139.0,390.0,299.0,554.0,1,-1,-1,-1
1340,2,1146.0,391.0,293.0,554.0,1,-1,-1,-1
1341,2,1147.0,388.0,290.0,557.0,1,-1,-1,-1
1342,2,1149.0,382.0,289.0,563.0,1,-1,-1,-1
1343,2,1148.0,375.0,290.0,572.0,1,-1,-1,-1
1344,2,1150.0,375.0,288.0,573.0,1,-1,-1,-1
1345,2,1155.0,369.0,284.0,581.0,1,-1,-1,-1
1346,2,1159.0,361.0,279.0,584.0,1,-1,-1,-1
1347,2,1169.0,368.0,267.0,580.0,1,-1,-1,-1
1348,2,1174.0,366.0,262.0,577.0,1,-1,-1,-1
1349,2,1172.0,360.0,263.0,578.0,1,-1,-1,-1
1350,2,1169.0,360.0,265.0,577.0,1,-1,-1,-1
1351,2,1161.0,363.0,271.0,572.0,1,-1,-1,-1
1352,2,1152.0,366.0,282.0,570.0,1,-1,-1,-1
1353,2,1155.0,363.0,279.0,577.0,1,-1,-1,-1
1354,2,1154.0,363.0,279.0,575.0,1,-1,-1,-1
1355,2,1159.0,370.0,276.0,569.0,1,-1,-1,-1
1356,2,1167.0,370.0,267.0,569.0,1,-1,-1,-1
1357,2,1171.0,371.0,264.0,566.0,1,-1,-1,-1
1358,2,1173.0,373.0,262.0,563.0,1,-1,-1,-1
1359,2,1170.0,374.0,268.0,563.0,1,-1,-1,-1
1360,2,1167.0,375.0,274.0,563.0,1,-1,-1,-1
1361,2,1165.0,375.0,275.0,563.0,1,-1,-1,-1
1362,2,1163.0,382.0,279.0,557.0,1,-1,-1,-1
1363,2,1156.0,379.0,281.0,561.0,1,-1,-1,-1
1364,2,1150.0,381.0,289.0,557.0,1,-1,-1,-1
1365,2,1143.0,385.0,296.0,551.0,1,-1,-1,-1
1366,2,1133.0,390.0,305.0,550.0,1,-1,-1,-1
1367,2,1129.0,397.0,309.0,543.0,1,-1,-1,-1
1368,2,1125.0,401.0,315.0,542.0,1,-1,-1,-1
1369,2,1121.0,406.0,321.0,537.0,1,-1,-1,-1
1370,2,1117.0,415.0,332.0,531.0,1,-1,-1,-1
1371,2,1115.0,417.0,338.0,527.0,1,-1,-1,-1
1372,2,1109.0,414.0,346.0,529.0,1,-1,-1,-1
1373,2,1108.0,413.0,345.0,526.0,1,-1,-1,-1
1374,2,1108.0,412.0,338.0,529.0,1,-1,-1,-1
1375,2,1106.0,408.0,323.0,535.0,1,-1,-1,-1
1376,2,1104.0,406.0,305.0,535.0,1,-1,-1,-1
1377,2,1099.0,402.0,286.0,537.0,1,-1,-1,-1
1378,2,1096.0,393.0,266.0,550.0,1,-1,-1,-1
1379,2,1096.0,392.0,236.0,547.0,1,-1,-1,-1
1380,2,1093.0,389.0,219.0,547.0,1,-1,-1,-1
1381,2,1086.0,393.0,223.0,538.0,1,-1,-1,-1
1382,2,1079.0,394.0,223.0,544.0,1,-1,-1,-1
1383,2,1073.0,391.0,218.0,549.0,1,-1,-1,-1
1384,2,1065.0,390.0,217.0,551.0,1,-1,-1,-1
1385,2,1059.0,393.0,215.0,551.0,1,-1,-1,-1
1386,2,1050.0,386.0,215.0,556.0,1,-1,-1,-1
1387,2,1044.0,393.0,218.0,549.0,1,-1,-1,-1
1388,2,1034.0,392.0,222.0,544.0,1,-1,-1,-1
1389,2,1030.0,391.0,226.0,545.0,1,-1,-1,-1
1390,2,1025.0,398.0,234.0,534.0,1,-1,-1,-1
1391,2,1023.0,394.0,243.0,537.0,1,-1,-1,-1
1392,2,1019.0,394.0,251.0,537.0,1,-1,-1,-1
1393,2,1015.0,393.0,257.0,537.0,1,-1,-1,-1
1394,2,1010.0,397.0,260.0,533.0,1,-1,-1,-1
1395,2,994.0,395.0,264.0,539.0,1,-1,-1,-1
1396,2,981.0,396.0,269.0,536.0,1,-1,-1,-1
1397,2,963.0,397.0,272.0,533.0,1,-1,-1,-1
1398,2,956.0,397.0,259.0,535.0,1,-1,-1,-1
1399,2,950.0,400.0,252.0,527.0,1,-1,-1,-1
1400,2,943.0,409.0,253.0,523.0,1,-1,-1,-1
1401,2,941.0,417.0,245.0,516.0,1,-1,-1,-1
1402,2,940.0,421.0,240.0,512.0,1,-1,-1,-1
1403,2,947.0,419.0,231.0,512.0,1,-1,-1,-1
1404,2,947.0,419.0,230.0,515.0,1,-1,-1,-1
1405,2,951.0,420.0,225.0,513.0,1,-1,-1,-1
1406,2,948.0,415.0,226.0,519.0,1,-1,-1,-1
1407,2,949.0,413.0,228.0,521.0,1,-1,-1,-1
1408,2,949.0,406.0,230.0,527.0,1,-1,-1,-1
1409,2,947.0,400.0,229.0,534.0,1,-1,-1,-1
1410,2,947.0,393.0,226.0,540.0,1,-1,-1,-1
1411,2,951.0,389.0,218.0,542.0,1,-1,-1,-1
1412,2,950.0,389.0,220.0,545.0,1,-1,-1,-1
1413,2,943.0,380.0,224.0,554.0,1,-1,-1,-1
1414,2,949.0,382.0,225.0,556.0,1,-1,-1,-1
1415,2,944.0,376.0,225.0,559.0,1,-1,-1,-1
1416,2,947.0,377.0,225.0,551.0,1,-1,-1,-1
1417,2,947.0,377.0,228.0,549.0,1,-1,-1,-1
1418,2,946.0,377.0,230.0,555.0,1,-1,-1,-1
1419,2,948.0,375.0,232.0,559.0,1,-1,-1,-1
1420,2,951.0,377.0,232.0,560.0,1,-1,-1,-1
1421,2,951.0,378.0,231.0,561.0,1,-1,-1,-1
1422,2,950.0,381.0,232.0,557.0,1,-1,-1,-1
1423,2,949.0,385.0,235.0,550.0,1,-1,-1,-1
1424,2,950.0,388.0,234.0,545.0,1,-1,-1,-1
1425,2,951.0,389.0,231.0,540.0,1,-1,-1,-1
1426,2,949.0,389.0,233.0,536.0,1,-1,-1,-1
1427,2,952.0,390.0,229.0,533.0,1,-1,-1,-1
1428,2,951.0,390.0,232.0,538.0,1,-1,-1,-1
1429,2,953.0,390.0,229.0,536.0,1,-1,-1,-1
1430,2,953.0,391.0,235.0,534.0,1,-1,-1,-1
1431,2,957.0,393.0,236.0,531.0,1,-1,-1,-1
1432,2,955.0,393.0,242.0,534.0,1,-1,-1,-1
1433,2,946.0,399.0,259.0,530.0,1,-1,-1,-1
1434,2,946.0,399.0,265.0,530.0,1,-1,-1,-1
1435,2,945.0,406.0,265.0,528.0,1,-1,-1,-1
1436,2,942.0,410.0,268.0,521.0,1,-1,-1,-1
1437,2,944.0,413.0,268.0,522.0,1,-1,-1,-1
1438,2,948.0,417.0,263.0,515.0,1,-1,-1,-1
1439,2,951.0,418.0,262.0,512.0,1,-1,-1,-1
1440,2,949.0,417.0,264.0,512.0,1,-1,-1,-1
1441,2,950.0,414.0,264.0,516.0,1,-1,-1,-1
1442,2,954.0,408.0,258.0,525.0,1,-1,-1,-1
1443,2,959.0,405.0,261.0,525.0,1,-1,-1,-1
1444,2,951.0,399.0,272.0,530.0,1,-1,-1,-1
1445,2,956.0,397.0,273.0,530.0,1,-1,-1,-1
1446,2,958.0,398.0,279.0,532.0,1,-1,-1,-1
1447,2,965.0,396.0,279.0,535.0,1,-1,-1,-1
1448,2,974.0,396.0,277.0,537.0,1,-1,-1,-1
1449,2,974.0,396.0,282.0,541.0,1,-1,-1,-1
1450,2,987.0,400.0,273.0,534.0,1,-1,-1,-1
1451,2,990.0,399.0,273.0,534.0,1,-1,-1,-1
1452,2,987.0,398.0,278.0,534.0,1,-1,-1,-1
1453,2,989.0,398.0,277.0,534.0,1,-1,-1,-1
1454,2,984.0,398.0,286.0,535.0,1,-1,-1,-1
1455,2,995.0,396.0,280.0,537.0,1,-1,-1,-1
1456,2,996.0,391.0,276.0,548.0,1,-1,-1,-1
1457,2,1005.0,392.0,263.0,546.0,1,-1,-1,-1
1458,2,987.0,394.0,279.0,544.0,1,-1,-1,-1
1459,2,987.0,393.0,279.0,543.0,1,-1,-1,-1
1460,2,991.0,397.0,267.0,540.0,1,-1,-1,-1
1461,2,992.0,398.0,263.0,537.0,1,-1,-1,-1
1462,2,989.0,398.0,252.0,532.0,1,-1,-1,-1
1463,2,981.0,397.0,255.0,532.0,1,-1,-1,-1
1464,2,974.0,401.0,259.0,530.0,1,-1,-1,-1
1465,2,974.0,405.0,250.0,525.0,1,-1,-1,-1
1466,2,959.0,411.0,259.0,518.0,1,-1,-1,-1
1467,2,953.0,417.0,265.0,514.0,1,-1,-1,-1
1468,2,955.0,420.0,263.0,511.0,1,-1,-1,-1
1469,2,950.0,424.0,261.0,502.0,1,-1,-1,-1
1470,2,948.0,429.0,263.0,498.0,1,-1,-1,-1
1471,2,947.0,429.0,264.0,499.0,1,-1,-1,-1
1472,2,948.0,428.0,266.0,499.0,1,-1,-1,-1
1473,2,950.0,422.0,266.0,505.0,1,-1,-1,-1
1474,2,951.0,407.0,260.0,531.0,1,-1,-1,-1
1475,2,952.0,401.0,258.0,534.0,1,-1,-1,-1
1476,2,950.0,395.0,251.0,536.0,1,-1,-1,-1
1477,2,952.0,392.0,243.0,537.0,1,-1,-1,-1
1478,2,949.0,389.0,236.0,539.0,1,-1,-1,-1
1479,2,950.0,388.0,230.0,539.0,1,-1,-1,-1
1480,2,951.0,387.0,225.0,545.0,1,-1,-1,-1
1481,2,952.0,384.0,221.0,548.0,1,-1,-1,-1
1482,2,953.0,384.0,224.0,548.0,1,-1,-1,-1
1483,2,953.0,386.0,224.0,549.0,1,-1,-1,-1
1484,2,955.0,386.0,224.0,545.0,1,-1,-1,-1
1485,2,954.0,388.0,227.0,539.0,1,-1,-1,-1
1486,2,954.0,387.0,226.0,544.0,1,-1,-1,-1
1487,2,955.0,387.0,226.0,543.0,1,-1,-1,-1
1488,2,955.0,387.0,227.0,541.0,1,-1,-1,-1
1489,2,955.0,387.0,225.0,541.0,1,-1,-1,-1
1490,2,955.0,385.0,226.0,543.0,1,-1,-1,-1
1491,2,956.0,384.0,222.0,542.0,1,-1,-1,-1
1492,2,953.0,386.0,224.0,542.0,1,-1,-1,-1
1493,2,965.0,394.0,217.0,529.0,1,-1,-1,-1
1494,2,964.0,393.0,222.0,532.0,1,-1,-1,-1
1495,2,962.0,394.0,225.0,534.0,1,-1,-1,-1
1496,2,958.0,395.0,232.0,532.0,1,-1,-1,-1
1497,2,953.0,397.0,242.0,534.0,1,-1,-1,-1
1498,2,952.0,401.0,248.0,536.0,1,-1,-1,-1
1499,2,942.0,414.0,266.0,518.0,1,-1,-1,-1
1500,2,938.0,415.0,282.0,525.0,1,-1,-1,-1
1501,2,940.0,419.0,292.0,518.0,1,-1,-1,-1
1502,2,938.0,420.0,297.0,516.0,1,-1,-1,-1
1503,2,939.0,418.0,299.0,517.0,1,-1,-1,-1
1504,2,943.0,418.0,292.0,513.0,1,-1,-1,-1
1505,2,951.0,413.0,286.0,523.0,1,-1,-1,-1
1506,2,956.0,408.0,283.0,527.0,1,-1,-1,-1
1507,2,966.0,404.0,274.0,531.0,1,-1,-1,-1
1508,2,976.0,401.0,262.0,534.0,1,-1,-1,-1
1509,2,995.0,399.0,243.0,534.0,1,-1,-1,-1
1510,2,1003.0,398.0,236.0,532.0,1,-1,-1,-1
1511,2,1015.0,398.0,226.0,537.0,1,-1,-1,-1
1512,2,1025.0,400.0,220.0,534.0,1,-1,-1,-1
1513,2,1034.0,399.0,216.0,534.0,1,-1,-1,-1
1514,2,1039.0,396.0,219.0,534.0,1,-1,-1,-1
1515,2,1045.0,394.0,215.0,536.0,1,-1,-1,-1
1516,2,1052.0,399.0,213.0,534.0,1,-1,-1,-1
1517,2,1055.0,399.0,217.0,529.0,1,-1,-1,-1
1518,2,1062.0,403.0,219.0,529.0,1,-1,-1,-1
1519,2,1069.0,403.0,224.0,530.0,1,-1,-1,-1
1520,2,1080.0,402.0,221.0,532.0,1,-1,-1,-1
1521,2,1089.0,399.0,218.0,533.0,1,-1,-1,-1
1522,2,1097.0,396.0,217.0,537.0,1,-1,-1,-1
1523,2,1103.0,397.0,216.0,534.0,1,-1,-1,-1
1524,2,1111.0,395.0,216.0,530.0,1,-1,-1,-1
1525,2,1119.0,403.0,211.0,521.0,1,-1,-1,-1
1526,2,1121.0,402.0,218.0,528.0,1,-1,-1,-1
1527,2,1123.0,403.0,224.0,528.0,1,-1,-1,-1
1528,2,1127.0,403.0,232.0,526.0,1,-1,-1,-1
1529,2,1133.0,405.0,236.0,523.0,1,-1,-1,-1
1530,2,1137.0,405.0,241.0,523.0,1,-1,-1,-1
1531,2,1144.0,401.0,242.0,528.0,1,-1,-1,-1
1532,2,1147.0,399.0,243.0,525.0,1,-1,-1,-1
1533,2,1149.0,401.0,247.0,525.0,1,-1,-1,-1
1534,2,1150.0,405.0,244.0,522.0,1,-1,-1,-1
1535,2,1155.0,407.0,237.0,519.0,1,-1,-1,-1
1536,2,1155.0,408.0,236.0,521.0,1,-1,-1,-1
1537,2,1157.0,405.0,232.0,523.0,1,-1,-1,-1
1538,2,1156.0,403.0,235.0,524.0,1,-1,-1,-1
1539,2,1157.0,400.0,236.0,529.0,1,-1,-1,-1
1540,2,1162.0,398.0,229.0,531.0,1,-1,-1,-1
1541,2,1162.0,393.0,227.0,536.0,1,-1,-1,-1
1542,2,1161.0,389.0,225.0,542.0,1,-1,-1,-1
1543,2,1162.0,381.0,228.0,549.0,1,-1,-1,-1
1544,2,1161.0,380.0,230.0,547.0,1,-1,-1,-1
1545,2,1159.0,375.0,231.0,554.0,1,-1,-1,-1
1546,2,1158.0,378.0,226.0,556.0,1,-1,-1,-1
1547,2,1157.0,375.0,228.0,558.0,1,-1,-1,-1
1548,2,1153.0,373.0,229.0,559.0,1,-1,-1,-1
1549,2,1147.0,376.0,235.0,557.0,1,-1,-1,-1
1550,2,1143.0,380.0,238.0,553.0,1,-1,-1,-1
1551,2,1145.0,382.0,237.0,551.0,1,-1,-1,-1
1552,2,1147.0,382.0,234.0,552.0,1,-1,-1,-1
1553,2,1142.0,384.0,241.0,548.0,1,-1,-1,-1
1554,2,1144.0,385.0,239.0,549.0,1,-1,-1,-1
1555,2,1148.0,382.0,236.0,551.0,1,-1,-1,-1
1556,2,1146.0,379.0,238.0,556.0,1,-1,-1,-1
1557,2,1142.0,376.0,245.0,554.0,1,-1,-1,-1
1558,2,1141.0,377.0,248.0,549.0,1,-1,-1,-1
1559,2,1142.0,376.0,249.0,550.0,1,-1,-1,-1
1560,2,1141.0,374.0,249.0,551.0,1,-1,-1,-1
1561,2,1140.0,376.0,249.0,549.0,1,-1,-1,-1
1562,2,1138.0,380.0,250.0,547.0,1,-1,-1,-1
1563,2,1133.0,384.0,253.0,546.0,1,-1,-1,-1
1564,2,1128.0,388.0,259.0,548.0,1,-1,-1,-1
1565,2,1127.0,392.0,260.0,544.0,1,-1,-1,-1
1566,2,1127.0,398.0,260.0,539.0,1,-1,-1,-1
1567,2,1128.0,406.0,260.0,532.0,1,-1,-1,-1
1568,2,1122.0,414.0,267.0,521.0,1,-1,-1,-1
1569,2,1121.0,411.0,270.0,528.0,1,-1,-1,-1
1570,2,1118.0,423.0,270.0,512.0,1,-1,-1,-1
1571,2,1117.0,420.0,271.0,515.0,1,-1,-1,-1
1572,2,1116.0,417.0,271.0,516.0,1,-1,-1,-1
1573,2,1115.0,413.0,270.0,520.0,1,-1,-1,-1
1574,2,1115.0,405.0,271.0,527.0,1,-1,-1,-1
1575,2,1113.0,399.0,275.0,533.0,1,-1,-1,-1
1576,2,1112.0,393.0,278.0,538.0,1,-1,-1,-1
1577,2,1111.0,392.0,283.0,540.0,1,-1,-1,-1
1578,2,1107.0,389.0,284.0,542.0,1,-1,-1,-1
1579,2,1107.0,386.0,278.0,546.0,1,-1,-1,-1
1580,2,1105.0,386.0,277.0,546.0,1,-1,-1,-1
1581,2,1107.0,384.0,271.0,549.0,1,-1,-1,-1
1582,2,1103.0,383.0,272.0,553.0,1,-1,-1,-1
1583,2,1102.0,382.0,265.0,553.0,1,-1,-1,-1
1584,2,1099.0,384.0,265.0,553.0,1,-1,-1,-1
1585,2,1099.0,387.0,264.0,551.0,1,-1,-1,-1
1586,2,1099.0,386.0,262.0,551.0,1,-1,-1,-1
1587,2,1102.0,387.0,259.0,550.0,1,-1,-1,-1
1588,2,1100.0,387.0,257.0,549.0,1,-1,-1,-1
1589,2,1099.0,388.0,255.0,549.0,1,-1,-1,-1
1590,2,1101.0,388.0,254.0,551.0,1,-1,-1,-1
1591,2,1102.0,392.0,253.0,545.0,1,-1,-1,-1
1592,2,1105.0,393.0,252.0,542.0,1,-1,-1,-1
1593,2,1107.0,394.0,253.0,539.0,1,-1,-1,-1
1594,2,1107.0,398.0,257.0,534.0,1,-1,-1,-1
1595,2,1110.0,399.0,259.0,532.0,1,-1,-1,-1
1596,2,1109.0,400.0,265.0,532.0,1,-1,-1,-1
1597,2,1110.0,398.0,270.0,535.0,1,-1,-1,-1
1598,2,1111.0,410.0,271.0,521.0,1,-1,-1,-1
1599,2,1110.0,412.0,274.0,522.0,1,-1,-1,-1
1600,2,1112.0,416.0,273.0,519.0,1,-1,-1,-1
1601,2,1114.0,422.0,273.0,513.0,1,-1,-1,-1
1602,2,1115.0,420.0,273.0,514.0,1,-1,-1,-1
1603,2,1117.0,413.0,271.0,521.0,1,-1,-1,-1
1604,2,1117.0,405.0,272.0,538.0,1,-1,-1,-1
1605,2,1120.0,401.0,267.0,540.0,1,-1,-1,-1
1606,2,1119.0,396.0,268.0,544.0,1,-1,-1,-1
1607,2,1122.0,391.0,266.0,550.0,1,-1,-1,-1
1608,2,1126.0,388.0,263.0,549.0,1,-1,-1,-1
1609,2,1137.0,382.0,249.0,548.0,1,-1,-1,-1
1610,2,1146.0,378.0,241.0,554.0,1,-1,-1,-1
1611,2,1159.0,376.0,228.0,554.0,1,-1,-1,-1
1612,2,1164.0,376.0,222.0,556.0,1,-1,-1,-1
1613,2,1167.0,376.0,218.0,555.0,1,-1,-1,-1
1614,2,1169.0,378.0,216.0,552.0,1,-1,-1,-1
1615,2,1170.0,380.0,217.0,551.0,1,-1,-1,-1
1616,2,1170.0,383.0,218.0,547.0,1,-1,-1,-1
1617,2,1171.0,384.0,216.0,546.0,1,-1,-1,-1
1618,2,1169.0,385.0,217.0,545.0,1,-1,-1,-1
1619,2,1170.0,385.0,216.0,545.0,1,-1,-1,-1
1620,2,1168.0,385.0,219.0,547.0,1,-1,-1,-1
1621,2,1168.0,385.0,219.0,546.0,1,-1,-1,-1
1622,2,1167.0,383.0,220.0,548.0,1,-1,-1,-1
1623,2,1165.0,380.0,220.0,551.0,1,-1,-1,-1
1624,2,1160.0,379.0,226.0,551.0,1,-1,-1,-1
1625,2,1159.0,378.0,229.0,550.0,1,-1,-1,-1
1626,2,1155.0,378.0,233.0,550.0,1,-1,-1,-1
1627,2,1153.0,380.0,235.0,549.0,1,-1,-1,-1
1628,2,1148.0,383.0,239.0,547.0,1,-1,-1,-1
1629,2,1145.0,388.0,242.0,545.0,1,-1,-1,-1
1630,2,1139.0,390.0,247.0,546.0,1,-1,-1,-1
1631,2,1136.0,393.0,250.0,540.0,1,-1,-1,-1
1632,2,1136.0,399.0,252.0,534.0,1,-1,-1,-1
1633,2,1135.0,402.0,252.0,534.0,1,-1,-1,-1
1634,2,1130.0,414.0,257.0,517.0,1,-1,-1,-1
1635,2,1129.0,409.0,260.0,527.0,1,-1,-1,-1
1636,2,1128.0,407.0,264.0,528.0,1,-1,-1,-1
1637,2,1125.0,402.0,269.0,530.0,1,-1,-1,-1
1638,2,1125.0,399.0,270.0,532.0,1,-1,-1,-1
1639,2,1125.0,396.0,265.0,533.0,1,-1,-1,-1
1640,2,1127.0,394.0,261.0,532.0,1,-1,-1,-1
1641,2,1125.0,384.0,264.0,540.0,1,-1,-1,-1
1642,2,1123.0,377.0,266.0,544.0,1,-1,-1,-1
1643,2,1119.0,372.0,269.0,548.0,1,-1,-1,-1
1644,2,1114.0,372.0,273.0,547.0,1,-1,-1,-1
1645,2,1111.0,369.0,275.0,548.0,1,-1,-1,-1
1646,2,1106.0,368.0,280.0,553.0,1,-1,-1,-1
1647,2,1104.0,368.0,283.0,549.0,1,-1,-1,-1
1648,2,1099.0,373.0,288.0,549.0,1,-1,-1,-1
1649,2,1099.0,377.0,289.0,542.0,1,-1,-1,-1
1650,2,1092.0,381.0,295.0,536.0,1,-1,-1,-1
1651,2,1095.0,387.0,291.0,530.0,1,-1,-1,-1
1652,2,1097.0,389.0,289.0,528.0,1,-1,-1,-1
1653,2,1097.0,391.0,291.0,529.0,1,-1,-1,-1
1654,2,1095.0,393.0,291.0,527.0,1,-1,-1,-1
1655,2,1095.0,392.0,286.0,523.0,1,-1,-1,-1
1656,2,1094.0,392.0,284.0,522.0,1,-1,-1,-1
1657,2,1093.0,393.0,283.0,521.0,1,-1,-1,-1
1658,2,1091.0,388.0,283.0,527.0,1,-1,-1,-1
1659,2,1088.0,387.0,278.0,533.0,1,-1,-1,-1
1660,2,1085.0,385.0,277.0,537.0,1,-1,-1,-1
1661,2,1083.0,386.0,276.0,534.0,1,-1,-1,-1
1662,2,1084.0,385.0,272.0,533.0,1,-1,-1,-1
1663,2,1085.0,385.0,268.0,533.0,1,-1,-1,-1
1664,2,1084.0,389.0,270.0,533.0,1,-1,-1,-1
1665,2,1086.0,390.0,273.0,540.0,1,-1,-1,-1
1666,2,1083.0,396.0,277.0,536.0,1,-1,-1,-1
1667,2,1081.0,398.0,281.0,533.0,1,-1,-1,-1
1668,2,1081.0,404.0,280.0,527.0,1,-1,-1,-1
1669,2,1076.0,406.0,286.0,525.0,1,-1,-1,-1
1670,2,1097.0,410.0,270.0,521.0,1,-1,-1,-1
1671,2,1103.0,409.0,263.0,520.0,1,-1,-1,-1
1672,2,1103.0,409.0,262.0,520.0,1,-1,-1,-1
1673,2,1103.0,408.0,264.0,520.0,1,-1,-1,-1
1674,2,1104.0,405.0,278.0,522.0,1,-1,-1,-1
1675,2,1104.0,402.0,295.0,525.0,1,-1,-1,-1
1676,2,1105.0,405.0,311.0,523.0,1,-1,-1,-1
1677,2,1104.0,403.0,326.0,523.0,1,-1,-1,-1
1678,2,1105.0,399.0,331.0,529.0,1,-1,-1,-1
1679,2,1104.0,400.0,336.0,531.0,1,-1,-1,-1
1680,2,1100.0,400.0,334.0,530.0,1,-1,-1,-1
1681,2,1102.0,401.0,324.0,526.0,1,-1,-1,-1
1682,2,1095.0,406.0,328.0,518.0,1,-1,-1,-1
1683,2,1087.0,409.0,333.0,513.0,1,-1,-1,-1
1684,2,1078.0,407.0,335.0,512.0,1,-1,-1,-1
1685,2,1077.0,407.0,326.0,513.0,1,-1,-1,-1
1686,2,1080.0,405.0,308.0,516.0,1,-1,-1,-1
1687,2,1080.0,401.0,299.0,516.0,1,-1,-1,-1
1688,2,1085.0,400.0,281.0,517.0,1,-1,-1,-1
1689,2,1080.0,400.0,277.0,521.0,1,-1,-1,-1
1690,2,1085.0,399.0,265.0,517.0,1,-1,-1,-1
1691,2,1086.0,396.0,262.0,518.0,1,-1,-1,-1
1692,2,1088.0,395.0,257.0,522.0,1,-1,-1,-1
1693,2,1086.0,396.0,258.0,519.0,1,-1,-1,-1
1694,2,1091.0,396.0,253.0,521.0,1,-1,-1,-1
1695,2,1095.0,395.0,249.0,523.0,1,-1,-1,-1
1696,2,1096.0,394.0,249.0,526.0,1,-1,-1,-1
1697,2,1097.0,395.0,250.0,527.0,1,-1,-1,-1
1698,2,1096.0,396.0,254.0,529.0,1,-1,-1,-1
1699,2,1098.0,395.0,254.0,533.0,1,-1,-1,-1
1700,2,1097.0,400.0,255.0,525.0,1,-1,-1,-1
1701,2,1095.0,412.0,259.0,516.0,1,-1,-1,-1
1702,2,1095.0,420.0,260.0,509.0,1,-1,-1,-1
1703,2,1095.0,417.0,260.0,512.0,1,-1,-1,-1
1704,2,1098.0,416.0,256.0,508.0,1,-1,-1,-1
1705,2,1096.0,408.0,258.0,519.0,1,-1,-1,-1
1706,2,1096.0,405.0,258.0,523.0,1,-1,-1,-1
1707,2,1095.0,400.0,262.0,526.0,1,-1,-1,-1
1708,2,1094.0,401.0,264.0,524.0,1,-1,-1,-1
1709,2,1091.0,400.0,269.0,524.0,1,-1,-1,-1
1710,2,1093.0,398.0,266.0,527.0,1,-1,-1,-1
1711,2,1093.0,393.0,270.0,531.0,1,-1,-1,-1
1712,2,1088.0,383.0,277.0,542.0,1,-1,-1,-1
1713,2,1089.0,380.0,279.0,545.0,1,-1,-1,-1
1714,2,1088.0,382.0,276.0,543.0,1,-1,-1,-1
1715,2,1084.0,381.0,280.0,544.0,1,-1,-1,-1
1716,2,1086.0,385.0,275.0,543.0,1,-1,-1,-1
1717,2,1094.0,389.0,267.0,538.0,1,-1,-1,-1
1718,2,1092.0,390.0,270.0,538.0,1,-1,-1,-1
1719,2,1094.0,390.0,268.0,540.0,1,-1,-1,-1
1720,2,1088.0,392.0,276.0,536.0,1,-1,-1,-1
1721,2,1085.0,393.0,280.0,535.0,1,-1,-1,-1
1722,2,1085.0,389.0,283.0,537.0,1,-1,-1,-1
1723,2,1085.0,394.0,285.0,532.0,1,-1,-1,-1
1724,2,1086.0,394.0,287.0,530.0,1,-1,-1,-1
1725,2,1086.0,395.0,291.0,528.0,1,-1,-1,-1
1726,2,1089.0,399.0,287.0,524.0,1,-1,-1,-1
1727,2,1085.0,401.0,290.0,521.0,1,-1,-1,-1
1728,2,1090.0,405.0,279.0,521.0,1,-1,-1,-1
1729,2,1094.0,409.0,269.0,520.0,1,-1,-1,-1
1730,2,1094.0,418.0,264.0,519.0,1,-1,-1,-1
1731,2,1099.0,428.0,252.0,505.0,1,-1,-1,-1
1732,2,1098.0,430.0,252.0,505.0,1,-1,-1,-1
1733,2,1097.0,429.0,251.0,506.0,1,-1,-1,-1
1734,2,1098.0,432.0,248.0,501.0,1,-1,-1,-1
1735,2,1097.0,427.0,251.0,505.0,1,-1,-1,-1
1736,2,1095.0,419.0,257.0,515.0,1,-1,-1,-1
1737,2,1097.0,412.0,256.0,519.0,1,-1,-1,-1
1738,2,1100.0,405.0,255.0,524.0,1,-1,-1,-1
1739,2,1101.0,396.0,254.0,533.0,1,-1,-1,-1
1740,2,1100.0,396.0,256.0,533.0,1,-1,-1,-1
1741,2,1097.0,391.0,257.0,538.0,1,-1,-1,-1
1742,2,1097.0,385.0,252.0,549.0,1,-1,-1,-1
1743,2,1097.0,385.0,251.0,549.0,1,-1,-1,-1
1744,2,1096.0,383.0,253.0,552.0,1,-1,-1,-1
1745,2,1096.0,384.0,253.0,548.0,1,-1,-1,-1
1746,2,1092.0,388.0,261.0,541.0,1,-1,-1,-1
1747,2,1097.0,385.0,252.0,550.0,1,-1,-1,-1
1748,2,1096.0,384.0,253.0,547.0,1,-1,-1,-1
1749,2,1095.0,386.0,254.0,549.0,1,-1,-1,-1
1750,2,1096.0,391.0,252.0,545.0,1,-1,-1,-1
1751,2,1096.0,391.0,251.0,545.0,1,-1,-1,-1
1752,2,1098.0,390.0,248.0,548.0,1,-1,-1,-1
1753,2,1094.0,391.0,251.0,542.0,1,-1,-1,-1
1754,2,1093.0,391.0,250.0,539.0,1,-1,-1,-1
1755,2,1093.0,390.0,248.0,539.0,1,-1,-1,-1
1756,2,1095.0,391.0,247.0,537.0,1,-1,-1,-1
1757,2,1092.0,390.0,249.0,539.0,1,-1,-1,-1
1758,2,1093.0,392.0,248.0,535.0,1,-1,-1,-1
1759,2,1096.0,392.0,242.0,535.0,1,-1,-1,-1
1760,2,1096.0,394.0,238.0,536.0,1,-1,-1,-1
1761,2,1093.0,395.0,240.0,549.0,1,-1,-1,-1
1762,2,1092.0,402.0,241.0,536.0,1,-1,-1,-1
1763,2,1093.0,406.0,237.0,523.0,1,-1,-1,-1
1764,2,1094.0,408.0,239.0,521.0,1,-1,-1,-1
1765,2,1095.0,408.0,244.0,521.0,1,-1,-1,-1
1766,2,1094.0,404.0,250.0,526.0,1,-1,-1,-1
1767,2,1094.0,399.0,253.0,534.0,1,-1,-1,-1
1768,2,1095.0,397.0,247.0,536.0,1,-1,-1,-1
1769,2,1094.0,396.0,243.0,534.0,1,-1,-1,-1
1770,2,1096.0,394.0,239.0,534.0,1,-1,-1,-1
1771,2,1099.0,393.0,234.0,529.0,1,-1,-1,-1
1772,2,1100.0,387.0,231.0,533.0,1,-1,-1,-1
1773,2,1097.0,384.0,235.0,534.0,1,-1,-1,-1
1774,2,1093.0,380.0,245.0,540.0,1,-1,-1,-1
1775,2,1091.0,378.0,255.0,539.0,1,-1,-1,-1
1776,2,1090.0,377.0,261.0,540.0,1,-1,-1,-1
1777,2,1088.0,368.0,271.0,548.0,1,-1,-1,-1
1778,2,1088.0,369.0,274.0,549.0,1,-1,-1,-1
1779,2,1084.0,371.0,285.0,550.0,1,-1,-1,-1
1780,2,1084.0,373.0,290.0,548.0,1,-1,-1,-1
1781,2,1085.0,377.0,292.0,545.0,1,-1,-1,-1
1782,2,1082.0,384.0,292.0,537.0,1,-1,-1,-1
1783,2,1083.0,390.0,290.0,531.0,1,-1,-1,-1
1784,2,1084.0,401.0,288.0,523.0,1,-1,-1,-1
1785,2,1084.0,405.0,290.0,518.0,1,-1,-1,-1
1786,2,1082.0,406.0,292.0,517.0,1,-1,-1,-1
1787,2,1083.0,407.0,291.0,517.0,1,-1,-1,-1
1788,2,1083.0,403.0,290.0,520.0,1,-1,-1,-1
1789,2,1086.0,401.0,291.0,520.0,1,-1,-1,-1
1790,2,1093.0,398.0,283.0,523.0,1,-1,-1,-1
1791,2,1097.0,396.0,280.0,524.0,1,-1,-1,-1
1792,2,1105.0,394.0,275.0,526.0,1,-1,-1,-1
1793,2,1112.0,395.0,277.0,526.0,1,-1,-1,-1
1794,2,1118.0,395.0,280.0,526.0,1,-1,-1,-1
1795,2,1123.0,391.0,290.0,533.0,1,-1,-1,-1
1796,2,1135.0,391.0,280.0,533.0,1,-1,-1,-1
1797,2,1139.0,397.0,279.0,522.0,1,-1,-1,-1
1798,2,1135.0,400.0,289.0,520.0,1,-1,-1,-1
1799,2,1129.0,405.0,299.0,519.0,1,-1,-1,-1
1800,2,1128.0,409.0,304.0,514.0,1,-1,-1,-1
1801,2,1129.0,414.0,309.0,509.0,1,-1,-1,-1
1802,2,1131.0,415.0,310.0,507.0,1,-1,-1,-1
1803,2,1131.0,414.0,319.0,508.0,1,-1,-1,-1
1804,2,1133.0,412.0,319.0,511.0,1,-1,-1,-1
1805,2,1133.0,407.0,321.0,516.0,1,-1,-1,-1
1806,2,1135.0,401.0,324.0,522.0,1,-1,-1,-1
1807,2,1136.0,397.0,315.0,527.0,1,-1,-1,-1
1808,2,1139.0,390.0,307.0,535.0,1,-1,-1,-1
1809,2,1139.0,390.0,301.0,538.0,1,-1,-1,-1
1810,2,1141.0,389.0,286.0,542.0,1,-1,-1,-1
1811,2,1144.0,388.0,271.0,541.0,1,-1,-1,-1
1812,2,1143.0,390.0,263.0,538.0,1,-1,-1,-1
1813,2,1140.0,393.0,261.0,533.0,1,-1,-1,-1
1814,2,1136.0,397.0,262.0,528.0,1,-1,-1,-1
1815,2,1131.0,401.0,269.0,529.0,1,-1,-1,-1
1816,2,1128.0,403.0,278.0,527.0,1,-1,-1,-1
1817,2,1128.0,405.0,274.0,526.0,1,-1,-1,-1
1818,2,1131.0,411.0,265.0,519.0,1,-1,-1,-1
1819,2,1131.0,411.0,260.0,518.0,1,-1,-1,-1
1820,2,1135.0,412.0,252.0,514.0,1,-1,-1,-1
1821,2,1141.0,412.0,245.0,515.0,1,-1,-1,-1
1822,2,1144.0,408.0,242.0,520.0,1,-1,-1,-1
1823,2,1148.0,404.0,234.0,525.0,1,-1,-1,-1
1824,2,1149.0,401.0,233.0,526.0,1,-1,-1,-1
1825,2,1148.0,395.0,234.0,533.0,1,-1,-1,-1
1826,2,1150.0,388.0,233.0,539.0,1,-1,-1,-1
1827,2,1151.0,383.0,230.0,544.0,1,-1,-1,-1
1828,2,1153.0,376.0,230.0,550.0,1,-1,-1,-1
1829,2,1158.0,364.0,227.0,563.0,1,-1,-1,-1
1830,2,1157.0,353.0,228.0,572.0,1,-1,-1,-1
1831,2,1156.0,346.0,230.0,583.0,1,-1,-1,-1
1832,2,1152.0,340.0,233.0,593.0,1,-1,-1,-1
1833,2,1138.0,338.0,245.0,598.0,1,-1,-1,-1
1834,2,1133.0,337.0,251.0,602.0,1,-1,-1,-1
1835,2,1132.0,339.0,253.0,599.0,1,-1,-1,-1
1836,2,1130.0,338.0,254.0,601.0,1,-1,-1,-1
1837,2,1133.0,343.0,250.0,594.0,1,-1,-1,-1
1838,2,1134.0,349.0,249.0,587.0,1,-1,-1,-1
1839,2,1135.0,357.0,248.0,580.0,1,-1,-1,-1
1840,2,1136.0,365.0,246.0,571.0,1,-1,-1,-1
1841,2,1136.0,383.0,245.0,552.0,1,-1,-1,-1
1842,2,1136.0,387.0,245.0,547.0,1,-1,-1,-1
1843,2,1137.0,395.0,243.0,538.0,1,-1,-1,-1
1844,2,1137.0,397.0,243.0,538.0,1,-1,-1,-1
1845,2,1141.0,403.0,239.0,531.0,1,-1,-1,-1
1846,2,1135.0,415.0,244.0,521.0,1,-1,-1,-1
1847,2,1130.0,420.0,251.0,515.0,1,-1,-1,-1
1848,2,1126.0,428.0,256.0,505.0,1,-1,-1,-1
1849,2,1124.0,442.0,257.0,492.0,1,-1,-1,-1
1850,2,1125.0,448.0,257.0,486.0,1,-1,-1,-1
1851,2,1125.0,455.0,256.0,481.0,1,-1,-1,-1
1852,2,1125.0,455.0,258.0,482.0,1,-1,-1,-1
1853,2,1124.0,457.0,257.0,481.0,1,-1,-1,-1
1854,2,1122.0,460.0,259.0,478.0,1,-1,-1,-1
1855,2,1120.0,460.0,262.0,478.0,1,-1,-1,-1
1856,2,1122.0,461.0,259.0,478.0,1,-1,-1,-1
1857,2,1122.0,461.0,262.0,479.0,1,-1,-1,-1
1858,2,1120.0,461.0,265.0,480.0,1,-1,-1,-1
1859,2,1122.0,461.0,262.0,477.0,1,-1,-1,-1
1860,2,1121.0,461.0,266.0,478.0,1,-1,-1,-1
1861,2,1117.0,459.0,271.0,478.0,1,-1,-1,-1
1862,2,1114.0,459.0,277.0,480.0,1,-1,-1,-1
1863,2,1113.0,458.0,279.0,480.0,1,-1,-1,-1
1864,2,1109.0,458.0,282.0,479.0,1,-1,-1,-1
1865,2,1108.0,458.0,283.0,479.0,1,-1,-1,-1
1866,2,1106.0,458.0,286.0,476.0,1,-1,-1,-1
1867,2,1106.0,456.0,289.0,472.0,1,-1,-1,-1
1868,2,1107.0,455.0,290.0,474.0,1,-1,-1,-1
1869,2,1109.0,455.0,286.0,474.0,1,-1,-1,-1
1870,2,1109.0,450.0,284.0,480.0,1,-1,-1,-1
1871,2,1111.0,440.0,282.0,491.0,1,-1,-1,-1
1872,2,1114.0,433.0,277.0,497.0,1,-1,-1,-1
1873,2,1116.0,424.0,273.0,506.0,1,-1,-1,-1
1874,2,1117.0,416.0,267.0,515.0,1,-1,-1,-1
1875,2,1118.0,413.0,260.0,516.0,1,-1,-1,-1
1876,2,1118.0,411.0,251.0,518.0,1,-1,-1,-1
1877,2,1117.0,410.0,241.0,520.0,1,-1,-1,-1
1878,2,1116.0,409.0,230.0,523.0,1,-1,-1,-1
1879,2,1115.0,408.0,220.0,526.0,1,-1,-1,-1
1880,2,1114.0,410.0,212.0,528.0,1,-1,-1,-1
1881,2,1111.0,413.0,207.0,532.0,1,-1,-1,-1
1882,2,1114.0,413.0,203.0,529.0,1,-1,-1,-1
1883,2,1113.0,411.0,205.0,528.0,1,-1,-1,-1
1884,2,1113.0,410.0,203.0,531.0,1,-1,-1,-1
1885,2,1114.0,403.0,203.0,540.0,1,-1,-1,-1
1886,2,1115.0,399.0,200.0,540.0,1,-1,-1,-1
1887,2,1118.0,401.0,204.0,542.0,1,-1,-1,-1
1888,2,1118.0,386.0,202.0,561.0,1,-1,-1,-1
1889,2,1123.0,381.0,205.0,563.0,1,-1,-1,-1
1890,2,1124.0,378.0,206.0,561.0,1,-1,-1,-1
1891,2,1125.0,377.0,205.0,561.0,1,-1,-1,-1
1892,2,1132.0,369.0,199.0,565.0,1,-1,-1,-1
1893,2,1138.0,365.0,199.0,568.0,1,-1,-1,-1
1894,2,1130.0,369.0,212.0,559.0,1,-1,-1,-1
1895,2,1126.0,370.0,225.0,562.0,1,-1,-1,-1
1896,2,1122.0,370.0,238.0,568.0,1,-1,-1,-1
1897,2,1119.0,372.0,255.0,573.0,1,-1,-1,-1
1898,2,1119.0,376.0,261.0,568.0,1,-1,-1,-1
1899,2,1113.0,379.0,269.0,567.0,1,-1,-1,-1
1900,2,1114.0,380.0,270.0,567.0,1,-1,-1,-1
1901,2,1111.0,379.0,270.0,567.0,1,-1,-1,-1
1902,2,1112.0,381.0,268.0,564.0,1,-1,-1,-1
1903,2,1115.0,381.0,264.0,560.0,1,-1,-1,-1
1904,2,1117.0,383.0,255.0,558.0,1,-1,-1,-1
1905,2,1121.0,386.0,250.0,554.0,1,-1,-1,-1
1906,2,1121.0,391.0,251.0,549.0,1,-1,-1,-1
1907,2,1121.0,396.0,254.0,541.0,1,-1,-1,-1
1908,2,1121.0,403.0,259.0,536.0,1,-1,-1,-1
1909,2,1121.0,413.0,259.0,527.0,1,-1,-1,-1
1910,2,1127.0,419.0,251.0,520.0,1,-1,-1,-1
1911,2,1127.0,433.0,253.0,504.0,1,-1,-1,-1
1912,2,1128.0,444.0,254.0,492.0,1,-1,-1,-1
1913,2,1127.0,450.0,256.0,485.0,1,-1,-1,-1
1914,2,1125.0,457.0,259.0,479.0,1,-1,-1,-1
1915,2,1125.0,459.0,261.0,478.0,1,-1,-1,-1
1916,2,1122.0,461.0,264.0,477.0,1,-1,-1,-1
1917,2,1122.0,461.0,263.0,476.0,1,-1,-1,-1
1918,2,1122.0,461.0,262.0,474.0,1,-1,-1,-1
1919,2,1122.0,459.0,261.0,476.0,1,-1,-1,-1
1920,2,1123.0,456.0,261.0,479.0,1,-1,-1,-1
1921,2,1123.0,453.0,261.0,481.0,1,-1,-1,-1
1922,2,1121.0,450.0,264.0,485.0,1,-1,-1,-1
1923,2,1121.0,446.0,265.0,490.0,1,-1,-1,-1
1924,2,1121.0,443.0,266.0,495.0,1,-1,-1,-1
1925,2,1121.0,443.0,263.0,497.0,1,-1,-1,-1
1926,2,1114.0,440.0,270.0,498.0,1,-1,-1,-1
1927,2,1110.0,439.0,274.0,499.0,1,-1,-1,-1
1928,2,1104.0,440.0,279.0,497.0,1,-1,-1,-1
1929,2,1101.0,442.0,283.0,495.0,1,-1,-1,-1
1930,2,1099.0,445.0,287.0,492.0,1,-1,-1,-1
1931,2,1099.0,445.0,289.0,491.0,1,-1,-1,-1
1932,2,1099.0,443.0,289.0,493.0,1,-1,-1,-1
1933,2,1101.0,441.0,287.0,495.0,1,-1,-1,-1
1934,2,1101.0,435.0,284.0,503.0,1,-1,-1,-1
1935,2,1103.0,427.0,280.0,509.0,1,-1,-1,-1
1936,2,1102.0,427.0,276.0,510.0,1,-1,-1,-1
1937,2,1108.0,421.0,271.0,516.0,1,-1,-1,-1
1938,2,1114.0,420.0,264.0,517.0,1,-1,-1,-1
1939,2,1124.0,411.0,262.0,523.0,1,-1,-1,-1
1940,2,1133.0,411.0,253.0,521.0,1,-1,-1,-1
1941,2,1142.0,412.0,246.0,525.0,1,-1,-1,-1
1942,2,1156.0,416.0,232.0,523.0,1,-1,-1,-1
1943,2,1158.0,418.0,232.0,521.0,1,-1,-1,-1
1944,2,1149.0,417.0,241.0,524.0,1,-1,-1,-1
1945,2,1140.0,413.0,248.0,530.0,1,-1,-1,-1
1946,2,1133.0,416.0,253.0,523.0,1,-1,-1,-1
1947,2,1123.0,412.0,261.0,527.0,1,-1,-1,-1
1948,2,1122.0,404.0,261.0,535.0,1,-1,-1,-1
1949,2,1128.0,399.0,253.0,538.0,1,-1,-1,-1
1950,2,1138.0,397.0,243.0,540.0,1,-1,-1,-1
1951,2,1147.0,392.0,235.0,544.0,1,-1,-1,-1
1952,2,1146.0,387.0,236.0,549.0,1,-1,-1,-1
1953,2,1148.0,383.0,239.0,548.0,1,-1,-1,-1
1954,2,1138.0,384.0,257.0,543.0,1,-1,-1,-1
1955,2,1125.0,382.0,274.0,550.0,1,-1,-1,-1
1956,2,1114.0,388.0,291.0,547.0,1,-1,-1,-1
1957,2,1101.0,389.0,306.0,548.0,1,-1,-1,-1
1958,2,1079.0,389.0,329.0,552.0,1,-1,-1,-1
1959,2,1080.0,390.0,322.0,551.0,1,-1,-1,-1
1960,2,1078.0,400.0,324.0,539.0,1,-1,-1,-1
1961,2,1078.0,404.0,320.0,537.0,1,-1,-1,-1
1962,2,1078.0,404.0,320.0,536.0,1,-1,-1,-1
1963,2,1072.0,412.0,329.0,528.0,1,-1,-1,-1
1964,2,1071.0,419.0,334.0,521.0,1,-1,-1,-1
1965,2,1070.0,423.0,342.0,519.0,1,-1,-1,-1
1966,2,1068.0,424.0,344.0,519.0,1,-1,-1,-1
1967,2,1063.0,425.0,354.0,518.0,1,-1,-1,-1
1968,2,1054.0,428.0,361.0,518.0,1,-1,-1,-1
1969,2,1050.0,429.0,357.0,517.0,1,-1,-1,-1
1970,2,1057.0,424.0,339.0,519.0,1,-1,-1,-1
1971,2,1041.0,420.0,353.0,520.0,1,-1,-1,-1
1972,2,1052.0,412.0,339.0,529.0,1,-1,-1,-1
1973,2,1069.0,409.0,318.0,532.0,1,-1,-1,-1
1974,2,1071.0,402.0,311.0,540.0,1,-1,-1,-1
1975,2,1077.0,392.0,302.0,552.0,1,-1,-1,-1
1976,2,1079.0,395.0,296.0,547.0,1,-1,-1,-1
1977,2,1080.0,398.0,293.0,543.0,1,-1,-1,-1
1978,2,1078.0,386.0,294.0,552.0,1,-1,-1,-1
1979,2,1079.0,380.0,296.0,555.0,1,-1,-1,-1
1980,2,1078.0,375.0,303.0,559.0,1,-1,-1,-1
1981,2,1080.0,372.0,308.0,566.0,1,-1,-1,-1
1982,2,1082.0,373.0,310.0,564.0,1,-1,-1,-1
1983,2,1082.0,373.0,314.0,562.0,1,-1,-1,-1
1984,2,1082.0,376.0,320.0,559.0,1,-1,-1,-1
1985,2,1082.0,382.0,327.0,554.0,1,-1,-1,-1
1986,2,1083.0,384.0,330.0,558.0,1,-1,-1,-1
1987,2,1084.0,391.0,333.0,553.0,1,-1,-1,-1
1988,2,1085.0,395.0,332.0,551.0,1,-1,-1,-1
1989,2,1090.0,398.0,327.0,546.0,1,-1,-1,-1
1990,2,1090.0,407.0,330.0,538.0,1,-1,-1,-1
1991,2,1089.0,414.0,328.0,531.0,1,-1,-1,-1
1992,2,1085.0,420.0,333.0,526.0,1,-1,-1,-1
1993,2,1085.0,429.0,332.0,518.0,1,-1,-1,-1
1994,2,1080.0,431.0,344.0,530.0,1,-1,-1,-1
1995,2,1078.0,432.0,352.0,527.0,1,-1,-1,-1
1996,2,1085.0,435.0,353.0,512.0,1,-1,-1,-1
1997,2,1084.0,435.0,348.0,512.0,1,-1,-1,-1
1998,2,1082.0,432.0,344.0,515.0,1,-1,-1,-1
1999,2,1084.0,418.0,344.0,528.0,1,-1,-1,-1
2000,2,1084.0,410.0,364.0,535.0,1,-1,-1,-1
2001,2,1084.0,400.0,382.0,546.0,1,-1,-1,-1
2002,2,1086.0,387.0,397.0,561.0,1,-1,-1,-1
2003,2,1093.0,374.0,412.0,573.0,1,-1,-1,-1
2004,2,1098.0,387.0,419.0,557.0,1,-1,-1,-1
2005,2,1078.0,369.0,440.0,573.0,1,-1,-1,-1
2006,2,1050.0,360.0,487.0,580.0,1,-1,-1,-1
2007,2,1036.0,350.0,506.0,584.0,1,-1,-1,-1
2008,2,1032.0,341.0,509.0,585.0,1,-1,-1,-1
2009,2,1071.0,339.0,469.0,587.0,1,-1,-1,-1
2010,2,1081.0,344.0,451.0,581.0,1,-1,-1,-1
2011,2,1096.0,339.0,411.0,578.0,1,-1,-1,-1
2012,2,1123.0,337.0,353.0,585.0,1,-1,-1,-1
2013,2,1153.0,334.0,299.0,588.0,1,-1,-1,-1
2014,2,1168.0,337.0,231.0,591.0,1,-1,-1,-1
2015,2,1172.0,334.0,197.0,600.0,1,-1,-1,-1
2017,2,1174.0,334.0,178.0,611.0,1,-1,-1,-1
2019,2,1146.0,351.0,219.0,601.0,1,-1,-1,-1
2020,2,1115.0,354.0,268.0,598.0,1,-1,-1,-1
2021,2,1079.0,367.0,314.0,582.0,1,-1,-1,-1
2022,2,1064.0,376.0,342.0,575.0,1,-1,-1,-1
2023,2,1065.0,375.0,351.0,575.0,1,-1,-1,-1
2024,2,1072.0,380.0,347.0,566.0,1,-1,-1,-1
2025,2,1088.0,383.0,331.0,562.0,1,-1,-1,-1
2026,2,1112.0,384.0,305.0,562.0,1,-1,-1,-1
2027,2,1127.0,387.0,275.0,558.0,1,-1,-1,-1
2028,2,1129.0,390.0,267.0,555.0,1,-1,-1,-1
2029,2,1129.0,390.0,264.0,556.0,1,-1,-1,-1
2030,2,1142.0,386.0,238.0,565.0,1,-1,-1,-1
2031,2,1164.0,377.0,208.0,574.0,1,-1,-1,-1
2032,2,1169.0,378.0,197.0,571.0,1,-1,-1,-1
2033,2,1178.0,379.0,179.0,570.0,1,-1,-1,-1
2034,2,1181.0,380.0,165.0,570.0,1,-1,-1,-1
2035,2,1180.0,381.0,162.0,569.0,1,-1,-1,-1
2036,2,1169.0,382.0,183.0,570.0,1,-1,-1,-1
2037,2,1170.0,375.0,189.0,575.0,1,-1,-1,-1
2038,2,1170.0,369.0,193.0,580.0,1,-1,-1,-1
2039,2,1173.0,364.0,188.0,584.0,1,-1,-1,-1
2040,2,1163.0,361.0,196.0,591.0,1,-1,-1,-1
2041,2,1153.0,359.0,205.0,593.0,1,-1,-1,-1
2042,2,1139.0,360.0,223.0,593.0,1,-1,-1,-1
2043,2,1134.0,360.0,235.0,595.0,1,-1,-1,-1
2044,2,1129.0,357.0,248.0,599.0,1,-1,-1,-1
2045,2,1126.0,354.0,259.0,593.0,1,-1,-1,-1
2046,2,1125.0,354.0,261.0,592.0,1,-1,-1,-1
2047,2,1126.0,353.0,259.0,594.0,1,-1,-1,-1
2048,2,1128.0,355.0,255.0,591.0,1,-1,-1,-1
2049,2,1129.0,348.0,252.0,606.0,1,-1,-1,-1
2050,2,1134.0,351.0,246.0,601.0,1,-1,-1,-1
2051,2,1138.0,354.0,240.0,597.0,1,-1,-1,-1
2052,2,1149.0,349.0,227.0,602.0,1,-1,-1,-1
2053,2,1151.0,346.0,224.0,605.0,1,-1,-1,-1
2054,2,1150.0,351.0,221.0,602.0,1,-1,-1,-1
2055,2,1148.0,361.0,219.0,589.0,1,-1,-1,-1
2056,2,1146.0,369.0,217.0,579.0,1,-1,-1,-1
2057,2,1144.0,373.0,220.0,576.0,1,-1,-1,-1
2058,2,1147.0,380.0,217.0,570.0,1,-1,-1,-1
2059,2,1148.0,389.0,221.0,561.0,1,-1,-1,-1
2060,2,1147.0,393.0,234.0,556.0,1,-1,-1,-1
2061,2,1148.0,393.0,239.0,555.0,1,-1,-1,-1
2062,2,1149.0,395.0,244.0,553.0,1,-1,-1,-1
2063,2,1153.0,395.0,240.0,555.0,1,-1,-1,-1
2064,2,1158.0,395.0,232.0,557.0,1,-1,-1,-1
2065,2,1164.0,394.0,212.0,559.0,1,-1,-1,-1
2066,2,1165.0,388.0,193.0,561.0,1,-1,-1,-1
2067,2,1163.0,387.0,166.0,563.0,1,-1,-1,-1
2068,2,1156.0,387.0,155.0,561.0,1,-1,-1,-1
2069,2,1148.0,394.0,160.0,553.0,1,-1,-1,-1
2070,2,1141.0,394.0,166.0,557.0,1,-1,-1,-1
2071,2,1142.0,395.0,162.0,555.0,1,-1,-1,-1
2072,2,1142.0,390.0,161.0,560.0,1,-1,-1,-1
2073,2,1141.0,385.0,161.0,566.0,1,-1,-1,-1
2074,2,1132.0,365.0,174.0,588.0,1,-1,-1,-1
2075,2,1129.0,351.0,179.0,602.0,1,-1,-1,-1
2076,2,1122.0,350.0,186.0,603.0,1,-1,-1,-1
2077,2,1120.0,345.0,192.0,608.0,1,-1,-1,-1
2078,2,1117.0,331.0,195.0,622.0,1,-1,-1,-1
2079,2,1122.0,335.0,192.0,613.0,1,-1,-1,-1
2080,2,1125.0,332.0,188.0,616.0,1,-1,-1,-1
2081,2,1125.0,326.0,188.0,623.0,1,-1,-1,-1
2082,2,1125.0,325.0,188.0,623.0,1,-1,-1,-1
2083,2,1122.0,333.0,194.0,615.0,1,-1,-1,-1
2084,2,1133.0,336.0,180.0,616.0,1,-1,-1,-1
2085,2,1132.0,340.0,181.0,611.0,1,-1,-1,-1
2086,2,1117.0,340.0,197.0,607.0,1,-1,-1,-1
2087,2,1113.0,336.0,201.0,611.0,1,-1,-1,-1
2088,2,1104.0,333.0,210.0,613.0,1,-1,-1,-1
2089,2,1096.0,332.0,220.0,614.0,1,-1,-1,-1
2090,2,1095.0,334.0,220.0,612.0,1,-1,-1,-1
2091,2,1087.0,330.0,227.0,616.0,1,-1,-1,-1
