1,1,510.0,388.0,261.0,520.0,1,-1,-1,-1
2,1,501.0,382.0,263.0,530.0,1,-1,-1,-1
3,1,499.0,380.0,258.0,535.0,1,-1,-1,-1
4,1,497.0,377.0,249.0,539.0,1,-1,-1,-1
5,1,491.0,378.0,247.0,540.0,1,-1,-1,-1
6,1,490.0,379.0,237.0,536.0,1,-1,-1,-1
7,1,488.0,382.0,232.0,530.0,1,-1,-1,-1
8,1,490.0,382.0,227.0,531.0,1,-1,-1,-1
9,1,491.0,380.0,220.0,533.0,1,-1,-1,-1
10,1,493.0,378.0,218.0,531.0,1,-1,-1,-1
11,1,494.0,375.0,223.0,534.0,1,-1,-1,-1
12,1,489.0,377.0,225.0,533.0,1,-1,-1,-1
13,1,486.0,379.0,233.0,537.0,1,-1,-1,-1
14,1,486.0,385.0,229.0,524.0,1,-1,-1,-1
15,1,484.0,390.0,229.0,514.0,1,-1,-1,-1
16,1,480.0,395.0,235.0,512.0,1,-1,-1,-1
17,1,477.0,403.0,239.0,507.0,1,-1,-1,-1
18,1,469.0,407.0,244.0,503.0,1,-1,-1,-1
19,1,466.0,412.0,242.0,497.0,1,-1,-1,-1
20,1,461.0,414.0,246.0,490.0,1,-1,-1,-1
21,1,459.0,415.0,237.0,487.0,1,-1,-1,-1
22,1,460.0,416.0,240.0,489.0,1,-1,-1,-1
23,1,459.0,415.0,246.0,491.0,1,-1,-1,-1
24,1,458.0,414.0,235.0,495.0,1,-1,-1,-1
25,1,457.0,408.0,241.0,500.0,1,-1,-1,-1
26,1,459.0,398.0,243.0,516.0,1,-1,-1,-1
27,1,463.0,394.0,234.0,522.0,1,-1,-1,-1
28,1,465.0,391.0,227.0,526.0,1,-1,-1,-1
29,1,468.0,391.0,220.0,524.0,1,-1,-1,-1
30,1,472.0,386.0,210.0,528.0,1,-1,-1,-1
31,1,474.0,381.0,204.0,536.0,1,-1,-1,-1
32,1,475.0,377.0,200.0,538.0,1,-1,-1,-1
33,1,478.0,375.0,195.0,532.0,1,-1,-1,-1
34,1,475.0,372.0,198.0,537.0,1,-1,-1,-1
35,1,475.0,374.0,204.0,541.0,1,-1,-1,-1
36,1,474.0,374.0,206.0,543.0,1,-1,-1,-1
37,1,473.0,374.0,210.0,544.0,1,-1,-1,-1
38,1,472.0,370.0,215.0,546.0,1,-1,-1,-1
39,1,470.0,370.0,221.0,545.0,1,-1,-1,-1
40,1,470.0,371.0,220.0,545.0,1,-1,-1,-1
41,1,471.0,370.0,219.0,545.0,1,-1,-1,-1
42,1,471.0,375.0,220.0,542.0,1,-1,-1,-1
43,1,472.0,381.0,223.0,537.0,1,-1,-1,-1
44,1,472.0,387.0,223.0,526.0,1,-1,-1,-1
45,1,470.0,392.0,225.0,518.0,1,-1,-1,-1
46,1,471.0,397.0,227.0,507.0,1,-1,-1,-1
47,1,473.0,399.0,227.0,505.0,1,-1,-1,-1
48,1,474.0,411.0,226.0,497.0,1,-1,-1,-1
49,1,477.0,421.0,221.0,488.0,1,-1,-1,-1
50,1,475.0,427.0,222.0,481.0,1,-1,-1,-1
51,1,482.0,429.0,219.0,489.0,1,-1,-1,-1
52,1,483.0,434.0,223.0,477.0,1,-1,-1,-1
53,1,483.0,432.0,221.0,479.0,1,-1,-1,-1
54,1,482.0,434.0,228.0,479.0,1,-1,-1,-1
55,1,484.0,430.0,223.0,482.0,1,-1,-1,-1
56,1,484.0,425.0,223.0,489.0,1,-1,-1,-1
57,1,481.0,422.0,229.0,495.0,1,-1,-1,-1
58,1,482.0,414.0,236.0,503.0,1,-1,-1,-1
59,1,481.0,405.0,239.0,510.0,1,-1,-1,-1
60,1,482.0,396.0,246.0,518.0,1,-1,-1,-1
61,1,485.0,391.0,254.0,524.0,1,-1,-1,-1
62,1,487.0,388.0,259.0,521.0,1,-1,-1,-1
63,1,486.0,385.0,269.0,525.0,1,-1,-1,-1
64,1,489.0,379.0,273.0,521.0,1,-1,-1,-1
65,1,488.0,380.0,274.0,526.0,1,-1,-1,-1
66,1,497.0,381.0,273.0,526.0,1,-1,-1,-1
67,1,502.0,385.0,290.0,527.0,1,-1,-1,-1
68,1,515.0,388.0,282.0,524.0,1,-1,-1,-1
69,1,528.0,387.0,288.0,529.0,1,-1,-1,-1
70,1,538.0,383.0,269.0,533.0,1,-1,-1,-1
71,1,546.0,377.0,267.0,530.0,1,-1,-1,-1
72,1,554.0,381.0,257.0,528.0,1,-1,-1,-1
73,1,557.0,389.0,258.0,524.0,1,-1,-1,-1
74,1,567.0,388.0,256.0,523.0,1,-1,-1,-1
75,1,581.0,392.0,237.0,521.0,1,-1,-1,-1
76,1,597.0,397.0,227.0,520.0,1,-1,-1,-1
77,1,612.0,403.0,217.0,508.0,1,-1,-1,-1
78,1,632.0,402.0,210.0,504.0,1,-1,-1,-1
79,1,638.0,406.0,203.0,496.0,1,-1,-1,-1
80,1,637.0,415.0,201.0,482.0,1,-1,-1,-1
81,1,637.0,423.0,210.0,464.0,1,-1,-1,-1
82,1,640.0,423.0,207.0,454.0,1,-1,-1,-1
83,1,645.0,427.0,207.0,451.0,1,-1,-1,-1
84,1,646.0,431.0,211.0,445.0,1,-1,-1,-1
85,1,647.0,431.0,206.0,430.0,1,-1,-1,-1
86,1,647.0,431.0,213.0,432.0,1,-1,-1,-1
87,1,646.0,430.0,215.0,429.0,1,-1,-1,-1
88,1,643.0,426.0,214.0,433.0,1,-1,-1,-1
89,1,642.0,421.0,217.0,446.0,1,-1,-1,-1
90,1,639.0,417.0,215.0,449.0,1,-1,-1,-1
91,1,636.0,411.0,220.0,458.0,1,-1,-1,-1
92,1,635.0,406.0,223.0,463.0,1,-1,-1,-1
93,1,634.0,403.0,226.0,469.0,1,-1,-1,-1
94,1,630.0,399.0,228.0,469.0,1,-1,-1,-1
95,1,632.0,395.0,222.0,476.0,1,-1,-1,-1
96,1,629.0,393.0,219.0,485.0,1,-1,-1,-1
97,1,626.0,391.0,218.0,496.0,1,-1,-1,-1
98,1,618.0,391.0,225.0,504.0,1,-1,-1,-1
99,1,608.0,387.0,236.0,519.0,1,-1,-1,-1
100,1,591.0,394.0,253.0,513.0,1,-1,-1,-1
101,1,581.0,393.0,265.0,514.0,1,-1,-1,-1
102,1,571.0,393.0,271.0,513.0,1,-1,-1,-1
103,1,563.0,398.0,274.0,504.0,1,-1,-1,-1
104,1,557.0,399.0,282.0,505.0,1,-1,-1,-1
105,1,561.0,394.0,277.0,510.0,1,-1,-1,-1
106,1,572.0,397.0,267.0,509.0,1,-1,-1,-1
107,1,584.0,394.0,258.0,513.0,1,-1,-1,-1
108,1,595.0,395.0,241.0,505.0,1,-1,-1,-1
109,1,608.0,401.0,229.0,501.0,1,-1,-1,-1
110,1,614.0,404.0,221.0,496.0,1,-1,-1,-1
111,1,618.0,410.0,216.0,486.0,1,-1,-1,-1
112,1,627.0,416.0,207.0,477.0,1,-1,-1,-1
113,1,635.0,423.0,198.0,466.0,1,-1,-1,-1
114,1,639.0,430.0,195.0,460.0,1,-1,-1,-1
115,1,644.0,434.0,188.0,459.0,1,-1,-1,-1
116,1,648.0,440.0,184.0,457.0,1,-1,-1,-1
117,1,645.0,443.0,183.0,454.0,1,-1,-1,-1
118,1,638.0,444.0,194.0,455.0,1,-1,-1,-1
119,1,629.0,444.0,202.0,455.0,1,-1,-1,-1
120,1,623.0,442.0,206.0,456.0,1,-1,-1,-1
121,1,613.0,436.0,214.0,465.0,1,-1,-1,-1
122,1,599.0,430.0,237.0,471.0,1,-1,-1,-1
123,1,587.0,424.0,256.0,477.0,1,-1,-1,-1
124,1,572.0,414.0,270.0,478.0,1,-1,-1,-1
125,1,559.0,410.0,280.0,474.0,1,-1,-1,-1
126,1,545.0,404.0,293.0,477.0,1,-1,-1,-1
127,1,534.0,399.0,302.0,484.0,1,-1,-1,-1
128,1,517.0,395.0,312.0,501.0,1,-1,-1,-1
129,1,497.0,392.0,310.0,500.0,1,-1,-1,-1
130,1,483.0,391.0,306.0,506.0,1,-1,-1,-1
131,1,471.0,388.0,311.0,511.0,1,-1,-1,-1
132,1,459.0,388.0,322.0,505.0,1,-1,-1,-1
133,1,455.0,386.0,334.0,516.0,1,-1,-1,-1
134,1,449.0,384.0,330.0,521.0,1,-1,-1,-1
135,1,441.0,389.0,331.0,519.0,1,-1,-1,-1
136,1,437.0,392.0,326.0,521.0,1,-1,-1,-1
137,1,436.0,386.0,305.0,521.0,1,-1,-1,-1
138,1,436.0,392.0,294.0,518.0,1,-1,-1,-1
139,1,436.0,392.0,289.0,518.0,1,-1,-1,-1
140,1,442.0,399.0,268.0,508.0,1,-1,-1,-1
141,1,445.0,404.0,244.0,505.0,1,-1,-1,-1
142,1,445.0,405.0,236.0,507.0,1,-1,-1,-1
143,1,441.0,410.0,228.0,504.0,1,-1,-1,-1
144,1,437.0,414.0,217.0,499.0,1,-1,-1,-1
145,1,429.0,421.0,207.0,491.0,1,-1,-1,-1
146,1,425.0,424.0,200.0,485.0,1,-1,-1,-1
147,1,423.0,424.0,191.0,487.0,1,-1,-1,-1
148,1,417.0,426.0,191.0,485.0,1,-1,-1,-1
149,1,414.0,426.0,184.0,482.0,1,-1,-1,-1
150,1,410.0,421.0,179.0,486.0,1,-1,-1,-1
151,1,401.0,412.0,182.0,494.0,1,-1,-1,-1
152,1,392.0,403.0,192.0,509.0,1,-1,-1,-1
153,1,379.0,396.0,202.0,515.0,1,-1,-1,-1
154,1,368.0,393.0,212.0,515.0,1,-1,-1,-1
155,1,360.0,383.0,217.0,525.0,1,-1,-1,-1
156,1,346.0,384.0,232.0,521.0,1,-1,-1,-1
157,1,342.0,379.0,233.0,527.0,1,-1,-1,-1
158,1,331.0,377.0,242.0,527.0,1,-1,-1,-1
159,1,318.0,373.0,250.0,535.0,1,-1,-1,-1
160,1,307.0,372.0,257.0,535.0,1,-1,-1,-1
161,1,304.0,376.0,258.0,534.0,1,-1,-1,-1
162,1,302.0,377.0,255.0,535.0,1,-1,-1,-1
163,1,294.0,376.0,258.0,538.0,1,-1,-1,-1
164,1,284.0,381.0,254.0,538.0,1,-1,-1,-1
165,1,283.0,383.0,258.0,521.0,1,-1,-1,-1
166,1,284.0,387.0,246.0,514.0,1,-1,-1,-1
167,1,288.0,386.0,237.0,521.0,1,-1,-1,-1
168,1,286.0,387.0,233.0,512.0,1,-1,-1,-1
169,1,283.0,388.0,233.0,516.0,1,-1,-1,-1
170,1,281.0,393.0,234.0,502.0,1,-1,-1,-1
171,1,278.0,395.0,234.0,502.0,1,-1,-1,-1
172,1,277.0,411.0,223.0,488.0,1,-1,-1,-1
173,1,279.0,418.0,216.0,487.0,1,-1,-1,-1
174,1,278.0,425.0,211.0,481.0,1,-1,-1,-1
175,1,270.0,432.0,208.0,469.0,1,-1,-1,-1
176,1,264.0,436.0,211.0,463.0,1,-1,-1,-1
177,1,262.0,437.0,210.0,460.0,1,-1,-1,-1
178,1,263.0,438.0,204.0,457.0,1,-1,-1,-1
179,1,244.0,442.0,213.0,454.0,1,-1,-1,-1
180,1,221.0,444.0,231.0,451.0,1,-1,-1,-1
181,1,218.0,437.0,226.0,459.0,1,-1,-1,-1
182,1,207.0,433.0,233.0,463.0,1,-1,-1,-1
183,1,198.0,430.0,242.0,464.0,1,-1,-1,-1
184,1,183.0,428.0,260.0,460.0,1,-1,-1,-1
185,1,175.0,423.0,279.0,470.0,1,-1,-1,-1
186,1,166.0,418.0,296.0,474.0,1,-1,-1,-1
187,1,157.0,406.0,309.0,487.0,1,-1,-1,-1
188,1,150.0,402.0,314.0,488.0,1,-1,-1,-1
189,1,150.0,402.0,326.0,487.0,1,-1,-1,-1
190,1,140.0,391.0,322.0,495.0,1,-1,-1,-1
191,1,133.0,391.0,326.0,495.0,1,-1,-1,-1
192,1,130.0,384.0,347.0,503.0,1,-1,-1,-1
193,1,122.0,381.0,337.0,508.0,1,-1,-1,-1
194,1,119.0,379.0,333.0,510.0,1,-1,-1,-1
195,1,115.0,378.0,327.0,513.0,1,-1,-1,-1
196,1,111.0,376.0,324.0,517.0,1,-1,-1,-1
197,1,104.0,382.0,329.0,513.0,1,-1,-1,-1
198,1,103.0,383.0,319.0,519.0,1,-1,-1,-1
199,1,96.0,387.0,320.0,517.0,1,-1,-1,-1
200,1,93.0,389.0,315.0,519.0,1,-1,-1,-1
201,1,92.0,384.0,307.0,518.0,1,-1,-1,-1
202,1,94.0,384.0,275.0,517.0,1,-1,-1,-1
203,1,92.0,389.0,273.0,516.0,1,-1,-1,-1
204,1,92.0,392.0,263.0,513.0,1,-1,-1,-1
205,1,89.0,394.0,259.0,508.0,1,-1,-1,-1
206,1,89.0,399.0,255.0,497.0,1,-1,-1,-1
207,1,88.0,406.0,249.0,486.0,1,-1,-1,-1
208,1,89.0,412.0,243.0,477.0,1,-1,-1,-1
209,1,90.0,415.0,235.0,472.0,1,-1,-1,-1
210,1,91.0,424.0,235.0,463.0,1,-1,-1,-1
211,1,91.0,428.0,233.0,462.0,1,-1,-1,-1
212,1,89.0,433.0,234.0,459.0,1,-1,-1,-1
213,1,88.0,434.0,232.0,458.0,1,-1,-1,-1
214,1,89.0,434.0,234.0,461.0,1,-1,-1,-1
215,1,85.0,431.0,237.0,462.0,1,-1,-1,-1
216,1,83.0,430.0,240.0,466.0,1,-1,-1,-1
217,1,83.0,425.0,239.0,471.0,1,-1,-1,-1
218,1,81.0,417.0,245.0,479.0,1,-1,-1,-1
219,1,79.0,412.0,247.0,484.0,1,-1,-1,-1
220,1,79.0,405.0,252.0,489.0,1,-1,-1,-1
221,1,77.0,398.0,256.0,497.0,1,-1,-1,-1
222,1,77.0,396.0,257.0,499.0,1,-1,-1,-1
223,1,76.0,391.0,260.0,503.0,1,-1,-1,-1
224,1,71.0,388.0,267.0,511.0,1,-1,-1,-1
225,1,70.0,385.0,266.0,515.0,1,-1,-1,-1
226,1,70.0,382.0,268.0,518.0,1,-1,-1,-1
227,1,70.0,382.0,268.0,520.0,1,-1,-1,-1
228,1,68.0,381.0,275.0,524.0,1,-1,-1,-1
229,1,69.0,381.0,273.0,525.0,1,-1,-1,-1
230,1,73.0,380.0,271.0,528.0,1,-1,-1,-1
231,1,76.0,380.0,266.0,530.0,1,-1,-1,-1
232,1,74.0,379.0,267.0,532.0,1,-1,-1,-1
233,1,73.0,378.0,269.0,534.0,1,-1,-1,-1
234,1,77.0,379.0,261.0,529.0,1,-1,-1,-1
235,1,76.0,382.0,260.0,524.0,1,-1,-1,-1
236,1,73.0,386.0,261.0,516.0,1,-1,-1,-1
237,1,73.0,392.0,256.0,508.0,1,-1,-1,-1
238,1,71.0,395.0,262.0,503.0,1,-1,-1,-1
239,1,72.0,404.0,259.0,486.0,1,-1,-1,-1
240,1,73.0,414.0,253.0,478.0,1,-1,-1,-1
241,1,75.0,424.0,238.0,471.0,1,-1,-1,-1
242,1,76.0,430.0,221.0,467.0,1,-1,-1,-1
243,1,83.0,438.0,210.0,459.0,1,-1,-1,-1
244,1,87.0,444.0,201.0,455.0,1,-1,-1,-1
245,1,93.0,446.0,194.0,449.0,1,-1,-1,-1
246,1,94.0,447.0,197.0,452.0,1,-1,-1,-1
247,1,101.0,449.0,201.0,451.0,1,-1,-1,-1
248,1,105.0,446.0,221.0,443.0,1,-1,-1,-1
249,1,108.0,443.0,223.0,440.0,1,-1,-1,-1
250,1,107.0,437.0,229.0,445.0,1,-1,-1,-1
251,1,101.0,431.0,235.0,455.0,1,-1,-1,-1
252,1,98.0,427.0,242.0,460.0,1,-1,-1,-1
253,1,99.0,421.0,243.0,467.0,1,-1,-1,-1
254,1,104.0,420.0,246.0,465.0,1,-1,-1,-1
255,1,114.0,411.0,253.0,469.0,1,-1,-1,-1
256,1,116.0,406.0,272.0,468.0,1,-1,-1,-1
257,1,132.0,402.0,267.0,468.0,1,-1,-1,-1
258,1,142.0,398.0,265.0,471.0,1,-1,-1,-1
259,1,136.0,398.0,281.0,475.0,1,-1,-1,-1
260,1,141.0,394.0,268.0,479.0,1,-1,-1,-1
261,1,142.0,395.0,282.0,482.0,1,-1,-1,-1
262,1,143.0,392.0,312.0,493.0,1,-1,-1,-1
263,1,150.0,393.0,325.0,498.0,1,-1,-1,-1
264,1,164.0,394.0,314.0,488.0,1,-1,-1,-1
265,1,197.0,397.0,280.0,485.0,1,-1,-1,-1
266,1,209.0,398.0,265.0,487.0,1,-1,-1,-1
267,1,213.0,397.0,265.0,490.0,1,-1,-1,-1
268,1,211.0,397.0,264.0,493.0,1,-1,-1,-1
269,1,219.0,398.0,248.0,489.0,1,-1,-1,-1
270,1,213.0,404.0,255.0,483.0,1,-1,-1,-1
271,1,215.0,404.0,253.0,482.0,1,-1,-1,-1
272,1,219.0,408.0,250.0,479.0,1,-1,-1,-1
273,1,231.0,412.0,239.0,471.0,1,-1,-1,-1
274,1,242.0,419.0,238.0,466.0,1,-1,-1,-1
275,1,250.0,426.0,237.0,456.0,1,-1,-1,-1
276,1,299.0,431.0,186.0,454.0,1,-1,-1,-1
277,1,310.0,439.0,176.0,449.0,1,-1,-1,-1
278,1,309.0,442.0,180.0,450.0,1,-1,-1,-1
279,1,312.0,448.0,184.0,434.0,1,-1,-1,-1
280,1,305.0,453.0,196.0,441.0,1,-1,-1,-1
281,1,310.0,454.0,194.0,445.0,1,-1,-1,-1
282,1,317.0,453.0,192.0,446.0,1,-1,-1,-1
283,1,331.0,453.0,177.0,444.0,1,-1,-1,-1
284,1,326.0,447.0,182.0,453.0,1,-1,-1,-1
285,1,311.0,446.0,200.0,449.0,1,-1,-1,-1
286,1,319.0,437.0,193.0,461.0,1,-1,-1,-1
287,1,313.0,433.0,198.0,464.0,1,-1,-1,-1
288,1,303.0,427.0,209.0,468.0,1,-1,-1,-1
289,1,307.0,423.0,206.0,471.0,1,-1,-1,-1
290,1,308.0,415.0,207.0,471.0,1,-1,-1,-1
291,1,312.0,411.0,203.0,479.0,1,-1,-1,-1
292,1,302.0,404.0,213.0,490.0,1,-1,-1,-1
293,1,307.0,399.0,206.0,489.0,1,-1,-1,-1
294,1,304.0,399.0,210.0,498.0,1,-1,-1,-1
295,1,307.0,396.0,207.0,496.0,1,-1,-1,-1
296,1,309.0,396.0,204.0,493.0,1,-1,-1,-1
297,1,308.0,400.0,205.0,492.0,1,-1,-1,-1
298,1,313.0,400.0,199.0,495.0,1,-1,-1,-1
299,1,310.0,397.0,203.0,497.0,1,-1,-1,-1
300,1,314.0,399.0,199.0,495.0,1,-1,-1,-1
301,1,309.0,399.0,205.0,500.0,1,-1,-1,-1
302,1,324.0,402.0,190.0,493.0,1,-1,-1,-1
303,1,326.0,406.0,188.0,490.0,1,-1,-1,-1
304,1,327.0,413.0,187.0,482.0,1,-1,-1,-1
305,1,326.0,420.0,189.0,473.0,1,-1,-1,-1
306,1,323.0,425.0,193.0,463.0,1,-1,-1,-1
307,1,318.0,434.0,198.0,456.0,1,-1,-1,-1
308,1,316.0,441.0,197.0,455.0,1,-1,-1,-1
309,1,313.0,447.0,200.0,446.0,1,-1,-1,-1
310,1,310.0,451.0,202.0,439.0,1,-1,-1,-1
311,1,305.0,456.0,207.0,434.0,1,-1,-1,-1
312,1,307.0,456.0,205.0,433.0,1,-1,-1,-1
313,1,303.0,456.0,206.0,435.0,1,-1,-1,-1
314,1,322.0,454.0,182.0,439.0,1,-1,-1,-1
315,1,309.0,454.0,193.0,436.0,1,-1,-1,-1
316,1,300.0,453.0,202.0,438.0,1,-1,-1,-1
317,1,294.0,453.0,204.0,433.0,1,-1,-1,-1
318,1,262.0,442.0,232.0,443.0,1,-1,-1,-1
319,1,219.0,440.0,267.0,432.0,1,-1,-1,-1
320,1,211.0,429.0,275.0,445.0,1,-1,-1,-1
321,1,198.0,422.0,283.0,445.0,1,-1,-1,-1
322,1,186.0,413.0,287.0,456.0,1,-1,-1,-1
323,1,172.0,412.0,298.0,455.0,1,-1,-1,-1
324,1,158.0,402.0,303.0,471.0,1,-1,-1,-1
325,1,146.0,397.0,321.0,482.0,1,-1,-1,-1
326,1,139.0,398.0,320.0,482.0,1,-1,-1,-1
327,1,118.0,399.0,330.0,489.0,1,-1,-1,-1
328,1,106.0,397.0,332.0,490.0,1,-1,-1,-1
329,1,118.0,393.0,313.0,489.0,1,-1,-1,-1
330,1,116.0,400.0,312.0,485.0,1,-1,-1,-1
331,1,119.0,399.0,301.0,486.0,1,-1,-1,-1
332,1,131.0,397.0,279.0,486.0,1,-1,-1,-1
333,1,144.0,403.0,258.0,480.0,1,-1,-1,-1
334,1,130.0,406.0,265.0,473.0,1,-1,-1,-1
335,1,116.0,409.0,276.0,479.0,1,-1,-1,-1
336,1,114.0,411.0,271.0,482.0,1,-1,-1,-1
337,1,113.0,421.0,260.0,471.0,1,-1,-1,-1
338,1,112.0,423.0,251.0,468.0,1,-1,-1,-1
339,1,111.0,428.0,240.0,465.0,1,-1,-1,-1
340,1,120.0,429.0,226.0,459.0,1,-1,-1,-1
341,1,112.0,439.0,225.0,451.0,1,-1,-1,-1
342,1,104.0,444.0,233.0,448.0,1,-1,-1,-1
343,1,100.0,448.0,238.0,445.0,1,-1,-1,-1
344,1,98.0,449.0,239.0,444.0,1,-1,-1,-1
345,1,99.0,452.0,245.0,437.0,1,-1,-1,-1
346,1,99.0,453.0,245.0,436.0,1,-1,-1,-1
347,1,100.0,453.0,253.0,436.0,1,-1,-1,-1
348,1,98.0,446.0,259.0,445.0,1,-1,-1,-1
349,1,96.0,441.0,257.0,451.0,1,-1,-1,-1
350,1,96.0,433.0,259.0,459.0,1,-1,-1,-1
351,1,97.0,426.0,267.0,459.0,1,-1,-1,-1
352,1,99.0,422.0,268.0,461.0,1,-1,-1,-1
353,1,98.0,417.0,268.0,466.0,1,-1,-1,-1
354,1,105.0,410.0,259.0,467.0,1,-1,-1,-1
355,1,109.0,403.0,256.0,469.0,1,-1,-1,-1
356,1,109.0,401.0,256.0,465.0,1,-1,-1,-1
357,1,111.0,397.0,255.0,471.0,1,-1,-1,-1
358,1,110.0,397.0,256.0,477.0,1,-1,-1,-1
359,1,104.0,391.0,262.0,491.0,1,-1,-1,-1
360,1,94.0,388.0,271.0,495.0,1,-1,-1,-1
361,1,100.0,390.0,266.0,497.0,1,-1,-1,-1
362,1,95.0,388.0,273.0,501.0,1,-1,-1,-1
363,1,96.0,392.0,274.0,503.0,1,-1,-1,-1
364,1,96.0,394.0,275.0,504.0,1,-1,-1,-1
365,1,102.0,396.0,270.0,500.0,1,-1,-1,-1
366,1,108.0,399.0,260.0,496.0,1,-1,-1,-1
367,1,114.0,400.0,251.0,490.0,1,-1,-1,-1
368,1,117.0,405.0,249.0,487.0,1,-1,-1,-1
369,1,119.0,419.0,245.0,472.0,1,-1,-1,-1
370,1,122.0,423.0,240.0,466.0,1,-1,-1,-1
371,1,120.0,431.0,240.0,457.0,1,-1,-1,-1
372,1,123.0,439.0,235.0,448.0,1,-1,-1,-1
373,1,125.0,448.0,229.0,438.0,1,-1,-1,-1
374,1,126.0,454.0,227.0,430.0,1,-1,-1,-1
375,1,126.0,458.0,226.0,430.0,1,-1,-1,-1
376,1,127.0,460.0,222.0,426.0,1,-1,-1,-1
377,1,133.0,464.0,217.0,419.0,1,-1,-1,-1
378,1,140.0,465.0,214.0,420.0,1,-1,-1,-1
379,1,142.0,463.0,219.0,423.0,1,-1,-1,-1
380,1,147.0,460.0,219.0,429.0,1,-1,-1,-1
381,1,149.0,455.0,219.0,432.0,1,-1,-1,-1
382,1,154.0,453.0,222.0,431.0,1,-1,-1,-1
383,1,152.0,445.0,230.0,440.0,1,-1,-1,-1
384,1,148.0,438.0,244.0,448.0,1,-1,-1,-1
385,1,149.0,432.0,254.0,450.0,1,-1,-1,-1
386,1,152.0,426.0,259.0,456.0,1,-1,-1,-1
387,1,157.0,420.0,267.0,455.0,1,-1,-1,-1
388,1,152.0,415.0,282.0,464.0,1,-1,-1,-1
389,1,166.0,412.0,278.0,464.0,1,-1,-1,-1
390,1,164.0,410.0,305.0,469.0,1,-1,-1,-1
391,1,176.0,407.0,300.0,469.0,1,-1,-1,-1
392,1,180.0,405.0,300.0,470.0,1,-1,-1,-1
393,1,189.0,401.0,298.0,474.0,1,-1,-1,-1
394,1,195.0,400.0,299.0,482.0,1,-1,-1,-1
395,1,201.0,400.0,306.0,488.0,1,-1,-1,-1
396,1,207.0,408.0,307.0,476.0,1,-1,-1,-1
397,1,220.0,406.0,299.0,475.0,1,-1,-1,-1
398,1,238.0,403.0,282.0,480.0,1,-1,-1,-1
399,1,252.0,403.0,283.0,484.0,1,-1,-1,-1
400,1,266.0,404.0,266.0,482.0,1,-1,-1,-1
401,1,285.0,414.0,246.0,477.0,1,-1,-1,-1
402,1,303.0,415.0,230.0,479.0,1,-1,-1,-1
403,1,311.0,417.0,229.0,478.0,1,-1,-1,-1
404,1,316.0,425.0,234.0,470.0,1,-1,-1,-1
405,1,327.0,430.0,222.0,465.0,1,-1,-1,-1
406,1,339.0,435.0,204.0,460.0,1,-1,-1,-1
407,1,353.0,439.0,193.0,460.0,1,-1,-1,-1
408,1,357.0,446.0,193.0,458.0,1,-1,-1,-1
409,1,348.0,443.0,204.0,459.0,1,-1,-1,-1
410,1,345.0,441.0,206.0,466.0,1,-1,-1,-1
411,1,348.0,443.0,218.0,463.0,1,-1,-1,-1
412,1,354.0,438.0,219.0,467.0,1,-1,-1,-1
413,1,346.0,429.0,248.0,469.0,1,-1,-1,-1
414,1,350.0,425.0,240.0,472.0,1,-1,-1,-1
415,1,353.0,422.0,241.0,474.0,1,-1,-1,-1
416,1,366.0,422.0,225.0,478.0,1,-1,-1,-1
417,1,368.0,418.0,228.0,484.0,1,-1,-1,-1
418,1,373.0,412.0,233.0,491.0,1,-1,-1,-1
419,1,374.0,411.0,239.0,490.0,1,-1,-1,-1
420,1,376.0,408.0,244.0,491.0,1,-1,-1,-1
421,1,377.0,408.0,250.0,494.0,1,-1,-1,-1
422,1,379.0,409.0,262.0,493.0,1,-1,-1,-1
423,1,382.0,407.0,262.0,495.0,1,-1,-1,-1
424,1,383.0,406.0,264.0,494.0,1,-1,-1,-1
425,1,387.0,407.0,270.0,491.0,1,-1,-1,-1
426,1,392.0,411.0,274.0,485.0,1,-1,-1,-1
427,1,392.0,420.0,277.0,479.0,1,-1,-1,-1
428,1,402.0,422.0,269.0,476.0,1,-1,-1,-1
429,1,421.0,425.0,254.0,474.0,1,-1,-1,-1
430,1,429.0,426.0,252.0,468.0,1,-1,-1,-1
431,1,439.0,436.0,239.0,459.0,1,-1,-1,-1
432,1,458.0,438.0,223.0,458.0,1,-1,-1,-1
433,1,471.0,444.0,213.0,453.0,1,-1,-1,-1
434,1,493.0,450.0,198.0,445.0,1,-1,-1,-1
435,1,500.0,454.0,197.0,440.0,1,-1,-1,-1
436,1,512.0,458.0,186.0,435.0,1,-1,-1,-1
437,1,523.0,460.0,181.0,431.0,1,-1,-1,-1
438,1,530.0,464.0,180.0,429.0,1,-1,-1,-1
439,1,540.0,467.0,175.0,423.0,1,-1,-1,-1
440,1,547.0,467.0,173.0,429.0,1,-1,-1,-1
441,1,552.0,466.0,176.0,428.0,1,-1,-1,-1
442,1,561.0,467.0,175.0,424.0,1,-1,-1,-1
443,1,564.0,463.0,172.0,426.0,1,-1,-1,-1
444,1,570.0,458.0,173.0,429.0,1,-1,-1,-1
445,1,575.0,449.0,175.0,437.0,1,-1,-1,-1
446,1,579.0,438.0,184.0,447.0,1,-1,-1,-1
447,1,582.0,432.0,192.0,453.0,1,-1,-1,-1
448,1,584.0,428.0,206.0,457.0,1,-1,-1,-1
449,1,586.0,424.0,216.0,466.0,1,-1,-1,-1
450,1,591.0,427.0,215.0,462.0,1,-1,-1,-1
451,1,595.0,423.0,222.0,468.0,1,-1,-1,-1
452,1,598.0,421.0,234.0,472.0,1,-1,-1,-1
453,1,602.0,421.0,234.0,472.0,1,-1,-1,-1
454,1,605.0,417.0,237.0,479.0,1,-1,-1,-1
455,1,607.0,413.0,237.0,481.0,1,-1,-1,-1
456,1,610.0,415.0,232.0,482.0,1,-1,-1,-1
457,1,610.0,414.0,235.0,475.0,1,-1,-1,-1
458,1,611.0,415.0,235.0,476.0,1,-1,-1,-1
459,1,613.0,416.0,233.0,474.0,1,-1,-1,-1
460,1,614.0,419.0,233.0,471.0,1,-1,-1,-1
461,1,615.0,420.0,230.0,470.0,1,-1,-1,-1
462,1,616.0,421.0,231.0,469.0,1,-1,-1,-1
463,1,613.0,422.0,236.0,473.0,1,-1,-1,-1
464,1,612.0,423.0,225.0,471.0,1,-1,-1,-1
465,1,610.0,425.0,224.0,469.0,1,-1,-1,-1
466,1,611.0,427.0,219.0,468.0,1,-1,-1,-1
467,1,614.0,432.0,213.0,459.0,1,-1,-1,-1
468,1,617.0,440.0,208.0,450.0,1,-1,-1,-1
469,1,618.0,444.0,209.0,443.0,1,-1,-1,-1
470,1,620.0,449.0,211.0,433.0,1,-1,-1,-1
471,1,618.0,453.0,224.0,421.0,1,-1,-1,-1
472,1,619.0,455.0,232.0,420.0,1,-1,-1,-1
473,1,616.0,458.0,237.0,416.0,1,-1,-1,-1
474,1,620.0,465.0,236.0,416.0,1,-1,-1,-1
475,1,618.0,467.0,240.0,410.0,1,-1,-1,-1
476,1,618.0,465.0,239.0,415.0,1,-1,-1,-1
477,1,618.0,461.0,242.0,420.0,1,-1,-1,-1
478,1,617.0,454.0,247.0,430.0,1,-1,-1,-1
479,1,615.0,449.0,257.0,433.0,1,-1,-1,-1
480,1,614.0,445.0,253.0,444.0,1,-1,-1,-1
481,1,614.0,441.0,245.0,442.0,1,-1,-1,-1
482,1,613.0,437.0,243.0,440.0,1,-1,-1,-1
483,1,614.0,432.0,234.0,437.0,1,-1,-1,-1
484,1,617.0,427.0,229.0,443.0,1,-1,-1,-1
485,1,620.0,425.0,220.0,448.0,1,-1,-1,-1
486,1,622.0,421.0,217.0,461.0,1,-1,-1,-1
487,1,624.0,416.0,213.0,470.0,1,-1,-1,-1
488,1,628.0,414.0,204.0,474.0,1,-1,-1,-1
489,1,635.0,410.0,199.0,482.0,1,-1,-1,-1
490,1,638.0,409.0,194.0,487.0,1,-1,-1,-1
491,1,645.0,410.0,189.0,486.0,1,-1,-1,-1
492,1,649.0,415.0,188.0,480.0,1,-1,-1,-1
493,1,655.0,415.0,181.0,481.0,1,-1,-1,-1
494,1,659.0,420.0,174.0,474.0,1,-1,-1,-1
495,1,660.0,422.0,169.0,474.0,1,-1,-1,-1
496,1,658.0,424.0,167.0,472.0,1,-1,-1,-1
497,1,657.0,429.0,165.0,466.0,1,-1,-1,-1
498,1,652.0,436.0,165.0,455.0,1,-1,-1,-1
499,1,651.0,441.0,165.0,446.0,1,-1,-1,-1
500,1,649.0,448.0,162.0,434.0,1,-1,-1,-1
501,1,641.0,454.0,168.0,432.0,1,-1,-1,-1
502,1,635.0,459.0,175.0,432.0,1,-1,-1,-1
503,1,629.0,461.0,177.0,430.0,1,-1,-1,-1
504,1,622.0,462.0,184.0,434.0,1,-1,-1,-1
505,1,613.0,461.0,194.0,431.0,1,-1,-1,-1
506,1,604.0,463.0,201.0,428.0,1,-1,-1,-1
507,1,595.0,461.0,212.0,424.0,1,-1,-1,-1
508,1,585.0,458.0,225.0,427.0,1,-1,-1,-1
509,1,572.0,456.0,242.0,427.0,1,-1,-1,-1
510,1,562.0,452.0,254.0,426.0,1,-1,-1,-1
511,1,554.0,442.0,263.0,438.0,1,-1,-1,-1
512,1,541.0,441.0,276.0,434.0,1,-1,-1,-1
513,1,527.0,433.0,282.0,437.0,1,-1,-1,-1
514,1,519.0,420.0,281.0,443.0,1,-1,-1,-1
515,1,509.0,419.0,284.0,440.0,1,-1,-1,-1
516,1,493.0,413.0,297.0,449.0,1,-1,-1,-1
517,1,481.0,415.0,303.0,447.0,1,-1,-1,-1
518,1,474.0,406.0,305.0,454.0,1,-1,-1,-1
519,1,462.0,395.0,313.0,466.0,1,-1,-1,-1
520,1,452.0,392.0,319.0,471.0,1,-1,-1,-1
521,1,441.0,391.0,321.0,482.0,1,-1,-1,-1
522,1,434.0,389.0,326.0,485.0,1,-1,-1,-1
523,1,431.0,393.0,329.0,482.0,1,-1,-1,-1
524,1,430.0,399.0,317.0,474.0,1,-1,-1,-1
525,1,423.0,396.0,320.0,488.0,1,-1,-1,-1
526,1,421.0,399.0,312.0,486.0,1,-1,-1,-1
527,1,424.0,411.0,303.0,477.0,1,-1,-1,-1
528,1,424.0,413.0,297.0,479.0,1,-1,-1,-1
529,1,423.0,420.0,296.0,479.0,1,-1,-1,-1
530,1,421.0,429.0,291.0,472.0,1,-1,-1,-1
531,1,419.0,438.0,286.0,467.0,1,-1,-1,-1
532,1,413.0,448.0,283.0,458.0,1,-1,-1,-1
533,1,407.0,454.0,279.0,452.0,1,-1,-1,-1
534,1,398.0,454.0,278.0,450.0,1,-1,-1,-1
535,1,396.0,457.0,274.0,444.0,1,-1,-1,-1
536,1,389.0,460.0,257.0,444.0,1,-1,-1,-1
537,1,380.0,461.0,250.0,441.0,1,-1,-1,-1
538,1,369.0,464.0,247.0,432.0,1,-1,-1,-1
539,1,350.0,464.0,257.0,430.0,1,-1,-1,-1
540,1,329.0,453.0,268.0,439.0,1,-1,-1,-1
541,1,317.0,450.0,266.0,444.0,1,-1,-1,-1
542,1,301.0,451.0,280.0,450.0,1,-1,-1,-1
543,1,293.0,443.0,284.0,455.0,1,-1,-1,-1
544,1,290.0,432.0,286.0,471.0,1,-1,-1,-1
545,1,293.0,424.0,276.0,481.0,1,-1,-1,-1
546,1,280.0,417.0,274.0,486.0,1,-1,-1,-1
547,1,282.0,411.0,267.0,493.0,1,-1,-1,-1
548,1,274.0,408.0,271.0,491.0,1,-1,-1,-1
549,1,274.0,405.0,271.0,496.0,1,-1,-1,-1
550,1,266.0,398.0,281.0,503.0,1,-1,-1,-1
551,1,253.0,393.0,285.0,506.0,1,-1,-1,-1
552,1,249.0,390.0,280.0,510.0,1,-1,-1,-1
553,1,246.0,390.0,275.0,514.0,1,-1,-1,-1
554,1,243.0,389.0,273.0,512.0,1,-1,-1,-1
555,1,238.0,389.0,269.0,508.0,1,-1,-1,-1
556,1,232.0,388.0,265.0,507.0,1,-1,-1,-1
557,1,231.0,389.0,258.0,509.0,1,-1,-1,-1
558,1,227.0,392.0,255.0,502.0,1,-1,-1,-1
559,1,224.0,392.0,246.0,498.0,1,-1,-1,-1
560,1,224.0,397.0,230.0,491.0,1,-1,-1,-1
561,1,222.0,406.0,221.0,482.0,1,-1,-1,-1
562,1,221.0,414.0,209.0,473.0,1,-1,-1,-1
563,1,219.0,420.0,200.0,471.0,1,-1,-1,-1
564,1,215.0,431.0,188.0,462.0,1,-1,-1,-1
565,1,214.0,441.0,178.0,455.0,1,-1,-1,-1
566,1,208.0,443.0,178.0,453.0,1,-1,-1,-1
567,1,199.0,448.0,179.0,448.0,1,-1,-1,-1
568,1,188.0,450.0,184.0,447.0,1,-1,-1,-1
569,1,181.0,452.0,188.0,441.0,1,-1,-1,-1
570,1,171.0,452.0,195.0,443.0,1,-1,-1,-1
571,1,150.0,451.0,212.0,448.0,1,-1,-1,-1
572,1,138.0,443.0,223.0,450.0,1,-1,-1,-1
573,1,122.0,432.0,237.0,462.0,1,-1,-1,-1
574,1,103.0,432.0,258.0,462.0,1,-1,-1,-1
575,1,91.0,426.0,269.0,466.0,1,-1,-1,-1
576,1,77.0,418.0,283.0,473.0,1,-1,-1,-1
577,1,71.0,412.0,286.0,474.0,1,-1,-1,-1
578,1,52.0,405.0,303.0,482.0,1,-1,-1,-1
579,1,27.0,402.0,328.0,493.0,1,-1,-1,-1
580,1,18.0,394.0,335.0,490.0,1,-1,-1,-1
581,1,8.0,390.0,341.0,502.0,1,-1,-1,-1
582,1,6.0,387.0,333.0,492.0,1,-1,-1,-1
583,1,5.0,385.0,328.0,491.0,1,-1,-1,-1
584,1,3.0,386.0,326.0,497.0,1,-1,-1,-1
585,1,2.0,387.0,318.0,497.0,1,-1,-1,-1
586,1,1.0,385.0,310.0,500.0,1,-1,-1,-1
587,1,4.0,386.0,299.0,506.0,1,-1,-1,-1
588,1,4.0,389.0,282.0,512.0,1,-1,-1,-1
589,1,5.0,391.0,265.0,510.0,1,-1,-1,-1
590,1,4.0,392.0,254.0,507.0,1,-1,-1,-1
591,1,3.0,393.0,243.0,502.0,1,-1,-1,-1
592,1,3.0,395.0,237.0,497.0,1,-1,-1,-1
593,1,4.0,394.0,221.0,498.0,1,-1,-1,-1
594,1,7.0,396.0,208.0,499.0,1,-1,-1,-1
595,1,5.0,407.0,195.0,473.0,1,-1,-1,-1
596,1,3.0,413.0,190.0,457.0,1,-1,-1,-1
597,1,1.0,419.0,185.0,445.0,1,-1,-1,-1
598,1,1.0,424.0,177.0,438.0,1,-1,-1,-1
599,1,0.0,431.0,176.0,425.0,1,-1,-1,-1
600,1,0.0,436.0,176.0,413.0,1,-1,-1,-1
601,1,0.0,436.0,183.0,408.0,1,-1,-1,-1
602,1,0.0,438.0,191.0,405.0,1,-1,-1,-1
603,1,0.0,437.0,194.0,403.0,1,-1,-1,-1
604,1,0.0,435.0,195.0,403.0,1,-1,-1,-1
605,1,0.0,428.0,201.0,408.0,1,-1,-1,-1
606,1,0.0,422.0,213.0,415.0,1,-1,-1,-1
607,1,0.0,419.0,219.0,416.0,1,-1,-1,-1
608,1,0.0,409.0,220.0,425.0,1,-1,-1,-1
609,1,0.0,400.0,222.0,439.0,1,-1,-1,-1
610,1,0.0,396.0,227.0,445.0,1,-1,-1,-1
611,1,0.0,393.0,229.0,448.0,1,-1,-1,-1
612,1,0.0,389.0,232.0,453.0,1,-1,-1,-1
613,1,0.0,383.0,233.0,463.0,1,-1,-1,-1
614,1,0.0,379.0,235.0,473.0,1,-1,-1,-1
615,1,1.0,375.0,232.0,478.0,1,-1,-1,-1
616,1,0.0,378.0,231.0,481.0,1,-1,-1,-1
617,1,0.0,380.0,228.0,487.0,1,-1,-1,-1
618,1,0.0,382.0,232.0,497.0,1,-1,-1,-1
619,1,0.0,385.0,232.0,509.0,1,-1,-1,-1
620,1,0.0,388.0,229.0,509.0,1,-1,-1,-1
621,1,0.0,392.0,223.0,507.0,1,-1,-1,-1
622,1,0.0,394.0,220.0,504.0,1,-1,-1,-1
623,1,0.0,397.0,214.0,503.0,1,-1,-1,-1
624,1,0.0,405.0,213.0,493.0,1,-1,-1,-1
625,1,0.0,396.0,215.0,501.0,1,-1,-1,-1
626,1,0.0,388.0,214.0,513.0,1,-1,-1,-1
627,1,0.0,392.0,209.0,502.0,1,-1,-1,-1
628,1,0.0,390.0,204.0,505.0,1,-1,-1,-1
629,1,0.0,399.0,195.0,490.0,1,-1,-1,-1
630,1,0.0,408.0,191.0,474.0,1,-1,-1,-1
631,1,0.0,424.0,187.0,450.0,1,-1,-1,-1
632,1,0.0,424.0,175.0,441.0,1,-1,-1,-1
633,1,0.0,427.0,164.0,431.0,1,-1,-1,-1
634,1,0.0,433.0,155.0,421.0,1,-1,-1,-1
635,1,0.0,437.0,150.0,414.0,1,-1,-1,-1
636,1,0.0,437.0,149.0,410.0,1,-1,-1,-1
637,1,0.0,438.0,153.0,406.0,1,-1,-1,-1
638,1,0.0,432.0,160.0,415.0,1,-1,-1,-1
639,1,0.0,438.0,167.0,408.0,1,-1,-1,-1
640,1,0.0,431.0,176.0,412.0,1,-1,-1,-1
641,1,1.0,423.0,184.0,419.0,1,-1,-1,-1
642,1,2.0,416.0,190.0,427.0,1,-1,-1,-1
643,1,5.0,411.0,195.0,434.0,1,-1,-1,-1
644,1,6.0,404.0,204.0,444.0,1,-1,-1,-1
645,1,5.0,398.0,220.0,456.0,1,-1,-1,-1
646,1,9.0,398.0,232.0,459.0,1,-1,-1,-1
647,1,11.0,397.0,242.0,462.0,1,-1,-1,-1
648,1,7.0,392.0,253.0,469.0,1,-1,-1,-1
649,1,9.0,391.0,264.0,469.0,1,-1,-1,-1
650,1,7.0,391.0,277.0,473.0,1,-1,-1,-1
651,1,3.0,399.0,292.0,470.0,1,-1,-1,-1
652,1,3.0,398.0,305.0,469.0,1,-1,-1,-1
653,1,5.0,393.0,309.0,485.0,1,-1,-1,-1
654,1,7.0,395.0,313.0,483.0,1,-1,-1,-1
655,1,9.0,399.0,318.0,480.0,1,-1,-1,-1
656,1,10.0,407.0,324.0,473.0,1,-1,-1,-1
657,1,23.0,416.0,317.0,472.0,1,-1,-1,-1
658,1,101.0,416.0,239.0,474.0,1,-1,-1,-1
659,1,78.0,423.0,264.0,471.0,1,-1,-1,-1
660,1,113.0,425.0,227.0,473.0,1,-1,-1,-1
661,1,102.0,434.0,227.0,463.0,1,-1,-1,-1
662,1,117.0,438.0,206.0,461.0,1,-1,-1,-1
663,1,124.0,439.0,197.0,459.0,1,-1,-1,-1
664,1,129.0,439.0,199.0,453.0,1,-1,-1,-1
665,1,134.0,443.0,198.0,451.0,1,-1,-1,-1
666,1,123.0,442.0,208.0,454.0,1,-1,-1,-1
667,1,115.0,441.0,226.0,453.0,1,-1,-1,-1
668,1,95.0,437.0,251.0,458.0,1,-1,-1,-1
669,1,84.0,431.0,275.0,462.0,1,-1,-1,-1
670,1,90.0,429.0,283.0,466.0,1,-1,-1,-1
671,1,89.0,426.0,295.0,470.0,1,-1,-1,-1
672,1,87.0,422.0,309.0,469.0,1,-1,-1,-1
673,1,97.0,418.0,321.0,476.0,1,-1,-1,-1
674,1,108.0,417.0,320.0,475.0,1,-1,-1,-1
675,1,112.0,413.0,326.0,477.0,1,-1,-1,-1
676,1,126.0,407.0,320.0,484.0,1,-1,-1,-1
677,1,131.0,403.0,326.0,487.0,1,-1,-1,-1
678,1,139.0,401.0,325.0,487.0,1,-1,-1,-1
679,1,143.0,406.0,331.0,474.0,1,-1,-1,-1
680,1,146.0,405.0,339.0,476.0,1,-1,-1,-1
681,1,151.0,408.0,337.0,473.0,1,-1,-1,-1
682,1,162.0,404.0,331.0,475.0,1,-1,-1,-1
683,1,167.0,402.0,333.0,486.0,1,-1,-1,-1
684,1,175.0,401.0,332.0,502.0,1,-1,-1,-1
685,1,183.0,404.0,331.0,499.0,1,-1,-1,-1
686,1,192.0,405.0,321.0,500.0,1,-1,-1,-1
687,1,206.0,403.0,306.0,502.0,1,-1,-1,-1
688,1,224.0,403.0,279.0,496.0,1,-1,-1,-1
689,1,267.0,414.0,232.0,483.0,1,-1,-1,-1
690,1,284.0,421.0,224.0,480.0,1,-1,-1,-1
691,1,289.0,421.0,220.0,478.0,1,-1,-1,-1
692,1,300.0,425.0,215.0,478.0,1,-1,-1,-1
693,1,334.0,421.0,188.0,481.0,1,-1,-1,-1
694,1,346.0,423.0,184.0,475.0,1,-1,-1,-1
695,1,353.0,423.0,183.0,476.0,1,-1,-1,-1
696,1,357.0,426.0,184.0,475.0,1,-1,-1,-1
697,1,362.0,424.0,184.0,478.0,1,-1,-1,-1
698,1,365.0,421.0,181.0,481.0,1,-1,-1,-1
699,1,367.0,419.0,183.0,481.0,1,-1,-1,-1
700,1,372.0,416.0,182.0,483.0,1,-1,-1,-1
701,1,378.0,408.0,188.0,493.0,1,-1,-1,-1
702,1,385.0,400.0,192.0,501.0,1,-1,-1,-1
703,1,391.0,395.0,194.0,501.0,1,-1,-1,-1
704,1,396.0,393.0,197.0,497.0,1,-1,-1,-1
705,1,397.0,389.0,206.0,498.0,1,-1,-1,-1
706,1,399.0,387.0,210.0,495.0,1,-1,-1,-1
707,1,401.0,387.0,213.0,494.0,1,-1,-1,-1
708,1,400.0,389.0,228.0,490.0,1,-1,-1,-1
709,1,403.0,391.0,243.0,480.0,1,-1,-1,-1
710,1,404.0,395.0,250.0,470.0,1,-1,-1,-1
711,1,404.0,390.0,252.0,473.0,1,-1,-1,-1
712,1,405.0,392.0,251.0,485.0,1,-1,-1,-1
713,1,405.0,389.0,256.0,498.0,1,-1,-1,-1
714,1,406.0,388.0,255.0,510.0,1,-1,-1,-1
715,1,396.0,388.0,281.0,507.0,1,-1,-1,-1
716,1,395.0,391.0,295.0,505.0,1,-1,-1,-1
717,1,394.0,395.0,304.0,501.0,1,-1,-1,-1
718,1,394.0,399.0,310.0,497.0,1,-1,-1,-1
719,1,395.0,409.0,315.0,488.0,1,-1,-1,-1
720,1,395.0,408.0,325.0,488.0,1,-1,-1,-1
721,1,388.0,402.0,346.0,494.0,1,-1,-1,-1
722,1,395.0,396.0,341.0,496.0,1,-1,-1,-1
723,1,398.0,394.0,338.0,496.0,1,-1,-1,-1
724,1,402.0,391.0,330.0,491.0,1,-1,-1,-1
725,1,416.0,388.0,319.0,498.0,1,-1,-1,-1
726,1,426.0,390.0,307.0,511.0,1,-1,-1,-1
727,1,435.0,392.0,293.0,515.0,1,-1,-1,-1
728,1,445.0,397.0,263.0,513.0,1,-1,-1,-1
729,1,460.0,400.0,227.0,509.0,1,-1,-1,-1
730,1,471.0,407.0,206.0,501.0,1,-1,-1,-1
731,1,482.0,412.0,197.0,493.0,1,-1,-1,-1
732,1,487.0,415.0,203.0,490.0,1,-1,-1,-1
733,1,492.0,419.0,224.0,486.0,1,-1,-1,-1
734,1,497.0,418.0,239.0,488.0,1,-1,-1,-1
735,1,496.0,417.0,250.0,489.0,1,-1,-1,-1
736,1,496.0,413.0,253.0,496.0,1,-1,-1,-1
737,1,499.0,411.0,245.0,500.0,1,-1,-1,-1
738,1,494.0,406.0,252.0,506.0,1,-1,-1,-1
739,1,486.0,399.0,260.0,511.0,1,-1,-1,-1
740,1,480.0,394.0,276.0,514.0,1,-1,-1,-1
741,1,471.0,389.0,292.0,516.0,1,-1,-1,-1
742,1,466.0,385.0,300.0,520.0,1,-1,-1,-1
743,1,460.0,381.0,318.0,521.0,1,-1,-1,-1
744,1,452.0,381.0,330.0,522.0,1,-1,-1,-1
745,1,453.0,383.0,332.0,514.0,1,-1,-1,-1
746,1,453.0,383.0,333.0,516.0,1,-1,-1,-1
747,1,452.0,384.0,338.0,516.0,1,-1,-1,-1
748,1,455.0,386.0,351.0,513.0,1,-1,-1,-1
749,1,457.0,387.0,358.0,516.0,1,-1,-1,-1
750,1,460.0,386.0,359.0,520.0,1,-1,-1,-1
751,1,463.0,396.0,363.0,508.0,1,-1,-1,-1
752,1,470.0,398.0,357.0,510.0,1,-1,-1,-1
753,1,474.0,404.0,357.0,505.0,1,-1,-1,-1
754,1,476.0,413.0,358.0,497.0,1,-1,-1,-1
755,1,482.0,422.0,356.0,489.0,1,-1,-1,-1
756,1,486.0,426.0,356.0,484.0,1,-1,-1,-1
757,1,495.0,425.0,343.0,486.0,1,-1,-1,-1
758,1,500.0,430.0,332.0,480.0,1,-1,-1,-1
759,1,511.0,435.0,317.0,475.0,1,-1,-1,-1
760,1,522.0,437.0,293.0,471.0,1,-1,-1,-1
761,1,535.0,441.0,266.0,465.0,1,-1,-1,-1
762,1,544.0,448.0,240.0,460.0,1,-1,-1,-1
763,1,558.0,453.0,213.0,450.0,1,-1,-1,-1
764,1,562.0,454.0,200.0,451.0,1,-1,-1,-1
765,1,561.0,458.0,192.0,450.0,1,-1,-1,-1
766,1,560.0,460.0,193.0,449.0,1,-1,-1,-1
767,1,558.0,459.0,197.0,448.0,1,-1,-1,-1
768,1,554.0,458.0,201.0,446.0,1,-1,-1,-1
769,1,550.0,457.0,204.0,450.0,1,-1,-1,-1
770,1,541.0,453.0,212.0,453.0,1,-1,-1,-1
771,1,534.0,449.0,220.0,457.0,1,-1,-1,-1
772,1,524.0,444.0,232.0,472.0,1,-1,-1,-1
773,1,521.0,436.0,237.0,473.0,1,-1,-1,-1
774,1,516.0,432.0,239.0,477.0,1,-1,-1,-1
775,1,507.0,425.0,243.0,481.0,1,-1,-1,-1
776,1,489.0,426.0,260.0,472.0,1,-1,-1,-1
777,1,467.0,425.0,282.0,473.0,1,-1,-1,-1
778,1,453.0,422.0,292.0,471.0,1,-1,-1,-1
779,1,444.0,413.0,302.0,477.0,1,-1,-1,-1
780,1,433.0,411.0,306.0,479.0,1,-1,-1,-1
781,1,420.0,406.0,315.0,487.0,1,-1,-1,-1
782,1,413.0,408.0,326.0,487.0,1,-1,-1,-1
783,1,407.0,409.0,334.0,477.0,1,-1,-1,-1
784,1,398.0,407.0,343.0,499.0,1,-1,-1,-1
785,1,401.0,416.0,329.0,484.0,1,-1,-1,-1
786,1,397.0,416.0,318.0,491.0,1,-1,-1,-1
787,1,395.0,414.0,307.0,495.0,1,-1,-1,-1
788,1,395.0,417.0,296.0,492.0,1,-1,-1,-1
789,1,393.0,417.0,290.0,491.0,1,-1,-1,-1
790,1,396.0,417.0,276.0,491.0,1,-1,-1,-1
791,1,395.0,421.0,269.0,492.0,1,-1,-1,-1
792,1,394.0,424.0,255.0,493.0,1,-1,-1,-1
793,1,393.0,425.0,249.0,493.0,1,-1,-1,-1
794,1,395.0,427.0,241.0,491.0,1,-1,-1,-1
795,1,393.0,428.0,236.0,489.0,1,-1,-1,-1
796,1,387.0,435.0,237.0,490.0,1,-1,-1,-1
797,1,386.0,436.0,229.0,487.0,1,-1,-1,-1
798,1,387.0,438.0,224.0,482.0,1,-1,-1,-1
799,1,386.0,438.0,223.0,481.0,1,-1,-1,-1
800,1,389.0,436.0,220.0,483.0,1,-1,-1,-1
801,1,385.0,435.0,224.0,485.0,1,-1,-1,-1
802,1,394.0,435.0,217.0,483.0,1,-1,-1,-1
803,1,390.0,435.0,228.0,485.0,1,-1,-1,-1
804,1,392.0,433.0,234.0,487.0,1,-1,-1,-1
805,1,402.0,428.0,233.0,492.0,1,-1,-1,-1
806,1,394.0,428.0,248.0,489.0,1,-1,-1,-1
807,1,386.0,426.0,266.0,492.0,1,-1,-1,-1
808,1,386.0,422.0,280.0,491.0,1,-1,-1,-1
809,1,390.0,422.0,285.0,489.0,1,-1,-1,-1
810,1,389.0,420.0,294.0,490.0,1,-1,-1,-1
811,1,381.0,414.0,310.0,498.0,1,-1,-1,-1
812,1,373.0,412.0,322.0,494.0,1,-1,-1,-1
813,1,365.0,412.0,334.0,497.0,1,-1,-1,-1
814,1,356.0,415.0,348.0,489.0,1,-1,-1,-1
815,1,353.0,414.0,354.0,486.0,1,-1,-1,-1
816,1,332.0,417.0,381.0,482.0,1,-1,-1,-1
817,1,334.0,419.0,384.0,483.0,1,-1,-1,-1
818,1,332.0,419.0,387.0,480.0,1,-1,-1,-1
819,1,338.0,418.0,383.0,483.0,1,-1,-1,-1
820,1,335.0,416.0,395.0,487.0,1,-1,-1,-1
821,1,350.0,418.0,379.0,480.0,1,-1,-1,-1
822,1,349.0,419.0,381.0,480.0,1,-1,-1,-1
823,1,346.0,420.0,387.0,487.0,1,-1,-1,-1
824,1,360.0,425.0,371.0,490.0,1,-1,-1,-1
825,1,370.0,430.0,354.0,476.0,1,-1,-1,-1
826,1,375.0,431.0,354.0,475.0,1,-1,-1,-1
827,1,376.0,435.0,354.0,475.0,1,-1,-1,-1
828,1,372.0,434.0,360.0,481.0,1,-1,-1,-1
829,1,382.0,437.0,349.0,474.0,1,-1,-1,-1
830,1,388.0,440.0,344.0,469.0,1,-1,-1,-1
831,1,394.0,437.0,339.0,473.0,1,-1,-1,-1
832,1,406.0,436.0,330.0,470.0,1,-1,-1,-1
833,1,398.0,440.0,341.0,471.0,1,-1,-1,-1
834,1,402.0,439.0,336.0,476.0,1,-1,-1,-1
835,1,409.0,435.0,331.0,483.0,1,-1,-1,-1
836,1,417.0,432.0,323.0,482.0,1,-1,-1,-1
837,1,415.0,430.0,326.0,482.0,1,-1,-1,-1
838,1,411.0,426.0,334.0,485.0,1,-1,-1,-1
839,1,410.0,421.0,334.0,488.0,1,-1,-1,-1
840,1,403.0,420.0,330.0,486.0,1,-1,-1,-1
841,1,402.0,417.0,328.0,489.0,1,-1,-1,-1
842,1,401.0,409.0,326.0,497.0,1,-1,-1,-1
843,1,398.0,403.0,327.0,505.0,1,-1,-1,-1
844,1,395.0,398.0,326.0,513.0,1,-1,-1,-1
845,1,397.0,398.0,321.0,513.0,1,-1,-1,-1
846,1,397.0,392.0,322.0,519.0,1,-1,-1,-1
847,1,396.0,393.0,326.0,514.0,1,-1,-1,-1
848,1,396.0,398.0,320.0,508.0,1,-1,-1,-1
849,1,394.0,407.0,314.0,500.0,1,-1,-1,-1
850,1,393.0,403.0,315.0,509.0,1,-1,-1,-1
851,1,391.0,408.0,308.0,502.0,1,-1,-1,-1
852,1,390.0,410.0,310.0,501.0,1,-1,-1,-1
853,1,393.0,410.0,306.0,500.0,1,-1,-1,-1
854,1,393.0,412.0,302.0,497.0,1,-1,-1,-1
855,1,401.0,414.0,285.0,490.0,1,-1,-1,-1
856,1,402.0,416.0,274.0,490.0,1,-1,-1,-1
857,1,400.0,419.0,261.0,493.0,1,-1,-1,-1
858,1,399.0,424.0,245.0,491.0,1,-1,-1,-1
859,1,393.0,426.0,244.0,486.0,1,-1,-1,-1
860,1,393.0,434.0,238.0,482.0,1,-1,-1,-1
861,1,390.0,435.0,247.0,481.0,1,-1,-1,-1
862,1,387.0,436.0,252.0,479.0,1,-1,-1,-1
863,1,386.0,438.0,254.0,475.0,1,-1,-1,-1
864,1,383.0,440.0,257.0,475.0,1,-1,-1,-1
865,1,379.0,435.0,241.0,479.0,1,-1,-1,-1
866,1,376.0,431.0,243.0,480.0,1,-1,-1,-1
867,1,379.0,422.0,234.0,489.0,1,-1,-1,-1
868,1,385.0,415.0,231.0,490.0,1,-1,-1,-1
869,1,382.0,409.0,231.0,497.0,1,-1,-1,-1
870,1,383.0,400.0,227.0,511.0,1,-1,-1,-1
871,1,387.0,391.0,226.0,513.0,1,-1,-1,-1
872,1,384.0,386.0,228.0,520.0,1,-1,-1,-1
873,1,379.0,380.0,232.0,528.0,1,-1,-1,-1
874,1,379.0,370.0,232.0,540.0,1,-1,-1,-1
875,1,376.0,365.0,235.0,538.0,1,-1,-1,-1
876,1,372.0,357.0,242.0,543.0,1,-1,-1,-1
877,1,369.0,353.0,244.0,540.0,1,-1,-1,-1
878,1,367.0,348.0,248.0,540.0,1,-1,-1,-1
879,1,364.0,340.0,254.0,553.0,1,-1,-1,-1
880,1,361.0,341.0,263.0,549.0,1,-1,-1,-1
881,1,358.0,348.0,268.0,541.0,1,-1,-1,-1
882,1,351.0,358.0,275.0,528.0,1,-1,-1,-1
883,1,350.0,369.0,280.0,518.0,1,-1,-1,-1
884,1,345.0,375.0,291.0,513.0,1,-1,-1,-1
885,1,351.0,379.0,283.0,503.0,1,-1,-1,-1
886,1,345.0,384.0,287.0,495.0,1,-1,-1,-1
887,1,346.0,394.0,280.0,485.0,1,-1,-1,-1
888,1,346.0,396.0,277.0,483.0,1,-1,-1,-1
889,1,347.0,403.0,279.0,483.0,1,-1,-1,-1
890,1,344.0,404.0,283.0,477.0,1,-1,-1,-1
891,1,347.0,417.0,277.0,469.0,1,-1,-1,-1
892,1,348.0,423.0,269.0,456.0,1,-1,-1,-1
893,1,352.0,431.0,249.0,452.0,1,-1,-1,-1
894,1,351.0,440.0,242.0,447.0,1,-1,-1,-1
895,1,349.0,441.0,233.0,451.0,1,-1,-1,-1
896,1,347.0,447.0,225.0,455.0,1,-1,-1,-1
897,1,346.0,454.0,223.0,454.0,1,-1,-1,-1
898,1,345.0,455.0,218.0,456.0,1,-1,-1,-1
899,1,352.0,454.0,209.0,456.0,1,-1,-1,-1
900,1,352.0,455.0,207.0,460.0,1,-1,-1,-1
901,1,342.0,456.0,217.0,460.0,1,-1,-1,-1
902,1,337.0,454.0,223.0,461.0,1,-1,-1,-1
903,1,334.0,452.0,228.0,462.0,1,-1,-1,-1
904,1,332.0,455.0,233.0,458.0,1,-1,-1,-1
905,1,337.0,457.0,230.0,450.0,1,-1,-1,-1
906,1,333.0,457.0,244.0,451.0,1,-1,-1,-1
907,1,338.0,458.0,249.0,452.0,1,-1,-1,-1
908,1,336.0,458.0,265.0,445.0,1,-1,-1,-1
909,1,335.0,460.0,277.0,437.0,1,-1,-1,-1
910,1,331.0,457.0,294.0,439.0,1,-1,-1,-1
911,1,326.0,461.0,310.0,434.0,1,-1,-1,-1
912,1,329.0,461.0,318.0,428.0,1,-1,-1,-1
913,1,325.0,462.0,354.0,428.0,1,-1,-1,-1
914,1,323.0,465.0,361.0,424.0,1,-1,-1,-1
915,1,330.0,465.0,363.0,430.0,1,-1,-1,-1
916,1,343.0,470.0,355.0,424.0,1,-1,-1,-1
917,1,337.0,474.0,367.0,418.0,1,-1,-1,-1
918,1,344.0,472.0,365.0,419.0,1,-1,-1,-1
919,1,347.0,477.0,365.0,415.0,1,-1,-1,-1
920,1,347.0,479.0,366.0,413.0,1,-1,-1,-1
921,1,342.0,483.0,373.0,418.0,1,-1,-1,-1
922,1,327.0,485.0,388.0,423.0,1,-1,-1,-1
923,1,333.0,484.0,381.0,423.0,1,-1,-1,-1
924,1,332.0,487.0,379.0,424.0,1,-1,-1,-1
925,1,325.0,490.0,385.0,425.0,1,-1,-1,-1
926,1,338.0,489.0,372.0,424.0,1,-1,-1,-1
927,1,365.0,489.0,347.0,414.0,1,-1,-1,-1
928,1,353.0,486.0,357.0,422.0,1,-1,-1,-1
929,1,357.0,487.0,348.0,422.0,1,-1,-1,-1
930,1,370.0,486.0,330.0,423.0,1,-1,-1,-1
931,1,376.0,485.0,320.0,421.0,1,-1,-1,-1
932,1,369.0,483.0,325.0,425.0,1,-1,-1,-1
933,1,371.0,482.0,323.0,428.0,1,-1,-1,-1
934,1,366.0,476.0,325.0,435.0,1,-1,-1,-1
935,1,362.0,470.0,329.0,440.0,1,-1,-1,-1
936,1,372.0,462.0,323.0,449.0,1,-1,-1,-1
937,1,379.0,463.0,315.0,444.0,1,-1,-1,-1
938,1,385.0,463.0,310.0,442.0,1,-1,-1,-1
939,1,395.0,457.0,307.0,445.0,1,-1,-1,-1
940,1,398.0,455.0,304.0,442.0,1,-1,-1,-1
941,1,400.0,450.0,303.0,445.0,1,-1,-1,-1
942,1,395.0,451.0,317.0,440.0,1,-1,-1,-1
943,1,400.0,454.0,311.0,435.0,1,-1,-1,-1
944,1,398.0,451.0,321.0,447.0,1,-1,-1,-1
945,1,400.0,449.0,329.0,452.0,1,-1,-1,-1
946,1,401.0,447.0,324.0,453.0,1,-1,-1,-1
947,1,397.0,453.0,325.0,450.0,1,-1,-1,-1
948,1,399.0,454.0,320.0,452.0,1,-1,-1,-1
949,1,398.0,451.0,317.0,457.0,1,-1,-1,-1
950,1,397.0,455.0,316.0,454.0,1,-1,-1,-1
951,1,399.0,459.0,308.0,446.0,1,-1,-1,-1
952,1,399.0,457.0,306.0,448.0,1,-1,-1,-1
953,1,396.0,459.0,307.0,445.0,1,-1,-1,-1
954,1,398.0,457.0,302.0,447.0,1,-1,-1,-1
955,1,395.0,458.0,300.0,450.0,1,-1,-1,-1
956,1,394.0,460.0,279.0,451.0,1,-1,-1,-1
957,1,393.0,457.0,273.0,455.0,1,-1,-1,-1
958,1,391.0,457.0,267.0,457.0,1,-1,-1,-1
959,1,392.0,455.0,251.0,459.0,1,-1,-1,-1
960,1,393.0,456.0,244.0,456.0,1,-1,-1,-1
961,1,392.0,453.0,244.0,458.0,1,-1,-1,-1
962,1,389.0,452.0,248.0,459.0,1,-1,-1,-1
963,1,391.0,451.0,248.0,463.0,1,-1,-1,-1
964,1,388.0,448.0,254.0,465.0,1,-1,-1,-1
965,1,387.0,444.0,253.0,469.0,1,-1,-1,-1
966,1,385.0,440.0,253.0,471.0,1,-1,-1,-1
967,1,384.0,436.0,257.0,475.0,1,-1,-1,-1
968,1,382.0,429.0,264.0,481.0,1,-1,-1,-1
969,1,383.0,426.0,272.0,481.0,1,-1,-1,-1
970,1,384.0,421.0,272.0,483.0,1,-1,-1,-1
971,1,383.0,411.0,274.0,492.0,1,-1,-1,-1
972,1,384.0,411.0,284.0,488.0,1,-1,-1,-1
973,1,382.0,410.0,287.0,484.0,1,-1,-1,-1
974,1,379.0,406.0,291.0,481.0,1,-1,-1,-1
975,1,363.0,404.0,305.0,490.0,1,-1,-1,-1
976,1,353.0,404.0,318.0,485.0,1,-1,-1,-1
977,1,340.0,399.0,332.0,483.0,1,-1,-1,-1
978,1,342.0,393.0,333.0,483.0,1,-1,-1,-1
979,1,350.0,390.0,328.0,492.0,1,-1,-1,-1
980,1,349.0,388.0,327.0,507.0,1,-1,-1,-1
981,1,351.0,389.0,327.0,513.0,1,-1,-1,-1
982,1,352.0,389.0,323.0,511.0,1,-1,-1,-1
983,1,361.0,387.0,315.0,517.0,1,-1,-1,-1
984,1,374.0,392.0,303.0,517.0,1,-1,-1,-1
985,1,386.0,393.0,295.0,516.0,1,-1,-1,-1
986,1,393.0,398.0,289.0,511.0,1,-1,-1,-1
987,1,396.0,407.0,291.0,505.0,1,-1,-1,-1
988,1,411.0,408.0,280.0,500.0,1,-1,-1,-1
989,1,421.0,422.0,279.0,488.0,1,-1,-1,-1
990,1,423.0,423.0,280.0,491.0,1,-1,-1,-1
991,1,423.0,426.0,289.0,487.0,1,-1,-1,-1
992,1,429.0,426.0,292.0,485.0,1,-1,-1,-1
993,1,443.0,426.0,280.0,488.0,1,-1,-1,-1
994,1,452.0,426.0,285.0,485.0,1,-1,-1,-1
995,1,460.0,424.0,295.0,486.0,1,-1,-1,-1
996,1,467.0,425.0,280.0,484.0,1,-1,-1,-1
997,1,470.0,421.0,264.0,489.0,1,-1,-1,-1
998,1,482.0,405.0,258.0,500.0,1,-1,-1,-1
999,1,488.0,389.0,271.0,513.0,1,-1,-1,-1
1000,1,494.0,382.0,272.0,515.0,1,-1,-1,-1
1001,1,498.0,371.0,276.0,522.0,1,-1,-1,-1
1002,1,503.0,364.0,271.0,514.0,1,-1,-1,-1
1003,1,503.0,362.0,272.0,517.0,1,-1,-1,-1
1004,1,503.0,359.0,276.0,510.0,1,-1,-1,-1
1005,1,504.0,354.0,277.0,510.0,1,-1,-1,-1
1006,1,499.0,347.0,286.0,524.0,1,-1,-1,-1
1007,1,496.0,338.0,294.0,533.0,1,-1,-1,-1
1008,1,491.0,327.0,295.0,530.0,1,-1,-1,-1
1009,1,487.0,318.0,303.0,550.0,1,-1,-1,-1
1010,1,483.0,294.0,309.0,574.0,1,-1,-1,-1
1011,1,466.0,281.0,322.0,583.0,1,-1,-1,-1
1012,1,444.0,284.0,345.0,586.0,1,-1,-1,-1
1013,1,428.0,278.0,357.0,595.0,1,-1,-1,-1
1014,1,425.0,298.0,353.0,570.0,1,-1,-1,-1
1015,1,419.0,321.0,356.0,547.0,1,-1,-1,-1
1016,1,419.0,346.0,358.0,519.0,1,-1,-1,-1
1017,1,417.0,364.0,350.0,505.0,1,-1,-1,-1
1018,1,411.0,372.0,355.0,510.0,1,-1,-1,-1
1019,1,408.0,380.0,353.0,499.0,1,-1,-1,-1
1020,1,407.0,378.0,350.0,500.0,1,-1,-1,-1
1021,1,414.0,384.0,335.0,503.0,1,-1,-1,-1
1022,1,418.0,387.0,333.0,495.0,1,-1,-1,-1
1023,1,426.0,400.0,322.0,488.0,1,-1,-1,-1
1024,1,438.0,415.0,306.0,480.0,1,-1,-1,-1
1025,1,448.0,420.0,296.0,483.0,1,-1,-1,-1
1026,1,457.0,427.0,286.0,479.0,1,-1,-1,-1
1027,1,476.0,445.0,260.0,464.0,1,-1,-1,-1
1028,1,502.0,454.0,228.0,461.0,1,-1,-1,-1
1029,1,533.0,462.0,200.0,446.0,1,-1,-1,-1
1030,1,537.0,467.0,197.0,438.0,1,-1,-1,-1
1031,1,534.0,471.0,197.0,437.0,1,-1,-1,-1
1032,1,534.0,475.0,193.0,434.0,1,-1,-1,-1
1033,1,535.0,476.0,189.0,432.0,1,-1,-1,-1
1034,1,537.0,474.0,181.0,430.0,1,-1,-1,-1
1035,1,528.0,469.0,188.0,437.0,1,-1,-1,-1
1036,1,522.0,467.0,190.0,435.0,1,-1,-1,-1
1037,1,506.0,462.0,202.0,444.0,1,-1,-1,-1
1038,1,501.0,458.0,202.0,447.0,1,-1,-1,-1
1039,1,488.0,453.0,210.0,452.0,1,-1,-1,-1
1040,1,479.0,451.0,213.0,453.0,1,-1,-1,-1
1041,1,457.0,453.0,237.0,455.0,1,-1,-1,-1
1042,1,450.0,445.0,241.0,462.0,1,-1,-1,-1
1043,1,427.0,438.0,262.0,471.0,1,-1,-1,-1
1044,1,407.0,436.0,282.0,473.0,1,-1,-1,-1
1045,1,389.0,433.0,305.0,478.0,1,-1,-1,-1
1046,1,381.0,427.0,319.0,481.0,1,-1,-1,-1
1047,1,371.0,421.0,331.0,488.0,1,-1,-1,-1
1048,1,369.0,417.0,339.0,492.0,1,-1,-1,-1
1049,1,371.0,413.0,344.0,494.0,1,-1,-1,-1
1050,1,363.0,412.0,358.0,499.0,1,-1,-1,-1
1051,1,362.0,413.0,363.0,500.0,1,-1,-1,-1
1052,1,365.0,418.0,359.0,498.0,1,-1,-1,-1
1053,1,362.0,414.0,362.0,502.0,1,-1,-1,-1
1054,1,364.0,413.0,356.0,502.0,1,-1,-1,-1
1055,1,367.0,420.0,342.0,498.0,1,-1,-1,-1
1056,1,366.0,422.0,337.0,496.0,1,-1,-1,-1
1057,1,366.0,427.0,328.0,488.0,1,-1,-1,-1
1058,1,366.0,435.0,320.0,480.0,1,-1,-1,-1
1059,1,367.0,446.0,308.0,474.0,1,-1,-1,-1
1060,1,367.0,455.0,297.0,465.0,1,-1,-1,-1
1061,1,372.0,453.0,279.0,467.0,1,-1,-1,-1
1062,1,371.0,457.0,260.0,464.0,1,-1,-1,-1
1063,1,367.0,460.0,254.0,463.0,1,-1,-1,-1
1064,1,370.0,461.0,251.0,463.0,1,-1,-1,-1
1065,1,364.0,463.0,245.0,460.0,1,-1,-1,-1
1066,1,364.0,465.0,234.0,457.0,1,-1,-1,-1
1067,1,362.0,465.0,228.0,457.0,1,-1,-1,-1
1068,1,363.0,462.0,222.0,457.0,1,-1,-1,-1
1069,1,363.0,465.0,220.0,453.0,1,-1,-1,-1
1070,1,362.0,463.0,224.0,457.0,1,-1,-1,-1
1071,1,365.0,464.0,225.0,454.0,1,-1,-1,-1
1072,1,364.0,463.0,235.0,455.0,1,-1,-1,-1
1073,1,356.0,463.0,249.0,458.0,1,-1,-1,-1
1074,1,353.0,461.0,257.0,462.0,1,-1,-1,-1
1075,1,351.0,459.0,271.0,464.0,1,-1,-1,-1
1076,1,344.0,458.0,287.0,470.0,1,-1,-1,-1
1077,1,328.0,454.0,311.0,479.0,1,-1,-1,-1
1078,1,317.0,452.0,327.0,483.0,1,-1,-1,-1
1079,1,333.0,454.0,317.0,479.0,1,-1,-1,-1
1080,1,331.0,450.0,323.0,486.0,1,-1,-1,-1
1081,1,327.0,446.0,332.0,490.0,1,-1,-1,-1
1082,1,316.0,443.0,345.0,498.0,1,-1,-1,-1
1083,1,317.0,442.0,344.0,501.0,1,-1,-1,-1
1084,1,288.0,439.0,374.0,504.0,1,-1,-1,-1
1085,1,290.0,436.0,376.0,506.0,1,-1,-1,-1
1086,1,292.0,434.0,379.0,507.0,1,-1,-1,-1
1087,1,294.0,435.0,384.0,506.0,1,-1,-1,-1
1088,1,308.0,439.0,367.0,505.0,1,-1,-1,-1
1089,1,306.0,438.0,371.0,507.0,1,-1,-1,-1
1090,1,304.0,435.0,375.0,509.0,1,-1,-1,-1
1091,1,306.0,433.0,372.0,511.0,1,-1,-1,-1
1092,1,329.0,435.0,347.0,508.0,1,-1,-1,-1
1093,1,320.0,431.0,355.0,513.0,1,-1,-1,-1
1094,1,332.0,428.0,343.0,515.0,1,-1,-1,-1
1095,1,335.0,425.0,344.0,521.0,1,-1,-1,-1
1096,1,336.0,422.0,352.0,524.0,1,-1,-1,-1
1097,1,341.0,418.0,355.0,530.0,1,-1,-1,-1
1098,1,345.0,415.0,356.0,532.0,1,-1,-1,-1
1099,1,355.0,411.0,347.0,536.0,1,-1,-1,-1
1100,1,368.0,401.0,335.0,548.0,1,-1,-1,-1
1101,1,379.0,395.0,324.0,552.0,1,-1,-1,-1
1102,1,385.0,391.0,323.0,558.0,1,-1,-1,-1
1103,1,393.0,387.0,319.0,561.0,1,-1,-1,-1
1104,1,398.0,375.0,323.0,573.0,1,-1,-1,-1
1105,1,403.0,368.0,322.0,580.0,1,-1,-1,-1
1106,1,412.0,364.0,320.0,582.0,1,-1,-1,-1
1107,1,415.0,358.0,317.0,592.0,1,-1,-1,-1
1108,1,419.0,355.0,319.0,595.0,1,-1,-1,-1
1109,1,423.0,349.0,317.0,599.0,1,-1,-1,-1
1110,1,424.0,348.0,315.0,601.0,1,-1,-1,-1
1111,1,429.0,341.0,303.0,607.0,1,-1,-1,-1
1112,1,434.0,331.0,299.0,619.0,1,-1,-1,-1
1113,1,438.0,335.0,292.0,612.0,1,-1,-1,-1
1114,1,441.0,334.0,297.0,614.0,1,-1,-1,-1
1115,1,439.0,327.0,305.0,623.0,1,-1,-1,-1
1116,1,441.0,335.0,331.0,616.0,1,-1,-1,-1
1117,1,445.0,323.0,328.0,621.0,1,-1,-1,-1
1118,1,449.0,321.0,336.0,625.0,1,-1,-1,-1
1119,1,448.0,321.0,350.0,625.0,1,-1,-1,-1
1120,1,450.0,320.0,350.0,630.0,1,-1,-1,-1
1121,1,435.0,320.0,369.0,623.0,1,-1,-1,-1
1122,1,430.0,315.0,370.0,633.0,1,-1,-1,-1
1123,1,414.0,308.0,389.0,642.0,1,-1,-1,-1
1124,1,403.0,305.0,399.0,649.0,1,-1,-1,-1
1125,1,387.0,300.0,408.0,655.0,1,-1,-1,-1
1126,1,370.0,299.0,415.0,651.0,1,-1,-1,-1
1127,1,366.0,294.0,394.0,658.0,1,-1,-1,-1
1128,1,358.0,279.0,392.0,672.0,1,-1,-1,-1
1129,1,358.0,268.0,392.0,686.0,1,-1,-1,-1
1130,1,350.0,256.0,397.0,705.0,1,-1,-1,-1
1131,1,349.0,243.0,397.0,721.0,1,-1,-1,-1
1132,1,350.0,231.0,384.0,736.0,1,-1,-1,-1
1133,1,350.0,228.0,382.0,737.0,1,-1,-1,-1
1134,1,349.0,225.0,379.0,734.0,1,-1,-1,-1
1135,1,349.0,221.0,376.0,730.0,1,-1,-1,-1
1136,1,347.0,218.0,377.0,736.0,1,-1,-1,-1
1137,1,348.0,219.0,375.0,731.0,1,-1,-1,-1
1138,1,346.0,210.0,376.0,736.0,1,-1,-1,-1
1139,1,348.0,203.0,371.0,744.0,1,-1,-1,-1
1140,1,347.0,188.0,369.0,752.0,1,-1,-1,-1
1141,1,338.0,184.0,363.0,765.0,1,-1,-1,-1
1142,1,327.0,189.0,372.0,765.0,1,-1,-1,-1
1143,1,316.0,199.0,381.0,760.0,1,-1,-1,-1
1144,1,313.0,220.0,382.0,741.0,1,-1,-1,-1
1145,1,324.0,250.0,358.0,708.0,1,-1,-1,-1
1146,1,343.0,261.0,339.0,693.0,1,-1,-1,-1
1147,1,346.0,273.0,334.0,678.0,1,-1,-1,-1
1148,1,360.0,283.0,318.0,647.0,1,-1,-1,-1
1149,1,380.0,291.0,298.0,637.0,1,-1,-1,-1
1150,1,401.0,298.0,272.0,655.0,1,-1,-1,-1
1151,1,413.0,308.0,261.0,643.0,1,-1,-1,-1
1152,1,419.0,318.0,249.0,633.0,1,-1,-1,-1
1153,1,422.0,328.0,242.0,628.0,1,-1,-1,-1
1154,1,422.0,336.0,236.0,628.0,1,-1,-1,-1
1155,1,428.0,340.0,223.0,626.0,1,-1,-1,-1
1156,1,430.0,345.0,217.0,620.0,1,-1,-1,-1
1157,1,432.0,356.0,213.0,610.0,1,-1,-1,-1
1158,1,434.0,357.0,209.0,607.0,1,-1,-1,-1
1159,1,437.0,360.0,207.0,604.0,1,-1,-1,-1
1160,1,438.0,368.0,207.0,594.0,1,-1,-1,-1
1161,1,443.0,366.0,202.0,594.0,1,-1,-1,-1
1162,1,447.0,366.0,197.0,594.0,1,-1,-1,-1
1163,1,446.0,372.0,200.0,586.0,1,-1,-1,-1
1164,1,447.0,374.0,197.0,584.0,1,-1,-1,-1
1165,1,446.0,372.0,199.0,589.0,1,-1,-1,-1
1166,1,449.0,374.0,196.0,585.0,1,-1,-1,-1
1167,1,458.0,377.0,191.0,577.0,1,-1,-1,-1
1168,1,458.0,381.0,194.0,574.0,1,-1,-1,-1
1169,1,460.0,384.0,200.0,570.0,1,-1,-1,-1
1170,1,462.0,380.0,208.0,572.0,1,-1,-1,-1
1171,1,454.0,387.0,228.0,561.0,1,-1,-1,-1
1172,1,421.0,385.0,272.0,564.0,1,-1,-1,-1
1173,1,403.0,391.0,302.0,560.0,1,-1,-1,-1
1174,1,368.0,395.0,347.0,558.0,1,-1,-1,-1
1175,1,352.0,400.0,371.0,549.0,1,-1,-1,-1
1176,1,333.0,409.0,395.0,537.0,1,-1,-1,-1
1177,1,317.0,421.0,419.0,529.0,1,-1,-1,-1
1178,1,309.0,430.0,435.0,520.0,1,-1,-1,-1
1179,1,305.0,433.0,443.0,512.0,1,-1,-1,-1
1180,1,293.0,426.0,453.0,514.0,1,-1,-1,-1
1181,1,294.0,428.0,458.0,514.0,1,-1,-1,-1
1182,1,287.0,434.0,463.0,510.0,1,-1,-1,-1
1183,1,298.0,450.0,457.0,496.0,1,-1,-1,-1
1184,1,304.0,451.0,454.0,493.0,1,-1,-1,-1
1185,1,310.0,452.0,444.0,493.0,1,-1,-1,-1
1186,1,313.0,439.0,438.0,497.0,1,-1,-1,-1
1187,1,310.0,447.0,444.0,498.0,1,-1,-1,-1
1188,1,308.0,445.0,445.0,501.0,1,-1,-1,-1
1189,1,313.0,437.0,437.0,505.0,1,-1,-1,-1
1190,1,310.0,436.0,439.0,508.0,1,-1,-1,-1
1191,1,326.0,433.0,421.0,506.0,1,-1,-1,-1
1192,1,337.0,425.0,406.0,512.0,1,-1,-1,-1
1193,1,357.0,421.0,382.0,514.0,1,-1,-1,-1
1194,1,373.0,420.0,367.0,514.0,1,-1,-1,-1
1195,1,376.0,419.0,362.0,516.0,1,-1,-1,-1
1196,1,394.0,416.0,340.0,516.0,1,-1,-1,-1
1197,1,410.0,411.0,317.0,521.0,1,-1,-1,-1
1198,1,424.0,407.0,301.0,524.0,1,-1,-1,-1
1199,1,440.0,400.0,283.0,533.0,1,-1,-1,-1
1200,1,470.0,402.0,250.0,533.0,1,-1,-1,-1
1201,1,485.0,400.0,229.0,533.0,1,-1,-1,-1
1202,1,495.0,396.0,216.0,539.0,1,-1,-1,-1
1203,1,500.0,396.0,207.0,533.0,1,-1,-1,-1
1204,1,498.0,398.0,206.0,532.0,1,-1,-1,-1
1205,1,496.0,398.0,203.0,532.0,1,-1,-1,-1
1206,1,490.0,398.0,212.0,527.0,1,-1,-1,-1
1207,1,485.0,399.0,224.0,525.0,1,-1,-1,-1
1208,1,479.0,403.0,248.0,517.0,1,-1,-1,-1
1209,1,473.0,406.0,270.0,517.0,1,-1,-1,-1
1210,1,465.0,407.0,291.0,521.0,1,-1,-1,-1
1211,1,454.0,411.0,305.0,517.0,1,-1,-1,-1
1212,1,449.0,416.0,327.0,510.0,1,-1,-1,-1
1213,1,446.0,422.0,343.0,493.0,1,-1,-1,-1
1214,1,443.0,425.0,352.0,494.0,1,-1,-1,-1
1215,1,441.0,428.0,354.0,495.0,1,-1,-1,-1
1216,1,446.0,428.0,351.0,493.0,1,-1,-1,-1
1217,1,444.0,429.0,360.0,492.0,1,-1,-1,-1
1218,1,440.0,429.0,369.0,493.0,1,-1,-1,-1
1219,1,443.0,427.0,371.0,494.0,1,-1,-1,-1
1220,1,444.0,427.0,373.0,495.0,1,-1,-1,-1
1221,1,449.0,427.0,361.0,506.0,1,-1,-1,-1
1222,1,453.0,423.0,361.0,497.0,1,-1,-1,-1
1223,1,459.0,425.0,351.0,492.0,1,-1,-1,-1
1224,1,464.0,425.0,339.0,491.0,1,-1,-1,-1
1225,1,468.0,423.0,333.0,490.0,1,-1,-1,-1
1226,1,469.0,415.0,327.0,496.0,1,-1,-1,-1
1227,1,466.0,414.0,334.0,497.0,1,-1,-1,-1
1228,1,467.0,413.0,308.0,497.0,1,-1,-1,-1
1229,1,468.0,408.0,280.0,504.0,1,-1,-1,-1
1230,1,473.0,402.0,265.0,514.0,1,-1,-1,-1
1231,1,470.0,402.0,264.0,513.0,1,-1,-1,-1
1232,1,469.0,399.0,260.0,513.0,1,-1,-1,-1
1233,1,472.0,401.0,246.0,512.0,1,-1,-1,-1
1234,1,476.0,400.0,243.0,516.0,1,-1,-1,-1
1235,1,481.0,397.0,235.0,522.0,1,-1,-1,-1
1236,1,482.0,392.0,239.0,527.0,1,-1,-1,-1
1237,1,482.0,391.0,243.0,529.0,1,-1,-1,-1
1238,1,478.0,390.0,252.0,532.0,1,-1,-1,-1
1239,1,464.0,394.0,270.0,529.0,1,-1,-1,-1
1240,1,455.0,388.0,281.0,532.0,1,-1,-1,-1
1241,1,434.0,383.0,305.0,535.0,1,-1,-1,-1
1242,1,426.0,382.0,314.0,535.0,1,-1,-1,-1
1243,1,416.0,379.0,327.0,534.0,1,-1,-1,-1
1244,1,401.0,374.0,341.0,537.0,1,-1,-1,-1
1245,1,407.0,381.0,333.0,526.0,1,-1,-1,-1
1246,1,403.0,384.0,343.0,523.0,1,-1,-1,-1
1247,1,402.0,383.0,348.0,528.0,1,-1,-1,-1
1248,1,402.0,382.0,354.0,533.0,1,-1,-1,-1
1249,1,400.0,386.0,359.0,530.0,1,-1,-1,-1
1250,1,407.0,386.0,353.0,534.0,1,-1,-1,-1
1251,1,411.0,388.0,352.0,528.0,1,-1,-1,-1
1252,1,420.0,388.0,342.0,531.0,1,-1,-1,-1
1253,1,426.0,388.0,336.0,530.0,1,-1,-1,-1
1254,1,428.0,385.0,336.0,533.0,1,-1,-1,-1
1255,1,436.0,386.0,329.0,531.0,1,-1,-1,-1
1256,1,452.0,389.0,317.0,525.0,1,-1,-1,-1
1257,1,461.0,395.0,315.0,525.0,1,-1,-1,-1
1258,1,475.0,383.0,303.0,532.0,1,-1,-1,-1
1259,1,482.0,379.0,302.0,536.0,1,-1,-1,-1
1260,1,486.0,371.0,301.0,545.0,1,-1,-1,-1
1261,1,491.0,360.0,297.0,554.0,1,-1,-1,-1
1262,1,496.0,351.0,294.0,563.0,1,-1,-1,-1
1263,1,499.0,348.0,296.0,570.0,1,-1,-1,-1
1264,1,499.0,342.0,297.0,563.0,1,-1,-1,-1
1265,1,498.0,339.0,295.0,569.0,1,-1,-1,-1
1266,1,499.0,334.0,293.0,565.0,1,-1,-1,-1
1267,1,498.0,329.0,295.0,558.0,1,-1,-1,-1
1268,1,496.0,325.0,301.0,567.0,1,-1,-1,-1
1269,1,493.0,321.0,304.0,554.0,1,-1,-1,-1
1270,1,490.0,313.0,307.0,553.0,1,-1,-1,-1
1271,1,484.0,311.0,314.0,553.0,1,-1,-1,-1
1272,1,477.0,307.0,320.0,558.0,1,-1,-1,-1
1273,1,465.0,315.0,333.0,565.0,1,-1,-1,-1
1274,1,461.0,328.0,340.0,562.0,1,-1,-1,-1
1275,1,460.0,336.0,342.0,563.0,1,-1,-1,-1
1276,1,460.0,343.0,341.0,567.0,1,-1,-1,-1
1277,1,461.0,351.0,334.0,555.0,1,-1,-1,-1
1278,1,463.0,358.0,332.0,547.0,1,-1,-1,-1
1279,1,472.0,361.0,327.0,554.0,1,-1,-1,-1
1280,1,476.0,365.0,306.0,551.0,1,-1,-1,-1
1281,1,481.0,375.0,293.0,542.0,1,-1,-1,-1
1282,1,487.0,375.0,280.0,550.0,1,-1,-1,-1
1283,1,492.0,383.0,271.0,542.0,1,-1,-1,-1
1284,1,501.0,388.0,256.0,541.0,1,-1,-1,-1
1285,1,517.0,395.0,230.0,534.0,1,-1,-1,-1
1286,1,528.0,397.0,208.0,529.0,1,-1,-1,-1
1287,1,533.0,394.0,202.0,535.0,1,-1,-1,-1
1288,1,527.0,390.0,205.0,544.0,1,-1,-1,-1
1289,1,526.0,387.0,204.0,549.0,1,-1,-1,-1
1290,1,519.0,387.0,208.0,548.0,1,-1,-1,-1
1291,1,519.0,390.0,209.0,539.0,1,-1,-1,-1
1292,1,512.0,386.0,216.0,540.0,1,-1,-1,-1
1293,1,503.0,374.0,221.0,551.0,1,-1,-1,-1
1294,1,496.0,368.0,224.0,558.0,1,-1,-1,-1
1295,1,490.0,366.0,231.0,558.0,1,-1,-1,-1
1296,1,483.0,361.0,237.0,556.0,1,-1,-1,-1
1297,1,480.0,357.0,239.0,559.0,1,-1,-1,-1
1298,1,463.0,356.0,255.0,563.0,1,-1,-1,-1
1299,1,445.0,358.0,278.0,562.0,1,-1,-1,-1
1300,1,433.0,353.0,289.0,567.0,1,-1,-1,-1
1301,1,427.0,350.0,286.0,566.0,1,-1,-1,-1
1302,1,415.0,352.0,297.0,563.0,1,-1,-1,-1
1303,1,396.0,356.0,318.0,559.0,1,-1,-1,-1
1304,1,381.0,358.0,336.0,560.0,1,-1,-1,-1
1305,1,374.0,362.0,353.0,565.0,1,-1,-1,-1
1306,1,371.0,360.0,362.0,568.0,1,-1,-1,-1
1307,1,370.0,364.0,359.0,567.0,1,-1,-1,-1
1308,1,370.0,370.0,360.0,558.0,1,-1,-1,-1
1309,1,369.0,371.0,355.0,555.0,1,-1,-1,-1
1310,1,370.0,373.0,349.0,557.0,1,-1,-1,-1
1311,1,369.0,373.0,339.0,555.0,1,-1,-1,-1
1312,1,370.0,375.0,331.0,554.0,1,-1,-1,-1
1313,1,374.0,371.0,318.0,558.0,1,-1,-1,-1
1314,1,377.0,367.0,308.0,558.0,1,-1,-1,-1
1315,1,377.0,366.0,297.0,558.0,1,-1,-1,-1
1316,1,381.0,363.0,260.0,559.0,1,-1,-1,-1
1317,1,382.0,365.0,250.0,553.0,1,-1,-1,-1
1318,1,379.0,366.0,243.0,552.0,1,-1,-1,-1
1319,1,378.0,362.0,246.0,556.0,1,-1,-1,-1
1320,1,372.0,364.0,261.0,556.0,1,-1,-1,-1
1321,1,372.0,370.0,262.0,542.0,1,-1,-1,-1
1322,1,367.0,376.0,274.0,537.0,1,-1,-1,-1
1323,1,371.0,384.0,277.0,533.0,1,-1,-1,-1
1324,1,377.0,385.0,273.0,534.0,1,-1,-1,-1
1325,1,375.0,385.0,280.0,532.0,1,-1,-1,-1
1326,1,378.0,385.0,276.0,533.0,1,-1,-1,-1
1327,1,382.0,386.0,272.0,533.0,1,-1,-1,-1
1328,1,391.0,380.0,264.0,539.0,1,-1,-1,-1
1329,1,389.0,368.0,269.0,546.0,1,-1,-1,-1
1330,1,389.0,364.0,267.0,551.0,1,-1,-1,-1
1331,1,385.0,357.0,273.0,557.0,1,-1,-1,-1
1332,1,381.0,360.0,280.0,559.0,1,-1,-1,-1
1333,1,383.0,353.0,286.0,568.0,1,-1,-1,-1
1334,1,382.0,355.0,296.0,569.0,1,-1,-1,-1
1335,1,386.0,357.0,305.0,569.0,1,-1,-1,-1
1336,1,388.0,349.0,312.0,570.0,1,-1,-1,-1
1337,1,391.0,352.0,317.0,572.0,1,-1,-1,-1
1338,1,395.0,356.0,320.0,569.0,1,-1,-1,-1
1339,1,397.0,360.0,323.0,562.0,1,-1,-1,-1
1340,1,395.0,363.0,335.0,555.0,1,-1,-1,-1
1341,1,392.0,360.0,339.0,558.0,1,-1,-1,-1
1342,1,387.0,365.0,353.0,566.0,1,-1,-1,-1
1343,1,399.0,364.0,345.0,562.0,1,-1,-1,-1
1344,1,402.0,364.0,345.0,560.0,1,-1,-1,-1
1345,1,407.0,359.0,343.0,562.0,1,-1,-1,-1
1346,1,417.0,348.0,330.0,571.0,1,-1,-1,-1
1347,1,423.0,342.0,326.0,573.0,1,-1,-1,-1
1348,1,438.0,338.0,310.0,579.0,1,-1,-1,-1
1349,1,462.0,333.0,280.0,584.0,1,-1,-1,-1
1350,1,480.0,330.0,260.0,581.0,1,-1,-1,-1
1351,1,484.0,329.0,255.0,579.0,1,-1,-1,-1
1352,1,485.0,329.0,251.0,582.0,1,-1,-1,-1
1353,1,487.0,330.0,247.0,580.0,1,-1,-1,-1
1354,1,490.0,333.0,244.0,578.0,1,-1,-1,-1
1355,1,491.0,338.0,244.0,571.0,1,-1,-1,-1
1356,1,491.0,339.0,245.0,572.0,1,-1,-1,-1
1357,1,487.0,342.0,252.0,572.0,1,-1,-1,-1
1358,1,484.0,346.0,256.0,568.0,1,-1,-1,-1
1359,1,480.0,353.0,250.0,554.0,1,-1,-1,-1
1360,1,470.0,351.0,258.0,558.0,1,-1,-1,-1
1361,1,461.0,350.0,272.0,564.0,1,-1,-1,-1
1362,1,443.0,350.0,292.0,567.0,1,-1,-1,-1
1363,1,422.0,347.0,314.0,569.0,1,-1,-1,-1
1364,1,414.0,346.0,322.0,570.0,1,-1,-1,-1
1365,1,405.0,346.0,331.0,570.0,1,-1,-1,-1
1366,1,392.0,344.0,349.0,574.0,1,-1,-1,-1
1367,1,384.0,350.0,358.0,568.0,1,-1,-1,-1
1368,1,386.0,356.0,348.0,563.0,1,-1,-1,-1
1369,1,388.0,359.0,349.0,561.0,1,-1,-1,-1
1370,1,389.0,362.0,348.0,556.0,1,-1,-1,-1
1371,1,404.0,364.0,335.0,559.0,1,-1,-1,-1
1372,1,417.0,367.0,322.0,559.0,1,-1,-1,-1
1373,1,433.0,361.0,320.0,568.0,1,-1,-1,-1
1374,1,451.0,363.0,303.0,563.0,1,-1,-1,-1
1375,1,455.0,362.0,299.0,563.0,1,-1,-1,-1
1376,1,458.0,362.0,292.0,561.0,1,-1,-1,-1
1377,1,461.0,356.0,284.0,569.0,1,-1,-1,-1
1378,1,464.0,353.0,275.0,571.0,1,-1,-1,-1
1379,1,465.0,350.0,264.0,575.0,1,-1,-1,-1
1380,1,467.0,346.0,251.0,579.0,1,-1,-1,-1
1381,1,464.0,347.0,238.0,576.0,1,-1,-1,-1
1382,1,458.0,344.0,230.0,575.0,1,-1,-1,-1
1383,1,452.0,342.0,220.0,571.0,1,-1,-1,-1
1384,1,446.0,338.0,207.0,583.0,1,-1,-1,-1
1385,1,442.0,338.0,191.0,586.0,1,-1,-1,-1
1386,1,438.0,342.0,186.0,582.0,1,-1,-1,-1
1387,1,428.0,347.0,182.0,578.0,1,-1,-1,-1
1388,1,421.0,352.0,188.0,568.0,1,-1,-1,-1
1389,1,413.0,349.0,196.0,574.0,1,-1,-1,-1
1390,1,406.0,352.0,201.0,571.0,1,-1,-1,-1
1391,1,398.0,360.0,210.0,559.0,1,-1,-1,-1
1392,1,388.0,364.0,218.0,553.0,1,-1,-1,-1
1393,1,381.0,366.0,224.0,551.0,1,-1,-1,-1
1394,1,375.0,366.0,230.0,555.0,1,-1,-1,-1
1395,1,368.0,366.0,236.0,557.0,1,-1,-1,-1
1396,1,368.0,358.0,240.0,560.0,1,-1,-1,-1
1397,1,363.0,359.0,242.0,554.0,1,-1,-1,-1
1398,1,358.0,359.0,243.0,551.0,1,-1,-1,-1
1399,1,353.0,358.0,242.0,549.0,1,-1,-1,-1
1400,1,353.0,353.0,236.0,557.0,1,-1,-1,-1
1401,1,351.0,351.0,232.0,558.0,1,-1,-1,-1
1402,1,344.0,347.0,236.0,565.0,1,-1,-1,-1
1403,1,335.0,347.0,239.0,567.0,1,-1,-1,-1
1404,1,322.0,350.0,245.0,565.0,1,-1,-1,-1
1405,1,311.0,357.0,244.0,556.0,1,-1,-1,-1
1406,1,300.0,360.0,253.0,555.0,1,-1,-1,-1
1407,1,289.0,363.0,259.0,554.0,1,-1,-1,-1
1408,1,293.0,363.0,251.0,555.0,1,-1,-1,-1
1409,1,298.0,364.0,244.0,554.0,1,-1,-1,-1
1410,1,303.0,365.0,236.0,552.0,1,-1,-1,-1
1411,1,302.0,363.0,237.0,552.0,1,-1,-1,-1
1412,1,310.0,357.0,232.0,560.0,1,-1,-1,-1
1413,1,315.0,352.0,232.0,562.0,1,-1,-1,-1
1414,1,308.0,350.0,239.0,560.0,1,-1,-1,-1
1415,1,319.0,344.0,225.0,565.0,1,-1,-1,-1
1416,1,325.0,341.0,221.0,564.0,1,-1,-1,-1
1417,1,321.0,335.0,226.0,563.0,1,-1,-1,-1
1418,1,322.0,332.0,230.0,558.0,1,-1,-1,-1
1419,1,319.0,331.0,233.0,558.0,1,-1,-1,-1
1420,1,322.0,334.0,231.0,552.0,1,-1,-1,-1
1421,1,323.0,337.0,232.0,549.0,1,-1,-1,-1
1422,1,325.0,340.0,234.0,544.0,1,-1,-1,-1
1423,1,324.0,344.0,236.0,538.0,1,-1,-1,-1
1424,1,324.0,346.0,236.0,535.0,1,-1,-1,-1
1425,1,325.0,348.0,236.0,537.0,1,-1,-1,-1
1426,1,318.0,347.0,240.0,544.0,1,-1,-1,-1
1427,1,322.0,346.0,239.0,548.0,1,-1,-1,-1
1428,1,321.0,343.0,240.0,554.0,1,-1,-1,-1
1429,1,320.0,342.0,242.0,560.0,1,-1,-1,-1
1430,1,319.0,341.0,245.0,568.0,1,-1,-1,-1
1431,1,323.0,342.0,244.0,568.0,1,-1,-1,-1
1432,1,320.0,344.0,246.0,567.0,1,-1,-1,-1
1433,1,323.0,345.0,241.0,569.0,1,-1,-1,-1
1434,1,320.0,347.0,240.0,572.0,1,-1,-1,-1
1435,1,322.0,350.0,237.0,571.0,1,-1,-1,-1
1436,1,319.0,356.0,240.0,568.0,1,-1,-1,-1
1437,1,315.0,359.0,247.0,566.0,1,-1,-1,-1
1438,1,318.0,362.0,247.0,563.0,1,-1,-1,-1
1439,1,317.0,364.0,254.0,559.0,1,-1,-1,-1
1440,1,319.0,365.0,258.0,559.0,1,-1,-1,-1
1441,1,317.0,367.0,264.0,557.0,1,-1,-1,-1
1442,1,313.0,366.0,275.0,558.0,1,-1,-1,-1
1443,1,312.0,362.0,274.0,561.0,1,-1,-1,-1
1444,1,317.0,362.0,263.0,561.0,1,-1,-1,-1
1445,1,324.0,358.0,257.0,567.0,1,-1,-1,-1
1446,1,329.0,356.0,251.0,569.0,1,-1,-1,-1
1447,1,333.0,358.0,249.0,564.0,1,-1,-1,-1
1448,1,333.0,361.0,251.0,558.0,1,-1,-1,-1
1449,1,338.0,365.0,250.0,555.0,1,-1,-1,-1
1450,1,341.0,367.0,249.0,553.0,1,-1,-1,-1
1451,1,341.0,372.0,253.0,548.0,1,-1,-1,-1
1452,1,346.0,381.0,253.0,543.0,1,-1,-1,-1
1453,1,348.0,388.0,253.0,537.0,1,-1,-1,-1
1454,1,348.0,386.0,258.0,542.0,1,-1,-1,-1
1455,1,348.0,389.0,258.0,541.0,1,-1,-1,-1
1456,1,349.0,385.0,256.0,539.0,1,-1,-1,-1
1457,1,349.0,384.0,256.0,540.0,1,-1,-1,-1
1458,1,347.0,381.0,258.0,543.0,1,-1,-1,-1
1459,1,346.0,379.0,259.0,544.0,1,-1,-1,-1
1460,1,347.0,379.0,255.0,541.0,1,-1,-1,-1
1461,1,345.0,375.0,255.0,548.0,1,-1,-1,-1
1462,1,344.0,376.0,255.0,546.0,1,-1,-1,-1
1463,1,341.0,372.0,256.0,551.0,1,-1,-1,-1
1464,1,338.0,369.0,256.0,553.0,1,-1,-1,-1
1465,1,337.0,370.0,254.0,554.0,1,-1,-1,-1
1466,1,333.0,368.0,258.0,557.0,1,-1,-1,-1
1467,1,331.0,372.0,256.0,553.0,1,-1,-1,-1
1468,1,324.0,370.0,258.0,558.0,1,-1,-1,-1
1469,1,319.0,374.0,259.0,551.0,1,-1,-1,-1
1470,1,316.0,380.0,250.0,544.0,1,-1,-1,-1
1471,1,305.0,378.0,253.0,545.0,1,-1,-1,-1
1472,1,298.0,377.0,256.0,549.0,1,-1,-1,-1
1473,1,297.0,374.0,256.0,554.0,1,-1,-1,-1
1474,1,302.0,370.0,250.0,556.0,1,-1,-1,-1
1475,1,305.0,364.0,246.0,562.0,1,-1,-1,-1
1476,1,306.0,362.0,246.0,560.0,1,-1,-1,-1
1477,1,304.0,357.0,246.0,561.0,1,-1,-1,-1
1478,1,307.0,351.0,239.0,561.0,1,-1,-1,-1
1479,1,318.0,349.0,228.0,560.0,1,-1,-1,-1
1480,1,317.0,346.0,223.0,562.0,1,-1,-1,-1
1481,1,314.0,341.0,224.0,566.0,1,-1,-1,-1
1482,1,314.0,339.0,223.0,564.0,1,-1,-1,-1
1483,1,315.0,342.0,219.0,554.0,1,-1,-1,-1
1484,1,315.0,344.0,221.0,548.0,1,-1,-1,-1
1485,1,301.0,345.0,236.0,556.0,1,-1,-1,-1
1486,1,303.0,349.0,233.0,551.0,1,-1,-1,-1
1487,1,309.0,350.0,228.0,543.0,1,-1,-1,-1
1488,1,310.0,350.0,229.0,544.0,1,-1,-1,-1
1489,1,306.0,350.0,233.0,546.0,1,-1,-1,-1
1490,1,306.0,351.0,233.0,541.0,1,-1,-1,-1
1491,1,302.0,349.0,237.0,545.0,1,-1,-1,-1
1492,1,303.0,349.0,236.0,544.0,1,-1,-1,-1
1493,1,303.0,347.0,236.0,547.0,1,-1,-1,-1
1494,1,299.0,348.0,241.0,551.0,1,-1,-1,-1
1495,1,304.0,351.0,237.0,548.0,1,-1,-1,-1
1496,1,303.0,357.0,240.0,545.0,1,-1,-1,-1
1497,1,290.0,360.0,254.0,546.0,1,-1,-1,-1
1498,1,296.0,368.0,250.0,542.0,1,-1,-1,-1
1499,1,287.0,369.0,263.0,547.0,1,-1,-1,-1
1500,1,290.0,380.0,263.0,544.0,1,-1,-1,-1
1501,1,296.0,381.0,260.0,545.0,1,-1,-1,-1
1502,1,287.0,377.0,276.0,548.0,1,-1,-1,-1
1503,1,283.0,379.0,288.0,546.0,1,-1,-1,-1
1504,1,283.0,378.0,292.0,544.0,1,-1,-1,-1
1505,1,288.0,374.0,295.0,549.0,1,-1,-1,-1
1506,1,303.0,372.0,284.0,554.0,1,-1,-1,-1
1507,1,308.0,371.0,290.0,556.0,1,-1,-1,-1
1508,1,311.0,370.0,292.0,554.0,1,-1,-1,-1
1509,1,325.0,369.0,283.0,552.0,1,-1,-1,-1
1510,1,336.0,378.0,277.0,545.0,1,-1,-1,-1
1511,1,356.0,372.0,264.0,550.0,1,-1,-1,-1
1512,1,381.0,371.0,247.0,548.0,1,-1,-1,-1
1513,1,411.0,372.0,229.0,545.0,1,-1,-1,-1
1514,1,431.0,366.0,217.0,555.0,1,-1,-1,-1
1515,1,441.0,363.0,216.0,562.0,1,-1,-1,-1
1516,1,450.0,365.0,221.0,554.0,1,-1,-1,-1
1517,1,458.0,368.0,220.0,550.0,1,-1,-1,-1
1518,1,462.0,368.0,232.0,547.0,1,-1,-1,-1
1519,1,464.0,368.0,236.0,546.0,1,-1,-1,-1
1520,1,470.0,364.0,236.0,551.0,1,-1,-1,-1
1521,1,475.0,361.0,236.0,555.0,1,-1,-1,-1
1522,1,479.0,359.0,242.0,559.0,1,-1,-1,-1
1523,1,483.0,359.0,241.0,559.0,1,-1,-1,-1
1524,1,486.0,361.0,242.0,554.0,1,-1,-1,-1
1525,1,489.0,367.0,241.0,547.0,1,-1,-1,-1
1526,1,488.0,369.0,242.0,540.0,1,-1,-1,-1
1527,1,498.0,363.0,237.0,543.0,1,-1,-1,-1
1528,1,502.0,369.0,232.0,537.0,1,-1,-1,-1
1529,1,506.0,372.0,228.0,537.0,1,-1,-1,-1
1530,1,510.0,370.0,224.0,538.0,1,-1,-1,-1
1531,1,516.0,370.0,220.0,538.0,1,-1,-1,-1
1532,1,516.0,374.0,217.0,527.0,1,-1,-1,-1
1533,1,520.0,372.0,211.0,531.0,1,-1,-1,-1
1534,1,525.0,379.0,220.0,530.0,1,-1,-1,-1
1535,1,530.0,381.0,236.0,530.0,1,-1,-1,-1
1536,1,535.0,387.0,247.0,524.0,1,-1,-1,-1
1537,1,540.0,395.0,258.0,523.0,1,-1,-1,-1
1538,1,540.0,397.0,258.0,523.0,1,-1,-1,-1
1539,1,546.0,394.0,249.0,526.0,1,-1,-1,-1
1540,1,550.0,392.0,244.0,531.0,1,-1,-1,-1
1541,1,559.0,386.0,235.0,535.0,1,-1,-1,-1
1542,1,564.0,380.0,227.0,541.0,1,-1,-1,-1
1543,1,563.0,374.0,224.0,547.0,1,-1,-1,-1
1544,1,562.0,368.0,226.0,550.0,1,-1,-1,-1
1545,1,562.0,363.0,230.0,553.0,1,-1,-1,-1
1546,1,563.0,358.0,229.0,554.0,1,-1,-1,-1
1547,1,563.0,351.0,232.0,560.0,1,-1,-1,-1
1548,1,563.0,347.0,232.0,567.0,1,-1,-1,-1
1549,1,562.0,344.0,233.0,570.0,1,-1,-1,-1
1550,1,560.0,349.0,233.0,567.0,1,-1,-1,-1
1551,1,557.0,349.0,237.0,570.0,1,-1,-1,-1
1552,1,562.0,349.0,230.0,570.0,1,-1,-1,-1
1553,1,557.0,352.0,236.0,570.0,1,-1,-1,-1
1554,1,559.0,357.0,235.0,569.0,1,-1,-1,-1
1555,1,558.0,357.0,234.0,571.0,1,-1,-1,-1
1556,1,554.0,358.0,237.0,570.0,1,-1,-1,-1
1557,1,550.0,356.0,242.0,570.0,1,-1,-1,-1
1558,1,548.0,356.0,243.0,572.0,1,-1,-1,-1
1559,1,545.0,354.0,247.0,567.0,1,-1,-1,-1
1560,1,549.0,352.0,237.0,565.0,1,-1,-1,-1
1561,1,551.0,349.0,237.0,563.0,1,-1,-1,-1
1562,1,553.0,346.0,236.0,572.0,1,-1,-1,-1
1563,1,552.0,349.0,238.0,568.0,1,-1,-1,-1
1564,1,550.0,352.0,240.0,560.0,1,-1,-1,-1
1565,1,546.0,360.0,248.0,557.0,1,-1,-1,-1
1566,1,549.0,359.0,243.0,560.0,1,-1,-1,-1
1567,1,541.0,359.0,252.0,562.0,1,-1,-1,-1
1568,1,542.0,362.0,250.0,562.0,1,-1,-1,-1
1569,1,545.0,364.0,250.0,560.0,1,-1,-1,-1
1570,1,545.0,370.0,248.0,555.0,1,-1,-1,-1
1571,1,543.0,368.0,251.0,557.0,1,-1,-1,-1
1572,1,541.0,367.0,253.0,556.0,1,-1,-1,-1
1573,1,542.0,364.0,251.0,557.0,1,-1,-1,-1
1574,1,544.0,360.0,247.0,561.0,1,-1,-1,-1
1575,1,545.0,359.0,242.0,560.0,1,-1,-1,-1
1576,1,545.0,356.0,240.0,562.0,1,-1,-1,-1
1577,1,544.0,350.0,237.0,566.0,1,-1,-1,-1
1578,1,540.0,348.0,234.0,570.0,1,-1,-1,-1
1579,1,537.0,351.0,237.0,563.0,1,-1,-1,-1
1580,1,537.0,354.0,234.0,558.0,1,-1,-1,-1
1581,1,537.0,359.0,230.0,555.0,1,-1,-1,-1
1582,1,534.0,366.0,235.0,548.0,1,-1,-1,-1
1583,1,535.0,373.0,231.0,541.0,1,-1,-1,-1
1584,1,537.0,374.0,235.0,537.0,1,-1,-1,-1
1585,1,536.0,379.0,237.0,533.0,1,-1,-1,-1
1586,1,532.0,385.0,242.0,531.0,1,-1,-1,-1
1587,1,528.0,389.0,246.0,524.0,1,-1,-1,-1
1588,1,525.0,390.0,247.0,524.0,1,-1,-1,-1
1589,1,526.0,387.0,247.0,527.0,1,-1,-1,-1
1590,1,525.0,384.0,248.0,531.0,1,-1,-1,-1
1591,1,526.0,381.0,247.0,532.0,1,-1,-1,-1
1592,1,528.0,378.0,247.0,532.0,1,-1,-1,-1
1593,1,531.0,376.0,248.0,536.0,1,-1,-1,-1
1594,1,535.0,373.0,246.0,538.0,1,-1,-1,-1
1595,1,536.0,371.0,246.0,541.0,1,-1,-1,-1
1596,1,540.0,368.0,245.0,548.0,1,-1,-1,-1
1597,1,542.0,367.0,246.0,551.0,1,-1,-1,-1
1598,1,544.0,368.0,253.0,551.0,1,-1,-1,-1
1599,1,543.0,372.0,259.0,550.0,1,-1,-1,-1
1600,1,542.0,380.0,260.0,541.0,1,-1,-1,-1
1601,1,542.0,383.0,265.0,542.0,1,-1,-1,-1
1602,1,541.0,389.0,268.0,534.0,1,-1,-1,-1
1603,1,537.0,393.0,282.0,530.0,1,-1,-1,-1
1604,1,538.0,392.0,284.0,531.0,1,-1,-1,-1
1605,1,540.0,388.0,276.0,532.0,1,-1,-1,-1
1606,1,544.0,377.0,271.0,542.0,1,-1,-1,-1
1607,1,544.0,372.0,269.0,549.0,1,-1,-1,-1
1608,1,546.0,368.0,267.0,554.0,1,-1,-1,-1
1609,1,552.0,361.0,258.0,560.0,1,-1,-1,-1
1610,1,567.0,356.0,240.0,563.0,1,-1,-1,-1
1611,1,583.0,356.0,223.0,562.0,1,-1,-1,-1
1612,1,585.0,354.0,218.0,564.0,1,-1,-1,-1
1613,1,585.0,353.0,216.0,563.0,1,-1,-1,-1
1614,1,588.0,350.0,209.0,561.0,1,-1,-1,-1
1615,1,588.0,351.0,211.0,564.0,1,-1,-1,-1
1616,1,592.0,352.0,209.0,563.0,1,-1,-1,-1
1617,1,591.0,352.0,207.0,564.0,1,-1,-1,-1
1618,1,589.0,356.0,210.0,558.0,1,-1,-1,-1
1619,1,586.0,359.0,212.0,561.0,1,-1,-1,-1
1620,1,588.0,361.0,214.0,551.0,1,-1,-1,-1
1621,1,585.0,360.0,216.0,551.0,1,-1,-1,-1
1622,1,583.0,363.0,217.0,554.0,1,-1,-1,-1
1623,1,582.0,359.0,220.0,557.0,1,-1,-1,-1
1624,1,577.0,358.0,227.0,556.0,1,-1,-1,-1
1625,1,578.0,356.0,226.0,554.0,1,-1,-1,-1
1626,1,573.0,357.0,233.0,558.0,1,-1,-1,-1
1627,1,568.0,356.0,241.0,560.0,1,-1,-1,-1
1628,1,566.0,354.0,238.0,563.0,1,-1,-1,-1
1629,1,558.0,358.0,248.0,557.0,1,-1,-1,-1
1630,1,557.0,358.0,251.0,557.0,1,-1,-1,-1
1631,1,553.0,367.0,254.0,550.0,1,-1,-1,-1
1632,1,551.0,373.0,255.0,544.0,1,-1,-1,-1
1633,1,550.0,376.0,257.0,544.0,1,-1,-1,-1
1634,1,547.0,379.0,263.0,541.0,1,-1,-1,-1
1635,1,545.0,379.0,265.0,541.0,1,-1,-1,-1
1636,1,541.0,378.0,264.0,544.0,1,-1,-1,-1
1637,1,539.0,378.0,264.0,543.0,1,-1,-1,-1
1638,1,536.0,374.0,268.0,546.0,1,-1,-1,-1
1639,1,532.0,371.0,274.0,545.0,1,-1,-1,-1
1640,1,529.0,366.0,278.0,552.0,1,-1,-1,-1
1641,1,526.0,359.0,280.0,557.0,1,-1,-1,-1
1642,1,522.0,357.0,283.0,550.0,1,-1,-1,-1
1643,1,519.0,357.0,285.0,550.0,1,-1,-1,-1
1644,1,512.0,355.0,295.0,548.0,1,-1,-1,-1
1645,1,502.0,355.0,310.0,545.0,1,-1,-1,-1
1646,1,494.0,361.0,318.0,543.0,1,-1,-1,-1
1647,1,488.0,369.0,317.0,535.0,1,-1,-1,-1
1648,1,481.0,374.0,319.0,532.0,1,-1,-1,-1
1649,1,473.0,378.0,324.0,533.0,1,-1,-1,-1
1650,1,465.0,378.0,331.0,534.0,1,-1,-1,-1
1651,1,462.0,378.0,333.0,530.0,1,-1,-1,-1
1652,1,458.0,376.0,339.0,528.0,1,-1,-1,-1
1653,1,458.0,372.0,340.0,532.0,1,-1,-1,-1
1654,1,456.0,369.0,344.0,537.0,1,-1,-1,-1
1655,1,459.0,362.0,347.0,539.0,1,-1,-1,-1
1656,1,460.0,360.0,346.0,545.0,1,-1,-1,-1
1657,1,463.0,357.0,345.0,551.0,1,-1,-1,-1
1658,1,466.0,353.0,344.0,553.0,1,-1,-1,-1
1659,1,470.0,350.0,346.0,555.0,1,-1,-1,-1
1660,1,479.0,346.0,334.0,559.0,1,-1,-1,-1
1661,1,483.0,348.0,325.0,555.0,1,-1,-1,-1
1662,1,488.0,353.0,312.0,550.0,1,-1,-1,-1
1663,1,499.0,356.0,303.0,545.0,1,-1,-1,-1
1664,1,511.0,359.0,294.0,547.0,1,-1,-1,-1
1665,1,508.0,365.0,300.0,546.0,1,-1,-1,-1
1666,1,498.0,373.0,303.0,539.0,1,-1,-1,-1
1667,1,496.0,377.0,299.0,535.0,1,-1,-1,-1
1668,1,481.0,379.0,325.0,532.0,1,-1,-1,-1
1669,1,483.0,377.0,316.0,534.0,1,-1,-1,-1
1670,1,479.0,376.0,320.0,533.0,1,-1,-1,-1
1671,1,487.0,376.0,323.0,528.0,1,-1,-1,-1
1672,1,496.0,372.0,314.0,528.0,1,-1,-1,-1
1673,1,503.0,368.0,299.0,534.0,1,-1,-1,-1
1674,1,511.0,367.0,287.0,538.0,1,-1,-1,-1
1675,1,522.0,359.0,278.0,546.0,1,-1,-1,-1
1676,1,528.0,359.0,268.0,540.0,1,-1,-1,-1
1677,1,540.0,353.0,261.0,544.0,1,-1,-1,-1
1678,1,550.0,354.0,253.0,541.0,1,-1,-1,-1
1679,1,553.0,353.0,257.0,545.0,1,-1,-1,-1
1680,1,560.0,359.0,256.0,537.0,1,-1,-1,-1
1681,1,562.0,363.0,255.0,533.0,1,-1,-1,-1
1682,1,562.0,372.0,268.0,520.0,1,-1,-1,-1
1683,1,563.0,379.0,266.0,507.0,1,-1,-1,-1
1684,1,572.0,382.0,250.0,497.0,1,-1,-1,-1
1685,1,579.0,386.0,236.0,496.0,1,-1,-1,-1
1686,1,578.0,386.0,238.0,502.0,1,-1,-1,-1
1687,1,578.0,387.0,236.0,497.0,1,-1,-1,-1
1688,1,578.0,386.0,229.0,498.0,1,-1,-1,-1
1689,1,577.0,383.0,230.0,499.0,1,-1,-1,-1
1690,1,572.0,383.0,232.0,507.0,1,-1,-1,-1
1691,1,571.0,377.0,234.0,515.0,1,-1,-1,-1
1692,1,569.0,374.0,231.0,517.0,1,-1,-1,-1
1693,1,571.0,373.0,225.0,521.0,1,-1,-1,-1
1694,1,571.0,370.0,225.0,527.0,1,-1,-1,-1
1695,1,571.0,366.0,227.0,536.0,1,-1,-1,-1
1696,1,574.0,370.0,222.0,531.0,1,-1,-1,-1
1697,1,575.0,369.0,222.0,536.0,1,-1,-1,-1
1698,1,576.0,371.0,221.0,543.0,1,-1,-1,-1
1699,1,576.0,371.0,222.0,540.0,1,-1,-1,-1
1700,1,574.0,375.0,223.0,540.0,1,-1,-1,-1
1701,1,575.0,383.0,222.0,536.0,1,-1,-1,-1
1702,1,575.0,390.0,226.0,530.0,1,-1,-1,-1
1703,1,572.0,384.0,229.0,535.0,1,-1,-1,-1
1704,1,575.0,384.0,232.0,533.0,1,-1,-1,-1
1705,1,571.0,386.0,237.0,531.0,1,-1,-1,-1
1706,1,570.0,385.0,238.0,532.0,1,-1,-1,-1
1707,1,579.0,388.0,232.0,525.0,1,-1,-1,-1
1708,1,585.0,387.0,228.0,526.0,1,-1,-1,-1
1709,1,589.0,384.0,227.0,533.0,1,-1,-1,-1
1710,1,587.0,388.0,234.0,530.0,1,-1,-1,-1
1711,1,584.0,390.0,234.0,527.0,1,-1,-1,-1
1712,1,581.0,393.0,241.0,521.0,1,-1,-1,-1
1713,1,578.0,397.0,246.0,526.0,1,-1,-1,-1
1714,1,575.0,401.0,248.0,523.0,1,-1,-1,-1
1715,1,574.0,406.0,253.0,522.0,1,-1,-1,-1
1716,1,571.0,407.0,259.0,521.0,1,-1,-1,-1
1717,1,570.0,407.0,261.0,520.0,1,-1,-1,-1
1718,1,567.0,405.0,261.0,521.0,1,-1,-1,-1
1719,1,565.0,404.0,264.0,522.0,1,-1,-1,-1
1720,1,565.0,398.0,257.0,529.0,1,-1,-1,-1
1721,1,560.0,397.0,255.0,526.0,1,-1,-1,-1
1722,1,558.0,396.0,251.0,523.0,1,-1,-1,-1
1723,1,547.0,395.0,261.0,522.0,1,-1,-1,-1
1724,1,540.0,388.0,265.0,528.0,1,-1,-1,-1
1725,1,528.0,386.0,273.0,523.0,1,-1,-1,-1
1726,1,524.0,383.0,277.0,527.0,1,-1,-1,-1
1727,1,513.0,382.0,285.0,530.0,1,-1,-1,-1
1728,1,510.0,389.0,286.0,527.0,1,-1,-1,-1
1729,1,500.0,389.0,297.0,530.0,1,-1,-1,-1
1730,1,500.0,390.0,295.0,529.0,1,-1,-1,-1
1731,1,495.0,390.0,302.0,529.0,1,-1,-1,-1
1732,1,493.0,392.0,305.0,525.0,1,-1,-1,-1
1733,1,489.0,394.0,304.0,522.0,1,-1,-1,-1
1734,1,491.0,395.0,300.0,520.0,1,-1,-1,-1
1735,1,493.0,391.0,295.0,527.0,1,-1,-1,-1
1736,1,491.0,388.0,295.0,528.0,1,-1,-1,-1
1737,1,487.0,380.0,295.0,536.0,1,-1,-1,-1
1738,1,489.0,373.0,286.0,539.0,1,-1,-1,-1
1739,1,487.0,370.0,277.0,539.0,1,-1,-1,-1
1740,1,487.0,366.0,264.0,535.0,1,-1,-1,-1
1741,1,484.0,367.0,255.0,529.0,1,-1,-1,-1
1742,1,484.0,363.0,246.0,529.0,1,-1,-1,-1
1743,1,481.0,365.0,243.0,534.0,1,-1,-1,-1
1744,1,482.0,366.0,241.0,527.0,1,-1,-1,-1
1745,1,479.0,370.0,236.0,530.0,1,-1,-1,-1
1746,1,477.0,371.0,239.0,526.0,1,-1,-1,-1
1747,1,476.0,376.0,238.0,529.0,1,-1,-1,-1
1748,1,476.0,380.0,241.0,525.0,1,-1,-1,-1
1749,1,477.0,382.0,241.0,520.0,1,-1,-1,-1
1750,1,477.0,383.0,242.0,518.0,1,-1,-1,-1
1751,1,478.0,382.0,239.0,513.0,1,-1,-1,-1
1752,1,478.0,380.0,238.0,514.0,1,-1,-1,-1
1753,1,476.0,380.0,238.0,512.0,1,-1,-1,-1
1754,1,476.0,378.0,237.0,518.0,1,-1,-1,-1
1755,1,476.0,377.0,235.0,520.0,1,-1,-1,-1
1756,1,477.0,375.0,233.0,523.0,1,-1,-1,-1
1757,1,474.0,374.0,233.0,527.0,1,-1,-1,-1
1758,1,475.0,374.0,231.0,525.0,1,-1,-1,-1
1759,1,477.0,378.0,231.0,524.0,1,-1,-1,-1
1760,1,476.0,377.0,230.0,529.0,1,-1,-1,-1
1761,1,477.0,380.0,230.0,532.0,1,-1,-1,-1
1762,1,475.0,385.0,231.0,532.0,1,-1,-1,-1
1763,1,475.0,386.0,230.0,533.0,1,-1,-1,-1
1764,1,473.0,387.0,231.0,535.0,1,-1,-1,-1
1765,1,476.0,383.0,234.0,534.0,1,-1,-1,-1
1766,1,478.0,383.0,234.0,531.0,1,-1,-1,-1
1767,1,479.0,381.0,237.0,535.0,1,-1,-1,-1
1768,1,475.0,376.0,243.0,541.0,1,-1,-1,-1
1769,1,472.0,379.0,254.0,535.0,1,-1,-1,-1
1770,1,471.0,377.0,260.0,534.0,1,-1,-1,-1
1771,1,460.0,382.0,276.0,531.0,1,-1,-1,-1
1772,1,457.0,381.0,281.0,526.0,1,-1,-1,-1
1773,1,449.0,379.0,296.0,530.0,1,-1,-1,-1
1774,1,441.0,381.0,309.0,528.0,1,-1,-1,-1
1775,1,426.0,383.0,332.0,524.0,1,-1,-1,-1
1776,1,419.0,389.0,338.0,521.0,1,-1,-1,-1
1777,1,404.0,392.0,355.0,522.0,1,-1,-1,-1
1778,1,396.0,399.0,359.0,511.0,1,-1,-1,-1
1779,1,390.0,401.0,364.0,513.0,1,-1,-1,-1
1780,1,387.0,397.0,362.0,523.0,1,-1,-1,-1
1781,1,378.0,395.0,373.0,525.0,1,-1,-1,-1
1782,1,378.0,387.0,369.0,534.0,1,-1,-1,-1
1783,1,384.0,389.0,364.0,529.0,1,-1,-1,-1
1784,1,392.0,376.0,354.0,541.0,1,-1,-1,-1
1785,1,392.0,371.0,350.0,546.0,1,-1,-1,-1
1786,1,391.0,369.0,351.0,547.0,1,-1,-1,-1
1787,1,403.0,362.0,339.0,548.0,1,-1,-1,-1
1788,1,411.0,362.0,331.0,544.0,1,-1,-1,-1
1789,1,420.0,362.0,321.0,545.0,1,-1,-1,-1
1790,1,428.0,355.0,308.0,547.0,1,-1,-1,-1
1791,1,443.0,353.0,289.0,547.0,1,-1,-1,-1
1792,1,454.0,349.0,276.0,535.0,1,-1,-1,-1
1793,1,463.0,349.0,269.0,539.0,1,-1,-1,-1
1794,1,480.0,350.0,261.0,541.0,1,-1,-1,-1
1795,1,500.0,350.0,254.0,543.0,1,-1,-1,-1
1796,1,514.0,354.0,270.0,548.0,1,-1,-1,-1
1797,1,516.0,357.0,283.0,543.0,1,-1,-1,-1
1798,1,514.0,358.0,299.0,545.0,1,-1,-1,-1
1799,1,517.0,360.0,302.0,543.0,1,-1,-1,-1
1800,1,518.0,364.0,304.0,541.0,1,-1,-1,-1
1801,1,520.0,374.0,304.0,530.0,1,-1,-1,-1
1802,1,520.0,375.0,307.0,529.0,1,-1,-1,-1
1803,1,519.0,375.0,313.0,528.0,1,-1,-1,-1
1804,1,519.0,372.0,315.0,532.0,1,-1,-1,-1
1805,1,517.0,373.0,316.0,527.0,1,-1,-1,-1
1806,1,519.0,367.0,301.0,532.0,1,-1,-1,-1
1807,1,522.0,361.0,292.0,538.0,1,-1,-1,-1
1808,1,523.0,360.0,277.0,538.0,1,-1,-1,-1
1809,1,513.0,359.0,265.0,540.0,1,-1,-1,-1
1810,1,509.0,359.0,253.0,540.0,1,-1,-1,-1
1811,1,505.0,359.0,253.0,538.0,1,-1,-1,-1
1812,1,499.0,360.0,260.0,542.0,1,-1,-1,-1
1813,1,496.0,364.0,266.0,534.0,1,-1,-1,-1
1814,1,497.0,366.0,267.0,527.0,1,-1,-1,-1
1815,1,495.0,371.0,270.0,523.0,1,-1,-1,-1
1816,1,502.0,379.0,262.0,523.0,1,-1,-1,-1
1817,1,506.0,380.0,263.0,518.0,1,-1,-1,-1
1818,1,507.0,380.0,262.0,515.0,1,-1,-1,-1
1819,1,507.0,379.0,260.0,516.0,1,-1,-1,-1
1820,1,512.0,377.0,258.0,519.0,1,-1,-1,-1
1821,1,520.0,377.0,247.0,517.0,1,-1,-1,-1
1822,1,521.0,371.0,248.0,521.0,1,-1,-1,-1
1823,1,524.0,366.0,229.0,516.0,1,-1,-1,-1
1824,1,523.0,360.0,221.0,527.0,1,-1,-1,-1
1825,1,521.0,360.0,213.0,534.0,1,-1,-1,-1
1826,1,520.0,358.0,209.0,536.0,1,-1,-1,-1
1827,1,515.0,355.0,210.0,543.0,1,-1,-1,-1
1828,1,513.0,356.0,205.0,542.0,1,-1,-1,-1
1829,1,508.0,356.0,207.0,554.0,1,-1,-1,-1
1830,1,499.0,357.0,210.0,558.0,1,-1,-1,-1
1831,1,490.0,360.0,215.0,554.0,1,-1,-1,-1
1832,1,488.0,365.0,216.0,553.0,1,-1,-1,-1
1833,1,489.0,366.0,217.0,553.0,1,-1,-1,-1
1834,1,485.0,365.0,218.0,555.0,1,-1,-1,-1
1835,1,484.0,365.0,218.0,554.0,1,-1,-1,-1
1836,1,488.0,365.0,214.0,551.0,1,-1,-1,-1
1837,1,487.0,364.0,215.0,556.0,1,-1,-1,-1
1838,1,487.0,363.0,215.0,554.0,1,-1,-1,-1
1839,1,490.0,361.0,215.0,556.0,1,-1,-1,-1
1840,1,489.0,362.0,215.0,555.0,1,-1,-1,-1
1841,1,487.0,362.0,215.0,554.0,1,-1,-1,-1
1842,1,485.0,365.0,217.0,551.0,1,-1,-1,-1
1843,1,484.0,370.0,218.0,546.0,1,-1,-1,-1
1844,1,482.0,374.0,221.0,544.0,1,-1,-1,-1
1845,1,481.0,378.0,223.0,540.0,1,-1,-1,-1
1846,1,479.0,380.0,228.0,539.0,1,-1,-1,-1
1847,1,473.0,390.0,237.0,526.0,1,-1,-1,-1
1848,1,471.0,393.0,237.0,524.0,1,-1,-1,-1
1849,1,468.0,396.0,244.0,521.0,1,-1,-1,-1
1850,1,464.0,400.0,250.0,515.0,1,-1,-1,-1
1851,1,461.0,405.0,255.0,510.0,1,-1,-1,-1
1852,1,459.0,419.0,260.0,497.0,1,-1,-1,-1
1853,1,458.0,425.0,262.0,490.0,1,-1,-1,-1
1854,1,456.0,432.0,267.0,482.0,1,-1,-1,-1
1855,1,449.0,441.0,275.0,472.0,1,-1,-1,-1
1856,1,442.0,448.0,281.0,466.0,1,-1,-1,-1
1857,1,439.0,454.0,288.0,461.0,1,-1,-1,-1
1858,1,434.0,459.0,294.0,456.0,1,-1,-1,-1
1859,1,425.0,467.0,302.0,449.0,1,-1,-1,-1
1860,1,415.0,476.0,315.0,440.0,1,-1,-1,-1
1861,1,404.0,477.0,324.0,439.0,1,-1,-1,-1
1862,1,396.0,475.0,333.0,443.0,1,-1,-1,-1
1863,1,391.0,471.0,341.0,447.0,1,-1,-1,-1
1864,1,389.0,458.0,340.0,462.0,1,-1,-1,-1
1865,1,383.0,451.0,347.0,469.0,1,-1,-1,-1
1866,1,391.0,438.0,338.0,481.0,1,-1,-1,-1
1867,1,391.0,426.0,340.0,491.0,1,-1,-1,-1
1868,1,400.0,418.0,335.0,498.0,1,-1,-1,-1
1869,1,409.0,407.0,326.0,509.0,1,-1,-1,-1
1870,1,427.0,400.0,307.0,516.0,1,-1,-1,-1
1871,1,443.0,396.0,288.0,520.0,1,-1,-1,-1
1872,1,454.0,386.0,278.0,530.0,1,-1,-1,-1
1873,1,463.0,374.0,270.0,538.0,1,-1,-1,-1
1874,1,465.0,371.0,265.0,540.0,1,-1,-1,-1
1875,1,467.0,362.0,257.0,553.0,1,-1,-1,-1
1876,1,468.0,357.0,253.0,553.0,1,-1,-1,-1
1877,1,471.0,352.0,251.0,559.0,1,-1,-1,-1
1878,1,472.0,350.0,247.0,572.0,1,-1,-1,-1
1879,1,472.0,343.0,241.0,584.0,1,-1,-1,-1
1880,1,474.0,339.0,236.0,587.0,1,-1,-1,-1
1881,1,476.0,337.0,228.0,591.0,1,-1,-1,-1
1882,1,477.0,333.0,220.0,594.0,1,-1,-1,-1
1883,1,476.0,332.0,218.0,593.0,1,-1,-1,-1
1884,1,477.0,331.0,212.0,592.0,1,-1,-1,-1
1885,1,477.0,332.0,209.0,588.0,1,-1,-1,-1
1886,1,477.0,329.0,206.0,591.0,1,-1,-1,-1
1887,1,483.0,329.0,199.0,586.0,1,-1,-1,-1
1888,1,488.0,327.0,195.0,576.0,1,-1,-1,-1
1889,1,490.0,327.0,194.0,575.0,1,-1,-1,-1
1890,1,490.0,326.0,196.0,584.0,1,-1,-1,-1
1891,1,489.0,325.0,201.0,588.0,1,-1,-1,-1
1892,1,490.0,327.0,199.0,588.0,1,-1,-1,-1
1893,1,488.0,329.0,196.0,587.0,1,-1,-1,-1
1894,1,492.0,329.0,195.0,595.0,1,-1,-1,-1
1895,1,493.0,329.0,196.0,598.0,1,-1,-1,-1
1896,1,493.0,330.0,198.0,600.0,1,-1,-1,-1
1897,1,492.0,331.0,199.0,597.0,1,-1,-1,-1
1898,1,491.0,334.0,200.0,595.0,1,-1,-1,-1
1899,1,493.0,333.0,199.0,598.0,1,-1,-1,-1
1900,1,491.0,337.0,195.0,593.0,1,-1,-1,-1
1901,1,492.0,336.0,192.0,593.0,1,-1,-1,-1
1902,1,494.0,337.0,190.0,592.0,1,-1,-1,-1
1903,1,494.0,337.0,187.0,591.0,1,-1,-1,-1
1904,1,493.0,339.0,191.0,590.0,1,-1,-1,-1
1905,1,494.0,341.0,191.0,587.0,1,-1,-1,-1
1906,1,494.0,345.0,190.0,584.0,1,-1,-1,-1
1907,1,497.0,351.0,189.0,579.0,1,-1,-1,-1
1908,1,497.0,355.0,193.0,576.0,1,-1,-1,-1
1909,1,495.0,358.0,196.0,575.0,1,-1,-1,-1
1910,1,494.0,359.0,200.0,573.0,1,-1,-1,-1
1911,1,493.0,365.0,202.0,566.0,1,-1,-1,-1
1912,1,490.0,369.0,210.0,562.0,1,-1,-1,-1
1913,1,490.0,372.0,214.0,557.0,1,-1,-1,-1
1914,1,490.0,375.0,221.0,550.0,1,-1,-1,-1
1915,1,490.0,376.0,225.0,548.0,1,-1,-1,-1
1916,1,489.0,377.0,229.0,547.0,1,-1,-1,-1
1917,1,488.0,378.0,232.0,547.0,1,-1,-1,-1
1918,1,489.0,382.0,232.0,543.0,1,-1,-1,-1
1919,1,489.0,383.0,237.0,544.0,1,-1,-1,-1
1920,1,490.0,387.0,241.0,535.0,1,-1,-1,-1
1921,1,487.0,387.0,250.0,537.0,1,-1,-1,-1
1922,1,480.0,391.0,259.0,537.0,1,-1,-1,-1
1923,1,476.0,397.0,265.0,531.0,1,-1,-1,-1
1924,1,477.0,410.0,266.0,518.0,1,-1,-1,-1
1925,1,472.0,412.0,271.0,521.0,1,-1,-1,-1
1926,1,474.0,420.0,264.0,513.0,1,-1,-1,-1
1927,1,479.0,429.0,257.0,501.0,1,-1,-1,-1
1928,1,479.0,432.0,250.0,497.0,1,-1,-1,-1
1929,1,480.0,432.0,243.0,496.0,1,-1,-1,-1
1930,1,476.0,431.0,235.0,498.0,1,-1,-1,-1
1931,1,482.0,430.0,226.0,502.0,1,-1,-1,-1
1932,1,487.0,429.0,221.0,502.0,1,-1,-1,-1
1933,1,482.0,424.0,224.0,507.0,1,-1,-1,-1
1934,1,484.0,421.0,223.0,507.0,1,-1,-1,-1
1935,1,483.0,413.0,224.0,519.0,1,-1,-1,-1
1936,1,481.0,405.0,224.0,527.0,1,-1,-1,-1
1937,1,482.0,395.0,223.0,536.0,1,-1,-1,-1
1938,1,483.0,386.0,223.0,546.0,1,-1,-1,-1
1939,1,485.0,377.0,223.0,553.0,1,-1,-1,-1
1940,1,481.0,368.0,227.0,562.0,1,-1,-1,-1
1941,1,476.0,361.0,229.0,564.0,1,-1,-1,-1
1942,1,472.0,357.0,232.0,565.0,1,-1,-1,-1
1943,1,466.0,344.0,237.0,576.0,1,-1,-1,-1
1944,1,461.0,337.0,241.0,582.0,1,-1,-1,-1
1945,1,459.0,334.0,239.0,580.0,1,-1,-1,-1
1946,1,458.0,331.0,239.0,579.0,1,-1,-1,-1
1947,1,450.0,326.0,245.0,583.0,1,-1,-1,-1
1948,1,439.0,320.0,253.0,587.0,1,-1,-1,-1
1949,1,432.0,318.0,258.0,585.0,1,-1,-1,-1
1950,1,423.0,319.0,268.0,583.0,1,-1,-1,-1
1951,1,421.0,321.0,268.0,579.0,1,-1,-1,-1
1952,1,412.0,324.0,278.0,583.0,1,-1,-1,-1
1953,1,405.0,323.0,291.0,588.0,1,-1,-1,-1
1954,1,390.0,326.0,313.0,593.0,1,-1,-1,-1
1955,1,379.0,327.0,329.0,602.0,1,-1,-1,-1
1956,1,365.0,332.0,349.0,605.0,1,-1,-1,-1
1957,1,356.0,330.0,360.0,604.0,1,-1,-1,-1
1958,1,349.0,335.0,368.0,601.0,1,-1,-1,-1
1959,1,347.0,343.0,380.0,595.0,1,-1,-1,-1
1960,1,345.0,352.0,365.0,590.0,1,-1,-1,-1
1961,1,340.0,355.0,366.0,585.0,1,-1,-1,-1
1962,1,338.0,356.0,359.0,581.0,1,-1,-1,-1
1963,1,348.0,365.0,372.0,573.0,1,-1,-1,-1
1964,1,347.0,369.0,367.0,562.0,1,-1,-1,-1
1965,1,348.0,366.0,364.0,564.0,1,-1,-1,-1
1966,1,348.0,361.0,360.0,574.0,1,-1,-1,-1
1967,1,346.0,350.0,357.0,588.0,1,-1,-1,-1
1968,1,345.0,350.0,355.0,579.0,1,-1,-1,-1
1969,1,349.0,349.0,356.0,588.0,1,-1,-1,-1
1970,1,347.0,335.0,359.0,601.0,1,-1,-1,-1
1971,1,346.0,333.0,361.0,600.0,1,-1,-1,-1
1972,1,348.0,327.0,359.0,607.0,1,-1,-1,-1
1973,1,351.0,321.0,355.0,604.0,1,-1,-1,-1
1974,1,357.0,315.0,350.0,610.0,1,-1,-1,-1
1975,1,358.0,313.0,347.0,612.0,1,-1,-1,-1
1976,1,359.0,311.0,345.0,616.0,1,-1,-1,-1
1977,1,354.0,309.0,349.0,616.0,1,-1,-1,-1
1978,1,349.0,309.0,353.0,614.0,1,-1,-1,-1
1979,1,349.0,305.0,356.0,613.0,1,-1,-1,-1
1980,1,348.0,305.0,360.0,607.0,1,-1,-1,-1
1981,1,348.0,307.0,366.0,602.0,1,-1,-1,-1
1982,1,345.0,310.0,370.0,596.0,1,-1,-1,-1
1983,1,344.0,316.0,380.0,594.0,1,-1,-1,-1
1984,1,339.0,322.0,381.0,585.0,1,-1,-1,-1
1985,1,333.0,326.0,387.0,591.0,1,-1,-1,-1
1986,1,337.0,336.0,394.0,593.0,1,-1,-1,-1
1987,1,337.0,341.0,396.0,596.0,1,-1,-1,-1
1988,1,340.0,357.0,387.0,586.0,1,-1,-1,-1
1989,1,331.0,361.0,393.0,584.0,1,-1,-1,-1
1990,1,331.0,369.0,392.0,580.0,1,-1,-1,-1
1991,1,330.0,377.0,393.0,573.0,1,-1,-1,-1
1992,1,326.0,385.0,395.0,565.0,1,-1,-1,-1
1993,1,326.0,393.0,397.0,555.0,1,-1,-1,-1
1994,1,329.0,393.0,396.0,553.0,1,-1,-1,-1
1995,1,331.0,390.0,395.0,555.0,1,-1,-1,-1
1996,1,334.0,395.0,392.0,551.0,1,-1,-1,-1
1997,1,336.0,397.0,396.0,550.0,1,-1,-1,-1
1998,1,338.0,398.0,396.0,548.0,1,-1,-1,-1
1999,1,344.0,387.0,391.0,558.0,1,-1,-1,-1
2000,1,347.0,374.0,393.0,574.0,1,-1,-1,-1
2001,1,350.0,354.0,393.0,596.0,1,-1,-1,-1
2002,1,347.0,337.0,396.0,614.0,1,-1,-1,-1
2003,1,320.0,340.0,409.0,606.0,1,-1,-1,-1
2004,1,313.0,333.0,404.0,614.0,1,-1,-1,-1
2005,1,325.0,320.0,396.0,627.0,1,-1,-1,-1
2006,1,323.0,304.0,392.0,638.0,1,-1,-1,-1
2007,1,335.0,293.0,367.0,648.0,1,-1,-1,-1
2008,1,349.0,277.0,341.0,671.0,1,-1,-1,-1
2009,1,361.0,265.0,322.0,681.0,1,-1,-1,-1
2010,1,380.0,266.0,301.0,668.0,1,-1,-1,-1
2011,1,390.0,270.0,302.0,665.0,1,-1,-1,-1
2012,1,400.0,258.0,282.0,675.0,1,-1,-1,-1
2013,1,396.0,264.0,274.0,661.0,1,-1,-1,-1
2014,1,382.0,261.0,279.0,665.0,1,-1,-1,-1
2015,1,373.0,257.0,285.0,671.0,1,-1,-1,-1
2016,1,369.0,279.0,302.0,651.0,1,-1,-1,-1
2017,1,362.0,292.0,322.0,643.0,1,-1,-1,-1
2018,1,361.0,289.0,334.0,644.0,1,-1,-1,-1
2019,1,364.0,287.0,336.0,646.0,1,-1,-1,-1
2020,1,371.0,284.0,336.0,659.0,1,-1,-1,-1
2021,1,396.0,290.0,316.0,649.0,1,-1,-1,-1
2022,1,412.0,309.0,312.0,633.0,1,-1,-1,-1
2023,1,419.0,317.0,314.0,616.0,1,-1,-1,-1
2024,1,436.0,331.0,303.0,596.0,1,-1,-1,-1
2025,1,450.0,348.0,295.0,588.0,1,-1,-1,-1
2026,1,459.0,345.0,288.0,590.0,1,-1,-1,-1
2027,1,457.0,348.0,291.0,595.0,1,-1,-1,-1
2028,1,448.0,340.0,303.0,602.0,1,-1,-1,-1
2029,1,445.0,339.0,302.0,599.0,1,-1,-1,-1
2030,1,434.0,334.0,303.0,598.0,1,-1,-1,-1
2031,1,429.0,332.0,312.0,602.0,1,-1,-1,-1
2032,1,437.0,328.0,311.0,606.0,1,-1,-1,-1
2033,1,430.0,317.0,298.0,622.0,1,-1,-1,-1
2034,1,402.0,305.0,325.0,638.0,1,-1,-1,-1
2035,1,366.0,321.0,370.0,611.0,1,-1,-1,-1
2036,1,353.0,308.0,383.0,627.0,1,-1,-1,-1
2037,1,320.0,301.0,403.0,632.0,1,-1,-1,-1
2038,1,309.0,304.0,425.0,613.0,1,-1,-1,-1
2039,1,310.0,301.0,432.0,607.0,1,-1,-1,-1
2040,1,306.0,303.0,447.0,600.0,1,-1,-1,-1
2041,1,304.0,296.0,469.0,611.0,1,-1,-1,-1
2042,1,306.0,292.0,477.0,613.0,1,-1,-1,-1
2043,1,308.0,289.0,475.0,624.0,1,-1,-1,-1
2044,1,310.0,286.0,482.0,620.0,1,-1,-1,-1
2045,1,324.0,290.0,481.0,612.0,1,-1,-1,-1
2046,1,337.0,290.0,475.0,610.0,1,-1,-1,-1
2047,1,355.0,288.0,462.0,621.0,1,-1,-1,-1
2048,1,380.0,289.0,432.0,628.0,1,-1,-1,-1
2049,1,381.0,300.0,434.0,625.0,1,-1,-1,-1
2050,1,397.0,305.0,415.0,629.0,1,-1,-1,-1
2051,1,413.0,315.0,396.0,621.0,1,-1,-1,-1
2052,1,423.0,321.0,396.0,623.0,1,-1,-1,-1
2053,1,431.0,329.0,394.0,610.0,1,-1,-1,-1
2054,1,440.0,334.0,388.0,605.0,1,-1,-1,-1
2055,1,441.0,343.0,377.0,595.0,1,-1,-1,-1
2056,1,445.0,346.0,365.0,590.0,1,-1,-1,-1
2057,1,444.0,343.0,343.0,597.0,1,-1,-1,-1
2058,1,440.0,338.0,311.0,603.0,1,-1,-1,-1
2059,1,442.0,337.0,293.0,600.0,1,-1,-1,-1
2060,1,442.0,336.0,276.0,600.0,1,-1,-1,-1
2061,1,441.0,334.0,264.0,603.0,1,-1,-1,-1
2062,1,442.0,328.0,257.0,611.0,1,-1,-1,-1
2063,1,446.0,325.0,251.0,616.0,1,-1,-1,-1
2064,1,450.0,320.0,249.0,625.0,1,-1,-1,-1
2065,1,448.0,320.0,255.0,623.0,1,-1,-1,-1
2066,1,446.0,317.0,261.0,627.0,1,-1,-1,-1
2067,1,444.0,309.0,261.0,633.0,1,-1,-1,-1
2068,1,435.0,310.0,269.0,633.0,1,-1,-1,-1
2069,1,435.0,309.0,269.0,633.0,1,-1,-1,-1
2070,1,433.0,303.0,270.0,639.0,1,-1,-1,-1
2071,1,436.0,309.0,265.0,629.0,1,-1,-1,-1
2072,1,440.0,311.0,258.0,627.0,1,-1,-1,-1
2073,1,434.0,315.0,263.0,625.0,1,-1,-1,-1
2074,1,438.0,313.0,258.0,629.0,1,-1,-1,-1
2075,1,436.0,312.0,259.0,631.0,1,-1,-1,-1
2076,1,441.0,317.0,253.0,626.0,1,-1,-1,-1
2077,1,443.0,315.0,250.0,628.0,1,-1,-1,-1
2078,1,438.0,310.0,255.0,634.0,1,-1,-1,-1
2079,1,433.0,307.0,261.0,636.0,1,-1,-1,-1
2080,1,431.0,306.0,264.0,638.0,1,-1,-1,-1
2081,1,432.0,311.0,263.0,639.0,1,-1,-1,-1
2082,1,439.0,307.0,256.0,636.0,1,-1,-1,-1
2083,1,442.0,308.0,255.0,634.0,1,-1,-1,-1
2084,1,445.0,310.0,252.0,631.0,1,-1,-1,-1
2085,1,441.0,310.0,254.0,631.0,1,-1,-1,-1
2086,1,454.0,316.0,240.0,624.0,1,-1,-1,-1
2087,1,470.0,322.0,223.0,620.0,1,-1,-1,-1
2088,1,474.0,321.0,220.0,620.0,1,-1,-1,-1
2089,1,474.0,326.0,220.0,612.0,1,-1,-1,-1
2090,1,468.0,330.0,225.0,604.0,1,-1,-1,-1
2091,1,465.0,331.0,228.0,601.0,1,-1,-1,-1
