1,3,807.0,386.0,164.0,541.0,1,-1,-1,-1
2,3,813.0,381.0,159.0,547.0,1,-1,-1,-1
3,3,819.0,380.0,153.0,542.0,1,-1,-1,-1
4,3,820.0,382.0,153.0,542.0,1,-1,-1,-1
5,3,820.0,382.0,154.0,537.0,1,-1,-1,-1
6,3,822.0,384.0,150.0,533.0,1,-1,-1,-1
7,3,822.0,384.0,147.0,533.0,1,-1,-1,-1
8,3,821.0,384.0,148.0,532.0,1,-1,-1,-1
9,3,820.0,387.0,150.0,534.0,1,-1,-1,-1
10,3,819.0,393.0,149.0,523.0,1,-1,-1,-1
11,3,815.0,398.0,152.0,510.0,1,-1,-1,-1
12,3,810.0,400.0,155.0,510.0,1,-1,-1,-1
13,3,801.0,405.0,161.0,497.0,1,-1,-1,-1
14,3,798.0,404.0,162.0,491.0,1,-1,-1,-1
15,3,789.0,420.0,172.0,462.0,1,-1,-1,-1
16,3,788.0,433.0,174.0,439.0,1,-1,-1,-1
17,3,786.0,442.0,180.0,423.0,1,-1,-1,-1
18,3,781.0,447.0,187.0,416.0,1,-1,-1,-1
19,3,777.0,453.0,191.0,412.0,1,-1,-1,-1
20,3,774.0,454.0,187.0,409.0,1,-1,-1,-1
21,3,771.0,458.0,188.0,404.0,1,-1,-1,-1
22,3,770.0,456.0,188.0,406.0,1,-1,-1,-1
23,3,771.0,454.0,187.0,406.0,1,-1,-1,-1
24,3,767.0,449.0,199.0,407.0,1,-1,-1,-1
25,3,766.0,444.0,203.0,412.0,1,-1,-1,-1
26,3,767.0,441.0,200.0,416.0,1,-1,-1,-1
27,3,771.0,435.0,191.0,423.0,1,-1,-1,-1
28,3,781.0,424.0,184.0,438.0,1,-1,-1,-1
29,3,787.0,419.0,177.0,446.0,1,-1,-1,-1
30,3,791.0,412.0,178.0,452.0,1,-1,-1,-1
31,3,795.0,400.0,164.0,465.0,1,-1,-1,-1
32,3,802.0,401.0,163.0,465.0,1,-1,-1,-1
33,3,803.0,398.0,170.0,471.0,1,-1,-1,-1
34,3,808.0,395.0,166.0,476.0,1,-1,-1,-1
35,3,810.0,393.0,164.0,480.0,1,-1,-1,-1
36,3,813.0,393.0,161.0,480.0,1,-1,-1,-1
37,3,815.0,393.0,157.0,480.0,1,-1,-1,-1
38,3,817.0,393.0,157.0,478.0,1,-1,-1,-1
39,3,817.0,393.0,157.0,478.0,1,-1,-1,-1
40,3,819.0,390.0,155.0,484.0,1,-1,-1,-1
41,3,818.0,391.0,157.0,483.0,1,-1,-1,-1
42,3,821.0,394.0,156.0,484.0,1,-1,-1,-1
43,3,822.0,397.0,156.0,480.0,1,-1,-1,-1
44,3,820.0,407.0,160.0,468.0,1,-1,-1,-1
45,3,820.0,414.0,158.0,460.0,1,-1,-1,-1
46,3,817.0,417.0,164.0,455.0,1,-1,-1,-1
47,3,813.0,427.0,169.0,443.0,1,-1,-1,-1
48,3,809.0,439.0,171.0,430.0,1,-1,-1,-1
49,3,808.0,445.0,169.0,423.0,1,-1,-1,-1
50,3,804.0,448.0,167.0,418.0,1,-1,-1,-1
51,3,803.0,449.0,177.0,414.0,1,-1,-1,-1
52,3,802.0,452.0,172.0,411.0,1,-1,-1,-1
53,3,801.0,452.0,173.0,414.0,1,-1,-1,-1
54,3,803.0,448.0,174.0,420.0,1,-1,-1,-1
55,3,799.0,444.0,175.0,424.0,1,-1,-1,-1
56,3,795.0,440.0,178.0,429.0,1,-1,-1,-1
57,3,793.0,429.0,175.0,440.0,1,-1,-1,-1
58,3,792.0,420.0,175.0,448.0,1,-1,-1,-1
59,3,791.0,417.0,180.0,447.0,1,-1,-1,-1
60,3,788.0,408.0,185.0,454.0,1,-1,-1,-1
61,3,786.0,398.0,184.0,465.0,1,-1,-1,-1
62,3,790.0,391.0,180.0,468.0,1,-1,-1,-1
63,3,792.0,388.0,175.0,479.0,1,-1,-1,-1
64,3,790.0,384.0,180.0,491.0,1,-1,-1,-1
65,3,792.0,380.0,185.0,510.0,1,-1,-1,-1
66,3,791.0,375.0,184.0,532.0,1,-1,-1,-1
67,3,794.0,371.0,177.0,540.0,1,-1,-1,-1
68,3,795.0,367.0,174.0,544.0,1,-1,-1,-1
69,3,798.0,362.0,170.0,552.0,1,-1,-1,-1
70,3,798.0,365.0,171.0,558.0,1,-1,-1,-1
71,3,800.0,365.0,172.0,562.0,1,-1,-1,-1
72,3,802.0,367.0,170.0,561.0,1,-1,-1,-1
73,3,799.0,370.0,174.0,556.0,1,-1,-1,-1
74,3,797.0,371.0,176.0,551.0,1,-1,-1,-1
75,3,789.0,380.0,182.0,540.0,1,-1,-1,-1
76,3,787.0,385.0,184.0,537.0,1,-1,-1,-1
77,3,784.0,387.0,187.0,535.0,1,-1,-1,-1
78,3,787.0,392.0,183.0,530.0,1,-1,-1,-1
79,3,795.0,395.0,178.0,537.0,1,-1,-1,-1
80,3,801.0,406.0,177.0,526.0,1,-1,-1,-1
81,3,800.0,416.0,181.0,516.0,1,-1,-1,-1
82,3,799.0,428.0,185.0,502.0,1,-1,-1,-1
83,3,799.0,432.0,186.0,498.0,1,-1,-1,-1
84,3,800.0,435.0,181.0,495.0,1,-1,-1,-1
85,3,800.0,436.0,184.0,495.0,1,-1,-1,-1
86,3,801.0,435.0,182.0,496.0,1,-1,-1,-1
87,3,802.0,433.0,184.0,498.0,1,-1,-1,-1
88,3,805.0,428.0,179.0,503.0,1,-1,-1,-1
89,3,805.0,421.0,179.0,510.0,1,-1,-1,-1
90,3,800.0,415.0,182.0,516.0,1,-1,-1,-1
91,3,805.0,404.0,187.0,530.0,1,-1,-1,-1
92,3,807.0,399.0,187.0,537.0,1,-1,-1,-1
93,3,807.0,387.0,179.0,549.0,1,-1,-1,-1
94,3,808.0,376.0,176.0,559.0,1,-1,-1,-1
95,3,809.0,371.0,176.0,566.0,1,-1,-1,-1
96,3,810.0,363.0,179.0,572.0,1,-1,-1,-1
97,3,812.0,358.0,181.0,575.0,1,-1,-1,-1
98,3,815.0,354.0,186.0,573.0,1,-1,-1,-1
99,3,815.0,348.0,187.0,581.0,1,-1,-1,-1
100,3,809.0,344.0,192.0,584.0,1,-1,-1,-1
101,3,803.0,343.0,206.0,583.0,1,-1,-1,-1
102,3,801.0,345.0,204.0,582.0,1,-1,-1,-1
103,3,795.0,343.0,207.0,585.0,1,-1,-1,-1
104,3,790.0,341.0,216.0,589.0,1,-1,-1,-1
105,3,789.0,358.0,213.0,569.0,1,-1,-1,-1
106,3,780.0,364.0,227.0,558.0,1,-1,-1,-1
107,3,765.0,364.0,230.0,557.0,1,-1,-1,-1
108,3,756.0,367.0,237.0,552.0,1,-1,-1,-1
109,3,753.0,372.0,241.0,553.0,1,-1,-1,-1
110,3,750.0,376.0,247.0,550.0,1,-1,-1,-1
111,3,752.0,382.0,247.0,546.0,1,-1,-1,-1
112,3,753.0,389.0,253.0,535.0,1,-1,-1,-1
113,3,759.0,398.0,246.0,525.0,1,-1,-1,-1
114,3,761.0,411.0,243.0,517.0,1,-1,-1,-1
115,3,768.0,419.0,234.0,508.0,1,-1,-1,-1
116,3,775.0,426.0,226.0,500.0,1,-1,-1,-1
117,3,779.0,433.0,227.0,494.0,1,-1,-1,-1
118,3,787.0,439.0,221.0,483.0,1,-1,-1,-1
119,3,790.0,440.0,219.0,485.0,1,-1,-1,-1
120,3,789.0,436.0,214.0,489.0,1,-1,-1,-1
121,3,785.0,437.0,215.0,488.0,1,-1,-1,-1
122,3,790.0,433.0,211.0,493.0,1,-1,-1,-1
123,3,796.0,427.0,206.0,496.0,1,-1,-1,-1
124,3,805.0,421.0,199.0,504.0,1,-1,-1,-1
125,3,810.0,414.0,192.0,513.0,1,-1,-1,-1
126,3,814.0,412.0,187.0,522.0,1,-1,-1,-1
127,3,824.0,405.0,177.0,531.0,1,-1,-1,-1
128,3,826.0,398.0,174.0,533.0,1,-1,-1,-1
129,3,828.0,391.0,171.0,542.0,1,-1,-1,-1
130,3,831.0,386.0,164.0,538.0,1,-1,-1,-1
131,3,834.0,383.0,163.0,530.0,1,-1,-1,-1
132,3,836.0,380.0,162.0,533.0,1,-1,-1,-1
133,3,837.0,381.0,162.0,533.0,1,-1,-1,-1
134,3,838.0,377.0,161.0,534.0,1,-1,-1,-1
135,3,841.0,376.0,166.0,535.0,1,-1,-1,-1
136,3,843.0,373.0,167.0,537.0,1,-1,-1,-1
137,3,845.0,376.0,172.0,534.0,1,-1,-1,-1
138,3,844.0,379.0,176.0,531.0,1,-1,-1,-1
139,3,845.0,377.0,176.0,536.0,1,-1,-1,-1
140,3,843.0,376.0,174.0,537.0,1,-1,-1,-1
141,3,844.0,381.0,172.0,534.0,1,-1,-1,-1
142,3,840.0,382.0,178.0,532.0,1,-1,-1,-1
143,3,839.0,395.0,179.0,518.0,1,-1,-1,-1
144,3,839.0,402.0,181.0,502.0,1,-1,-1,-1
145,3,832.0,410.0,190.0,482.0,1,-1,-1,-1
146,3,831.0,416.0,187.0,467.0,1,-1,-1,-1
147,3,824.0,422.0,201.0,458.0,1,-1,-1,-1
148,3,819.0,428.0,200.0,449.0,1,-1,-1,-1
149,3,802.0,436.0,214.0,440.0,1,-1,-1,-1
150,3,802.0,443.0,199.0,432.0,1,-1,-1,-1
151,3,807.0,446.0,190.0,431.0,1,-1,-1,-1
152,3,824.0,445.0,175.0,434.0,1,-1,-1,-1
153,3,830.0,441.0,173.0,438.0,1,-1,-1,-1
154,3,840.0,439.0,160.0,441.0,1,-1,-1,-1
155,3,851.0,435.0,145.0,449.0,1,-1,-1,-1
156,3,853.0,430.0,146.0,455.0,1,-1,-1,-1
157,3,855.0,428.0,143.0,453.0,1,-1,-1,-1
158,3,858.0,420.0,146.0,460.0,1,-1,-1,-1
159,3,858.0,408.0,153.0,473.0,1,-1,-1,-1
160,3,854.0,382.0,141.0,497.0,1,-1,-1,-1
161,3,850.0,396.0,137.0,479.0,1,-1,-1,-1
162,3,840.0,393.0,147.0,473.0,1,-1,-1,-1
163,3,830.0,392.0,153.0,472.0,1,-1,-1,-1
164,3,825.0,391.0,157.0,469.0,1,-1,-1,-1
165,3,824.0,389.0,160.0,477.0,1,-1,-1,-1
166,3,827.0,385.0,158.0,483.0,1,-1,-1,-1
167,3,827.0,386.0,157.0,480.0,1,-1,-1,-1
168,3,827.0,386.0,159.0,478.0,1,-1,-1,-1
169,3,826.0,386.0,161.0,477.0,1,-1,-1,-1
170,3,823.0,389.0,168.0,469.0,1,-1,-1,-1
171,3,822.0,388.0,168.0,469.0,1,-1,-1,-1
172,3,821.0,389.0,174.0,470.0,1,-1,-1,-1
173,3,826.0,389.0,170.0,463.0,1,-1,-1,-1
174,3,829.0,391.0,165.0,457.0,1,-1,-1,-1
175,3,833.0,396.0,160.0,452.0,1,-1,-1,-1
176,3,836.0,406.0,156.0,439.0,1,-1,-1,-1
177,3,841.0,415.0,146.0,432.0,1,-1,-1,-1
178,3,841.0,423.0,144.0,420.0,1,-1,-1,-1
179,3,842.0,430.0,144.0,410.0,1,-1,-1,-1
180,3,834.0,437.0,154.0,397.0,1,-1,-1,-1
181,3,832.0,443.0,162.0,395.0,1,-1,-1,-1
182,3,828.0,449.0,163.0,388.0,1,-1,-1,-1
183,3,830.0,455.0,159.0,384.0,1,-1,-1,-1
184,3,826.0,452.0,163.0,392.0,1,-1,-1,-1
185,3,823.0,451.0,166.0,391.0,1,-1,-1,-1
186,3,818.0,449.0,174.0,388.0,1,-1,-1,-1
187,3,816.0,444.0,178.0,392.0,1,-1,-1,-1
188,3,814.0,441.0,178.0,397.0,1,-1,-1,-1
189,3,819.0,434.0,175.0,407.0,1,-1,-1,-1
190,3,821.0,425.0,170.0,415.0,1,-1,-1,-1
191,3,822.0,419.0,171.0,420.0,1,-1,-1,-1
192,3,823.0,412.0,170.0,426.0,1,-1,-1,-1
193,3,826.0,406.0,164.0,430.0,1,-1,-1,-1
194,3,825.0,400.0,163.0,432.0,1,-1,-1,-1
195,3,826.0,395.0,157.0,438.0,1,-1,-1,-1
196,3,837.0,395.0,147.0,439.0,1,-1,-1,-1
197,3,839.0,394.0,148.0,444.0,1,-1,-1,-1
198,3,842.0,394.0,142.0,445.0,1,-1,-1,-1
199,3,840.0,396.0,149.0,441.0,1,-1,-1,-1
200,3,843.0,397.0,147.0,440.0,1,-1,-1,-1
201,3,843.0,398.0,149.0,439.0,1,-1,-1,-1
202,3,843.0,400.0,149.0,440.0,1,-1,-1,-1
203,3,838.0,398.0,153.0,443.0,1,-1,-1,-1
204,3,833.0,400.0,159.0,440.0,1,-1,-1,-1
205,3,824.0,398.0,170.0,438.0,1,-1,-1,-1
206,3,820.0,400.0,167.0,435.0,1,-1,-1,-1
207,3,819.0,405.0,164.0,424.0,1,-1,-1,-1
208,3,824.0,420.0,160.0,401.0,1,-1,-1,-1
209,3,818.0,421.0,163.0,392.0,1,-1,-1,-1
210,3,824.0,431.0,156.0,381.0,1,-1,-1,-1
211,3,833.0,439.0,151.0,369.0,1,-1,-1,-1
212,3,838.0,449.0,143.0,361.0,1,-1,-1,-1
213,3,840.0,453.0,139.0,359.0,1,-1,-1,-1
214,3,846.0,459.0,143.0,349.0,1,-1,-1,-1
215,3,846.0,463.0,144.0,343.0,1,-1,-1,-1
216,3,843.0,464.0,140.0,337.0,1,-1,-1,-1
217,3,841.0,464.0,143.0,341.0,1,-1,-1,-1
218,3,839.0,465.0,150.0,351.0,1,-1,-1,-1
219,3,835.0,460.0,150.0,353.0,1,-1,-1,-1
220,3,832.0,461.0,160.0,354.0,1,-1,-1,-1
221,3,823.0,455.0,165.0,354.0,1,-1,-1,-1
222,3,819.0,452.0,168.0,356.0,1,-1,-1,-1
223,3,811.0,448.0,173.0,358.0,1,-1,-1,-1
224,3,798.0,439.0,186.0,369.0,1,-1,-1,-1
225,3,800.0,431.0,186.0,377.0,1,-1,-1,-1
226,3,800.0,425.0,185.0,385.0,1,-1,-1,-1
227,3,803.0,422.0,182.0,390.0,1,-1,-1,-1
228,3,804.0,417.0,186.0,396.0,1,-1,-1,-1
229,3,807.0,414.0,183.0,405.0,1,-1,-1,-1
230,3,812.0,409.0,175.0,412.0,1,-1,-1,-1
231,3,812.0,406.0,178.0,415.0,1,-1,-1,-1
232,3,817.0,403.0,175.0,420.0,1,-1,-1,-1
233,3,817.0,403.0,174.0,419.0,1,-1,-1,-1
234,3,818.0,404.0,175.0,418.0,1,-1,-1,-1
235,3,817.0,405.0,177.0,417.0,1,-1,-1,-1
236,3,815.0,408.0,178.0,416.0,1,-1,-1,-1
237,3,816.0,412.0,184.0,412.0,1,-1,-1,-1
238,3,823.0,416.0,164.0,411.0,1,-1,-1,-1
239,3,835.0,421.0,152.0,402.0,1,-1,-1,-1
240,3,836.0,424.0,150.0,395.0,1,-1,-1,-1
241,3,837.0,433.0,147.0,381.0,1,-1,-1,-1
242,3,841.0,444.0,141.0,370.0,1,-1,-1,-1
243,3,846.0,452.0,134.0,364.0,1,-1,-1,-1
244,3,846.0,450.0,139.0,346.0,1,-1,-1,-1
245,3,847.0,454.0,140.0,344.0,1,-1,-1,-1
246,3,847.0,455.0,136.0,344.0,1,-1,-1,-1
247,3,846.0,457.0,139.0,339.0,1,-1,-1,-1
248,3,846.0,468.0,139.0,344.0,1,-1,-1,-1
249,3,851.0,464.0,130.0,346.0,1,-1,-1,-1
250,3,845.0,468.0,139.0,342.0,1,-1,-1,-1
251,3,851.0,451.0,133.0,362.0,1,-1,-1,-1
252,3,850.0,441.0,129.0,376.0,1,-1,-1,-1
253,3,852.0,430.0,134.0,380.0,1,-1,-1,-1
254,3,854.0,425.0,134.0,390.0,1,-1,-1,-1
255,3,859.0,416.0,130.0,399.0,1,-1,-1,-1
256,3,861.0,413.0,134.0,400.0,1,-1,-1,-1
257,3,864.0,410.0,130.0,400.0,1,-1,-1,-1
258,3,868.0,403.0,126.0,415.0,1,-1,-1,-1
259,3,870.0,400.0,125.0,422.0,1,-1,-1,-1
260,3,870.0,394.0,123.0,443.0,1,-1,-1,-1
261,3,872.0,389.0,120.0,456.0,1,-1,-1,-1
262,3,873.0,381.0,120.0,479.0,1,-1,-1,-1
263,3,873.0,379.0,123.0,483.0,1,-1,-1,-1
264,3,872.0,385.0,125.0,477.0,1,-1,-1,-1
265,3,872.0,385.0,124.0,473.0,1,-1,-1,-1
266,3,872.0,381.0,126.0,474.0,1,-1,-1,-1
267,3,872.0,382.0,130.0,474.0,1,-1,-1,-1
268,3,871.0,375.0,130.0,484.0,1,-1,-1,-1
269,3,874.0,381.0,130.0,480.0,1,-1,-1,-1
270,3,875.0,393.0,130.0,472.0,1,-1,-1,-1
271,3,877.0,399.0,128.0,468.0,1,-1,-1,-1
272,3,872.0,387.0,143.0,479.0,1,-1,-1,-1
273,3,870.0,393.0,147.0,476.0,1,-1,-1,-1
274,3,870.0,398.0,148.0,472.0,1,-1,-1,-1
275,3,868.0,403.0,150.0,469.0,1,-1,-1,-1
276,3,866.0,425.0,151.0,453.0,1,-1,-1,-1
277,3,862.0,430.0,145.0,444.0,1,-1,-1,-1
278,3,862.0,437.0,156.0,433.0,1,-1,-1,-1
279,3,855.0,441.0,165.0,430.0,1,-1,-1,-1
280,3,846.0,442.0,173.0,433.0,1,-1,-1,-1
281,3,839.0,442.0,177.0,428.0,1,-1,-1,-1
282,3,827.0,442.0,187.0,426.0,1,-1,-1,-1
283,3,815.0,437.0,199.0,433.0,1,-1,-1,-1
284,3,820.0,430.0,198.0,444.0,1,-1,-1,-1
285,3,812.0,426.0,207.0,445.0,1,-1,-1,-1
286,3,813.0,422.0,200.0,445.0,1,-1,-1,-1
287,3,808.0,414.0,209.0,453.0,1,-1,-1,-1
288,3,809.0,408.0,206.0,455.0,1,-1,-1,-1
289,3,811.0,403.0,214.0,462.0,1,-1,-1,-1
290,3,807.0,399.0,214.0,465.0,1,-1,-1,-1
291,3,804.0,394.0,217.0,471.0,1,-1,-1,-1
292,3,807.0,390.0,219.0,476.0,1,-1,-1,-1
293,3,815.0,386.0,210.0,481.0,1,-1,-1,-1
294,3,815.0,383.0,209.0,483.0,1,-1,-1,-1
295,3,815.0,381.0,211.0,488.0,1,-1,-1,-1
296,3,815.0,385.0,219.0,493.0,1,-1,-1,-1
297,3,816.0,382.0,217.0,496.0,1,-1,-1,-1
298,3,823.0,382.0,212.0,496.0,1,-1,-1,-1
299,3,829.0,385.0,209.0,493.0,1,-1,-1,-1
300,3,828.0,390.0,214.0,485.0,1,-1,-1,-1
301,3,829.0,390.0,214.0,486.0,1,-1,-1,-1
302,3,837.0,393.0,204.0,480.0,1,-1,-1,-1
303,3,841.0,393.0,198.0,479.0,1,-1,-1,-1
304,3,840.0,399.0,195.0,469.0,1,-1,-1,-1
305,3,847.0,405.0,184.0,465.0,1,-1,-1,-1
306,3,852.0,403.0,176.0,470.0,1,-1,-1,-1
307,3,851.0,413.0,177.0,463.0,1,-1,-1,-1
308,3,851.0,417.0,175.0,463.0,1,-1,-1,-1
309,3,850.0,430.0,180.0,451.0,1,-1,-1,-1
310,3,852.0,435.0,177.0,448.0,1,-1,-1,-1
311,3,853.0,446.0,173.0,442.0,1,-1,-1,-1
312,3,849.0,450.0,178.0,436.0,1,-1,-1,-1
313,3,847.0,453.0,182.0,434.0,1,-1,-1,-1
314,3,840.0,450.0,189.0,434.0,1,-1,-1,-1
315,3,834.0,450.0,194.0,434.0,1,-1,-1,-1
316,3,838.0,446.0,188.0,438.0,1,-1,-1,-1
317,3,842.0,439.0,183.0,443.0,1,-1,-1,-1
318,3,847.0,434.0,179.0,447.0,1,-1,-1,-1
319,3,845.0,425.0,180.0,456.0,1,-1,-1,-1
320,3,848.0,422.0,176.0,456.0,1,-1,-1,-1
321,3,851.0,415.0,175.0,464.0,1,-1,-1,-1
322,3,858.0,407.0,167.0,471.0,1,-1,-1,-1
323,3,864.0,400.0,160.0,479.0,1,-1,-1,-1
324,3,871.0,393.0,154.0,484.0,1,-1,-1,-1
325,3,876.0,390.0,149.0,483.0,1,-1,-1,-1
326,3,880.0,386.0,143.0,480.0,1,-1,-1,-1
327,3,882.0,383.0,142.0,483.0,1,-1,-1,-1
328,3,885.0,382.0,142.0,486.0,1,-1,-1,-1
329,3,888.0,383.0,143.0,483.0,1,-1,-1,-1
330,3,891.0,383.0,146.0,484.0,1,-1,-1,-1
331,3,891.0,382.0,145.0,487.0,1,-1,-1,-1
332,3,892.0,383.0,143.0,483.0,1,-1,-1,-1
333,3,892.0,385.0,145.0,480.0,1,-1,-1,-1
334,3,892.0,385.0,144.0,481.0,1,-1,-1,-1
335,3,892.0,387.0,148.0,479.0,1,-1,-1,-1
336,3,892.0,389.0,149.0,470.0,1,-1,-1,-1
337,3,892.0,391.0,148.0,469.0,1,-1,-1,-1
338,3,892.0,394.0,145.0,461.0,1,-1,-1,-1
339,3,894.0,398.0,141.0,456.0,1,-1,-1,-1
340,3,893.0,402.0,145.0,447.0,1,-1,-1,-1
341,3,893.0,414.0,143.0,430.0,1,-1,-1,-1
342,3,894.0,423.0,140.0,414.0,1,-1,-1,-1
343,3,894.0,436.0,133.0,397.0,1,-1,-1,-1
344,3,892.0,457.0,143.0,382.0,1,-1,-1,-1
345,3,894.0,453.0,133.0,381.0,1,-1,-1,-1
346,3,888.0,456.0,137.0,375.0,1,-1,-1,-1
347,3,886.0,455.0,146.0,375.0,1,-1,-1,-1
348,3,881.0,454.0,156.0,377.0,1,-1,-1,-1
349,3,878.0,454.0,156.0,378.0,1,-1,-1,-1
350,3,866.0,453.0,177.0,380.0,1,-1,-1,-1
351,3,861.0,447.0,182.0,384.0,1,-1,-1,-1
352,3,857.0,438.0,185.0,394.0,1,-1,-1,-1
353,3,854.0,428.0,183.0,402.0,1,-1,-1,-1
354,3,855.0,420.0,180.0,413.0,1,-1,-1,-1
355,3,860.0,415.0,174.0,411.0,1,-1,-1,-1
356,3,867.0,416.0,170.0,408.0,1,-1,-1,-1
357,3,873.0,410.0,163.0,414.0,1,-1,-1,-1
358,3,884.0,402.0,152.0,426.0,1,-1,-1,-1
359,3,889.0,398.0,147.0,428.0,1,-1,-1,-1
360,3,895.0,394.0,140.0,432.0,1,-1,-1,-1
361,3,898.0,389.0,136.0,441.0,1,-1,-1,-1
362,3,908.0,390.0,125.0,445.0,1,-1,-1,-1
363,3,911.0,391.0,118.0,437.0,1,-1,-1,-1
364,3,914.0,397.0,115.0,422.0,1,-1,-1,-1
365,3,913.0,404.0,118.0,421.0,1,-1,-1,-1
366,3,913.0,395.0,126.0,431.0,1,-1,-1,-1
367,3,907.0,398.0,130.0,432.0,1,-1,-1,-1
368,3,905.0,404.0,127.0,424.0,1,-1,-1,-1
369,3,906.0,412.0,134.0,408.0,1,-1,-1,-1
370,3,902.0,414.0,144.0,408.0,1,-1,-1,-1
371,3,899.0,418.0,137.0,404.0,1,-1,-1,-1
372,3,896.0,428.0,141.0,395.0,1,-1,-1,-1
373,3,892.0,442.0,149.0,381.0,1,-1,-1,-1
374,3,893.0,453.0,145.0,369.0,1,-1,-1,-1
375,3,897.0,458.0,139.0,362.0,1,-1,-1,-1
376,3,896.0,464.0,138.0,359.0,1,-1,-1,-1
377,3,899.0,468.0,131.0,355.0,1,-1,-1,-1
378,3,895.0,471.0,135.0,350.0,1,-1,-1,-1
379,3,896.0,469.0,133.0,357.0,1,-1,-1,-1
380,3,897.0,464.0,133.0,360.0,1,-1,-1,-1
381,3,892.0,458.0,144.0,367.0,1,-1,-1,-1
382,3,887.0,452.0,148.0,372.0,1,-1,-1,-1
383,3,873.0,441.0,165.0,382.0,1,-1,-1,-1
384,3,868.0,431.0,170.0,391.0,1,-1,-1,-1
385,3,862.0,423.0,176.0,398.0,1,-1,-1,-1
386,3,874.0,418.0,165.0,400.0,1,-1,-1,-1
387,3,881.0,412.0,157.0,411.0,1,-1,-1,-1
388,3,883.0,404.0,156.0,424.0,1,-1,-1,-1
389,3,887.0,396.0,152.0,434.0,1,-1,-1,-1
390,3,886.0,397.0,156.0,440.0,1,-1,-1,-1
391,3,893.0,391.0,149.0,452.0,1,-1,-1,-1
392,3,906.0,396.0,138.0,463.0,1,-1,-1,-1
393,3,913.0,396.0,131.0,464.0,1,-1,-1,-1
394,3,917.0,393.0,127.0,456.0,1,-1,-1,-1
395,3,923.0,391.0,127.0,453.0,1,-1,-1,-1
396,3,922.0,393.0,129.0,458.0,1,-1,-1,-1
397,3,923.0,398.0,131.0,451.0,1,-1,-1,-1
398,3,920.0,400.0,135.0,448.0,1,-1,-1,-1
399,3,917.0,402.0,135.0,450.0,1,-1,-1,-1
400,3,915.0,395.0,137.0,457.0,1,-1,-1,-1
401,3,910.0,401.0,153.0,458.0,1,-1,-1,-1
402,3,906.0,397.0,160.0,468.0,1,-1,-1,-1
403,3,907.0,401.0,155.0,468.0,1,-1,-1,-1
404,3,905.0,411.0,163.0,458.0,1,-1,-1,-1
405,3,905.0,426.0,151.0,441.0,1,-1,-1,-1
406,3,902.0,425.0,164.0,445.0,1,-1,-1,-1
407,3,904.0,432.0,159.0,437.0,1,-1,-1,-1
408,3,901.0,437.0,163.0,430.0,1,-1,-1,-1
409,3,903.0,442.0,152.0,424.0,1,-1,-1,-1
410,3,903.0,442.0,154.0,425.0,1,-1,-1,-1
411,3,899.0,438.0,151.0,429.0,1,-1,-1,-1
412,3,897.0,433.0,150.0,436.0,1,-1,-1,-1
413,3,897.0,427.0,145.0,440.0,1,-1,-1,-1
414,3,895.0,423.0,146.0,441.0,1,-1,-1,-1
415,3,900.0,419.0,139.0,446.0,1,-1,-1,-1
416,3,899.0,414.0,141.0,454.0,1,-1,-1,-1
417,3,889.0,405.0,147.0,464.0,1,-1,-1,-1
418,3,884.0,399.0,153.0,467.0,1,-1,-1,-1
419,3,880.0,394.0,158.0,474.0,1,-1,-1,-1
420,3,874.0,388.0,164.0,475.0,1,-1,-1,-1
421,3,879.0,386.0,162.0,478.0,1,-1,-1,-1
422,3,877.0,385.0,166.0,478.0,1,-1,-1,-1
423,3,879.0,384.0,168.0,488.0,1,-1,-1,-1
424,3,884.0,382.0,162.0,497.0,1,-1,-1,-1
425,3,888.0,379.0,156.0,501.0,1,-1,-1,-1
426,3,889.0,379.0,154.0,504.0,1,-1,-1,-1
427,3,889.0,381.0,154.0,499.0,1,-1,-1,-1
428,3,890.0,385.0,154.0,494.0,1,-1,-1,-1
429,3,890.0,391.0,151.0,486.0,1,-1,-1,-1
430,3,891.0,394.0,150.0,488.0,1,-1,-1,-1
431,3,890.0,399.0,152.0,487.0,1,-1,-1,-1
432,3,889.0,404.0,153.0,484.0,1,-1,-1,-1
433,3,891.0,411.0,158.0,482.0,1,-1,-1,-1
434,3,890.0,413.0,161.0,479.0,1,-1,-1,-1
435,3,888.0,418.0,166.0,475.0,1,-1,-1,-1
436,3,887.0,426.0,169.0,468.0,1,-1,-1,-1
437,3,884.0,433.0,172.0,457.0,1,-1,-1,-1
438,3,881.0,438.0,176.0,457.0,1,-1,-1,-1
439,3,872.0,447.0,186.0,439.0,1,-1,-1,-1
440,3,868.0,452.0,190.0,438.0,1,-1,-1,-1
441,3,865.0,454.0,195.0,433.0,1,-1,-1,-1
442,3,862.0,449.0,197.0,440.0,1,-1,-1,-1
443,3,863.0,440.0,195.0,458.0,1,-1,-1,-1
444,3,863.0,436.0,195.0,464.0,1,-1,-1,-1
445,3,866.0,431.0,194.0,475.0,1,-1,-1,-1
446,3,867.0,424.0,194.0,486.0,1,-1,-1,-1
447,3,867.0,416.0,195.0,494.0,1,-1,-1,-1
448,3,865.0,409.0,194.0,492.0,1,-1,-1,-1
449,3,864.0,401.0,196.0,509.0,1,-1,-1,-1
450,3,863.0,388.0,198.0,520.0,1,-1,-1,-1
451,3,869.0,378.0,189.0,529.0,1,-1,-1,-1
452,3,871.0,375.0,187.0,529.0,1,-1,-1,-1
453,3,875.0,368.0,180.0,538.0,1,-1,-1,-1
454,3,878.0,361.0,180.0,543.0,1,-1,-1,-1
455,3,883.0,353.0,176.0,556.0,1,-1,-1,-1
456,3,889.0,348.0,171.0,564.0,1,-1,-1,-1
457,3,893.0,343.0,166.0,587.0,1,-1,-1,-1
458,3,898.0,337.0,164.0,601.0,1,-1,-1,-1
459,3,899.0,339.0,162.0,600.0,1,-1,-1,-1
460,3,898.0,343.0,160.0,598.0,1,-1,-1,-1
461,3,897.0,345.0,161.0,594.0,1,-1,-1,-1
462,3,897.0,349.0,158.0,591.0,1,-1,-1,-1
463,3,896.0,350.0,158.0,589.0,1,-1,-1,-1
464,3,892.0,354.0,161.0,588.0,1,-1,-1,-1
465,3,892.0,367.0,164.0,581.0,1,-1,-1,-1
466,3,890.0,373.0,170.0,576.0,1,-1,-1,-1
467,3,887.0,377.0,171.0,563.0,1,-1,-1,-1
468,3,887.0,393.0,173.0,550.0,1,-1,-1,-1
469,3,885.0,399.0,177.0,550.0,1,-1,-1,-1
470,3,883.0,408.0,182.0,541.0,1,-1,-1,-1
471,3,882.0,416.0,186.0,536.0,1,-1,-1,-1
472,3,880.0,426.0,188.0,524.0,1,-1,-1,-1
473,3,879.0,430.0,188.0,518.0,1,-1,-1,-1
474,3,876.0,430.0,192.0,519.0,1,-1,-1,-1
475,3,871.0,430.0,194.0,517.0,1,-1,-1,-1
476,3,867.0,424.0,196.0,526.0,1,-1,-1,-1
477,3,864.0,419.0,198.0,530.0,1,-1,-1,-1
478,3,861.0,413.0,193.0,531.0,1,-1,-1,-1
479,3,859.0,402.0,188.0,540.0,1,-1,-1,-1
480,3,860.0,398.0,185.0,552.0,1,-1,-1,-1
481,3,856.0,385.0,184.0,552.0,1,-1,-1,-1
482,3,858.0,377.0,181.0,559.0,1,-1,-1,-1
483,3,856.0,371.0,180.0,561.0,1,-1,-1,-1
484,3,856.0,365.0,182.0,571.0,1,-1,-1,-1
485,3,856.0,358.0,182.0,574.0,1,-1,-1,-1
486,3,855.0,357.0,188.0,571.0,1,-1,-1,-1
487,3,858.0,351.0,186.0,574.0,1,-1,-1,-1
488,3,859.0,343.0,184.0,585.0,1,-1,-1,-1
489,3,860.0,338.0,184.0,589.0,1,-1,-1,-1
490,3,857.0,338.0,189.0,590.0,1,-1,-1,-1
491,3,858.0,338.0,183.0,593.0,1,-1,-1,-1
492,3,856.0,338.0,185.0,595.0,1,-1,-1,-1
493,3,843.0,353.0,207.0,578.0,1,-1,-1,-1
494,3,834.0,361.0,214.0,569.0,1,-1,-1,-1
495,3,832.0,359.0,214.0,570.0,1,-1,-1,-1
496,3,823.0,357.0,221.0,572.0,1,-1,-1,-1
497,3,827.0,357.0,216.0,572.0,1,-1,-1,-1
498,3,828.0,357.0,210.0,568.0,1,-1,-1,-1
499,3,829.0,359.0,214.0,570.0,1,-1,-1,-1
500,3,829.0,365.0,216.0,566.0,1,-1,-1,-1
501,3,823.0,372.0,218.0,559.0,1,-1,-1,-1
502,3,825.0,387.0,225.0,548.0,1,-1,-1,-1
503,3,824.0,395.0,231.0,539.0,1,-1,-1,-1
504,3,823.0,404.0,232.0,533.0,1,-1,-1,-1
505,3,816.0,413.0,237.0,524.0,1,-1,-1,-1
506,3,809.0,426.0,230.0,509.0,1,-1,-1,-1
507,3,801.0,441.0,240.0,492.0,1,-1,-1,-1
508,3,789.0,442.0,264.0,492.0,1,-1,-1,-1
509,3,772.0,448.0,283.0,488.0,1,-1,-1,-1
510,3,758.0,445.0,307.0,495.0,1,-1,-1,-1
511,3,747.0,439.0,332.0,503.0,1,-1,-1,-1
512,3,730.0,434.0,351.0,504.0,1,-1,-1,-1
513,3,719.0,429.0,351.0,508.0,1,-1,-1,-1
514,3,697.0,423.0,364.0,510.0,1,-1,-1,-1
515,3,675.0,413.0,380.0,512.0,1,-1,-1,-1
516,3,661.0,398.0,388.0,533.0,1,-1,-1,-1
517,3,629.0,399.0,400.0,526.0,1,-1,-1,-1
518,3,614.0,393.0,405.0,531.0,1,-1,-1,-1
519,3,598.0,388.0,422.0,541.0,1,-1,-1,-1
520,3,570.0,380.0,437.0,545.0,1,-1,-1,-1
521,3,561.0,373.0,438.0,555.0,1,-1,-1,-1
522,3,567.0,375.0,426.0,549.0,1,-1,-1,-1
523,3,563.0,377.0,422.0,545.0,1,-1,-1,-1
524,3,553.0,376.0,422.0,555.0,1,-1,-1,-1
525,3,550.0,374.0,424.0,558.0,1,-1,-1,-1
526,3,543.0,372.0,420.0,556.0,1,-1,-1,-1
527,3,546.0,368.0,396.0,554.0,1,-1,-1,-1
528,3,551.0,363.0,371.0,562.0,1,-1,-1,-1
529,3,555.0,369.0,356.0,557.0,1,-1,-1,-1
530,3,561.0,369.0,327.0,552.0,1,-1,-1,-1
531,3,537.0,365.0,341.0,558.0,1,-1,-1,-1
532,3,552.0,361.0,312.0,561.0,1,-1,-1,-1
533,3,557.0,360.0,297.0,561.0,1,-1,-1,-1
534,3,556.0,363.0,261.0,555.0,1,-1,-1,-1
535,3,551.0,355.0,251.0,559.0,1,-1,-1,-1
536,3,545.0,358.0,247.0,554.0,1,-1,-1,-1
537,3,529.0,375.0,259.0,534.0,1,-1,-1,-1
538,3,521.0,373.0,254.0,540.0,1,-1,-1,-1
539,3,516.0,372.0,252.0,536.0,1,-1,-1,-1
540,3,509.0,372.0,247.0,537.0,1,-1,-1,-1
541,3,500.0,362.0,237.0,542.0,1,-1,-1,-1
542,3,493.0,359.0,226.0,552.0,1,-1,-1,-1
543,3,488.0,349.0,213.0,567.0,1,-1,-1,-1
544,3,489.0,350.0,203.0,563.0,1,-1,-1,-1
545,3,476.0,348.0,205.0,563.0,1,-1,-1,-1
546,3,464.0,339.0,201.0,573.0,1,-1,-1,-1
547,3,454.0,351.0,182.0,563.0,1,-1,-1,-1
548,3,437.0,350.0,188.0,564.0,1,-1,-1,-1
549,3,408.0,352.0,204.0,551.0,1,-1,-1,-1
550,3,378.0,354.0,224.0,549.0,1,-1,-1,-1
551,3,374.0,366.0,225.0,533.0,1,-1,-1,-1
552,3,377.0,371.0,218.0,532.0,1,-1,-1,-1
553,3,381.0,370.0,211.0,529.0,1,-1,-1,-1
554,3,376.0,373.0,209.0,536.0,1,-1,-1,-1
555,3,370.0,379.0,213.0,540.0,1,-1,-1,-1
556,3,366.0,373.0,224.0,554.0,1,-1,-1,-1
557,3,358.0,381.0,234.0,542.0,1,-1,-1,-1
558,3,356.0,388.0,229.0,534.0,1,-1,-1,-1
559,3,355.0,391.0,217.0,529.0,1,-1,-1,-1
560,3,351.0,392.0,217.0,525.0,1,-1,-1,-1
561,3,346.0,386.0,209.0,527.0,1,-1,-1,-1
562,3,338.0,386.0,214.0,525.0,1,-1,-1,-1
563,3,329.0,374.0,224.0,539.0,1,-1,-1,-1
564,3,322.0,372.0,229.0,542.0,1,-1,-1,-1
565,3,311.0,369.0,248.0,546.0,1,-1,-1,-1
566,3,308.0,377.0,273.0,546.0,1,-1,-1,-1
567,3,300.0,353.0,275.0,569.0,1,-1,-1,-1
568,3,309.0,350.0,265.0,552.0,1,-1,-1,-1
569,3,310.0,347.0,256.0,550.0,1,-1,-1,-1
570,3,309.0,348.0,253.0,533.0,1,-1,-1,-1
571,3,307.0,337.0,252.0,564.0,1,-1,-1,-1
572,3,309.0,347.0,236.0,550.0,1,-1,-1,-1
573,3,305.0,345.0,241.0,570.0,1,-1,-1,-1
574,3,299.0,326.0,253.0,597.0,1,-1,-1,-1
575,3,297.0,344.0,251.0,577.0,1,-1,-1,-1
576,3,290.0,335.0,279.0,585.0,1,-1,-1,-1
577,3,284.0,336.0,297.0,586.0,1,-1,-1,-1
578,3,274.0,346.0,306.0,582.0,1,-1,-1,-1
579,3,271.0,355.0,312.0,573.0,1,-1,-1,-1
580,3,257.0,355.0,314.0,559.0,1,-1,-1,-1
581,3,273.0,364.0,318.0,559.0,1,-1,-1,-1
582,3,268.0,374.0,340.0,548.0,1,-1,-1,-1
583,3,271.0,375.0,334.0,541.0,1,-1,-1,-1
584,3,270.0,381.0,331.0,541.0,1,-1,-1,-1
585,3,264.0,382.0,338.0,544.0,1,-1,-1,-1
586,3,239.0,408.0,319.0,518.0,1,-1,-1,-1
587,3,237.0,385.0,268.0,548.0,1,-1,-1,-1
588,3,235.0,389.0,249.0,542.0,1,-1,-1,-1
589,3,234.0,406.0,266.0,527.0,1,-1,-1,-1
590,3,235.0,408.0,258.0,522.0,1,-1,-1,-1
591,3,237.0,413.0,252.0,516.0,1,-1,-1,-1
592,3,227.0,412.0,250.0,522.0,1,-1,-1,-1
593,3,216.0,408.0,260.0,526.0,1,-1,-1,-1
594,3,187.0,401.0,292.0,533.0,1,-1,-1,-1
595,3,173.0,395.0,348.0,542.0,1,-1,-1,-1
596,3,162.0,392.0,370.0,545.0,1,-1,-1,-1
597,3,158.0,392.0,367.0,547.0,1,-1,-1,-1
598,3,145.0,386.0,387.0,544.0,1,-1,-1,-1
599,3,135.0,379.0,377.0,546.0,1,-1,-1,-1
600,3,128.0,378.0,365.0,533.0,1,-1,-1,-1
601,3,127.0,367.0,353.0,550.0,1,-1,-1,-1
602,3,117.0,346.0,353.0,565.0,1,-1,-1,-1
603,3,114.0,344.0,354.0,581.0,1,-1,-1,-1
604,3,112.0,345.0,348.0,588.0,1,-1,-1,-1
605,3,116.0,354.0,334.0,601.0,1,-1,-1,-1
606,3,110.0,332.0,342.0,604.0,1,-1,-1,-1
607,3,109.0,328.0,338.0,606.0,1,-1,-1,-1
608,3,104.0,347.0,343.0,588.0,1,-1,-1,-1
609,3,100.0,360.0,350.0,577.0,1,-1,-1,-1
610,3,124.0,360.0,322.0,577.0,1,-1,-1,-1
611,3,162.0,343.0,286.0,599.0,1,-1,-1,-1
612,3,194.0,345.0,261.0,601.0,1,-1,-1,-1
613,3,231.0,354.0,227.0,599.0,1,-1,-1,-1
614,3,242.0,351.0,212.0,594.0,1,-1,-1,-1
615,3,256.0,348.0,200.0,594.0,1,-1,-1,-1
616,3,248.0,350.0,197.0,583.0,1,-1,-1,-1
617,3,237.0,345.0,220.0,583.0,1,-1,-1,-1
618,3,214.0,349.0,242.0,579.0,1,-1,-1,-1
619,3,207.0,350.0,283.0,573.0,1,-1,-1,-1
620,3,200.0,347.0,304.0,572.0,1,-1,-1,-1
621,3,169.0,362.0,353.0,568.0,1,-1,-1,-1
622,3,136.0,376.0,433.0,568.0,1,-1,-1,-1
623,3,115.0,379.0,463.0,558.0,1,-1,-1,-1
624,3,139.0,381.0,440.0,555.0,1,-1,-1,-1
625,3,138.0,375.0,434.0,555.0,1,-1,-1,-1
626,3,133.0,398.0,454.0,532.0,1,-1,-1,-1
627,3,123.0,396.0,456.0,533.0,1,-1,-1,-1
628,3,100.0,394.0,484.0,538.0,1,-1,-1,-1
629,3,128.0,406.0,464.0,535.0,1,-1,-1,-1
630,3,164.0,405.0,420.0,531.0,1,-1,-1,-1
631,3,162.0,403.0,408.0,530.0,1,-1,-1,-1
632,3,175.0,397.0,391.0,533.0,1,-1,-1,-1
633,3,180.0,407.0,366.0,517.0,1,-1,-1,-1
634,3,213.0,413.0,333.0,505.0,1,-1,-1,-1
635,3,236.0,412.0,307.0,502.0,1,-1,-1,-1
636,3,241.0,411.0,303.0,507.0,1,-1,-1,-1
637,3,242.0,415.0,311.0,505.0,1,-1,-1,-1
638,3,249.0,416.0,325.0,512.0,1,-1,-1,-1
639,3,260.0,414.0,318.0,510.0,1,-1,-1,-1
640,3,265.0,415.0,313.0,503.0,1,-1,-1,-1
641,3,255.0,425.0,324.0,498.0,1,-1,-1,-1
642,3,238.0,421.0,341.0,494.0,1,-1,-1,-1
643,3,244.0,425.0,308.0,485.0,1,-1,-1,-1
644,3,248.0,421.0,343.0,490.0,1,-1,-1,-1
645,3,252.0,423.0,327.0,486.0,1,-1,-1,-1
646,3,250.0,422.0,321.0,476.0,1,-1,-1,-1
647,3,250.0,413.0,333.0,490.0,1,-1,-1,-1
648,3,247.0,411.0,353.0,502.0,1,-1,-1,-1
649,3,251.0,403.0,365.0,517.0,1,-1,-1,-1
650,3,260.0,390.0,373.0,529.0,1,-1,-1,-1
651,3,278.0,388.0,383.0,538.0,1,-1,-1,-1
652,3,286.0,371.0,415.0,558.0,1,-1,-1,-1
653,3,288.0,359.0,451.0,562.0,1,-1,-1,-1
654,3,289.0,351.0,475.0,552.0,1,-1,-1,-1
655,3,309.0,342.0,470.0,565.0,1,-1,-1,-1
656,3,320.0,341.0,473.0,568.0,1,-1,-1,-1
657,3,339.0,316.0,462.0,604.0,1,-1,-1,-1
658,3,357.0,333.0,459.0,588.0,1,-1,-1,-1
659,3,396.0,346.0,433.0,581.0,1,-1,-1,-1
660,3,420.0,324.0,410.0,610.0,1,-1,-1,-1
661,3,442.0,347.0,391.0,587.0,1,-1,-1,-1
662,3,470.0,353.0,360.0,574.0,1,-1,-1,-1
663,3,485.0,369.0,338.0,557.0,1,-1,-1,-1
664,3,521.0,379.0,299.0,543.0,1,-1,-1,-1
665,3,546.0,379.0,274.0,537.0,1,-1,-1,-1
666,3,566.0,375.0,248.0,544.0,1,-1,-1,-1
667,3,599.0,376.0,215.0,541.0,1,-1,-1,-1
668,3,607.0,378.0,205.0,542.0,1,-1,-1,-1
669,3,630.0,377.0,187.0,543.0,1,-1,-1,-1
671,3,657.0,378.0,185.0,536.0,1,-1,-1,-1
672,3,665.0,378.0,185.0,532.0,1,-1,-1,-1
673,3,671.0,375.0,180.0,541.0,1,-1,-1,-1
674,3,671.0,370.0,185.0,545.0,1,-1,-1,-1
675,3,674.0,359.0,191.0,557.0,1,-1,-1,-1
676,3,675.0,354.0,196.0,561.0,1,-1,-1,-1
677,3,675.0,356.0,205.0,566.0,1,-1,-1,-1
678,3,678.0,350.0,212.0,570.0,1,-1,-1,-1
679,3,679.0,349.0,216.0,569.0,1,-1,-1,-1
680,3,676.0,354.0,231.0,562.0,1,-1,-1,-1
681,3,677.0,352.0,244.0,562.0,1,-1,-1,-1
682,3,679.0,351.0,250.0,568.0,1,-1,-1,-1
683,3,682.0,352.0,254.0,579.0,1,-1,-1,-1
684,3,685.0,358.0,255.0,579.0,1,-1,-1,-1
685,3,686.0,366.0,263.0,574.0,1,-1,-1,-1
686,3,686.0,372.0,271.0,564.0,1,-1,-1,-1
687,3,686.0,374.0,277.0,561.0,1,-1,-1,-1
688,3,684.0,377.0,282.0,556.0,1,-1,-1,-1
689,3,684.0,376.0,278.0,558.0,1,-1,-1,-1
690,3,683.0,380.0,280.0,552.0,1,-1,-1,-1
691,3,684.0,379.0,283.0,553.0,1,-1,-1,-1
692,3,687.0,378.0,274.0,555.0,1,-1,-1,-1
693,3,691.0,382.0,271.0,550.0,1,-1,-1,-1
694,3,696.0,383.0,267.0,550.0,1,-1,-1,-1
695,3,710.0,385.0,263.0,544.0,1,-1,-1,-1
696,3,717.0,385.0,265.0,550.0,1,-1,-1,-1
697,3,732.0,384.0,257.0,560.0,1,-1,-1,-1
698,3,743.0,388.0,240.0,553.0,1,-1,-1,-1
699,3,752.0,395.0,245.0,553.0,1,-1,-1,-1
700,3,759.0,401.0,224.0,545.0,1,-1,-1,-1
701,3,771.0,402.0,202.0,540.0,1,-1,-1,-1
702,3,782.0,408.0,187.0,536.0,1,-1,-1,-1
703,3,799.0,406.0,170.0,536.0,1,-1,-1,-1
704,3,807.0,405.0,164.0,538.0,1,-1,-1,-1
705,3,815.0,407.0,165.0,540.0,1,-1,-1,-1
706,3,827.0,407.0,158.0,538.0,1,-1,-1,-1
707,3,824.0,397.0,171.0,546.0,1,-1,-1,-1
708,3,810.0,403.0,189.0,536.0,1,-1,-1,-1
709,3,791.0,402.0,210.0,532.0,1,-1,-1,-1
710,3,756.0,391.0,242.0,541.0,1,-1,-1,-1
711,3,741.0,388.0,277.0,542.0,1,-1,-1,-1
712,3,736.0,385.0,277.0,541.0,1,-1,-1,-1
713,3,730.0,381.0,288.0,536.0,1,-1,-1,-1
714,3,730.0,375.0,282.0,534.0,1,-1,-1,-1
715,3,744.0,367.0,266.0,539.0,1,-1,-1,-1
716,3,754.0,364.0,262.0,544.0,1,-1,-1,-1
717,3,762.0,368.0,267.0,546.0,1,-1,-1,-1
718,3,771.0,366.0,263.0,550.0,1,-1,-1,-1
719,3,776.0,372.0,258.0,542.0,1,-1,-1,-1
720,3,783.0,364.0,255.0,545.0,1,-1,-1,-1
721,3,790.0,361.0,257.0,547.0,1,-1,-1,-1
722,3,792.0,365.0,252.0,544.0,1,-1,-1,-1
723,3,807.0,375.0,247.0,545.0,1,-1,-1,-1
724,3,820.0,376.0,237.0,538.0,1,-1,-1,-1
725,3,832.0,380.0,211.0,529.0,1,-1,-1,-1
726,3,837.0,384.0,199.0,523.0,1,-1,-1,-1
727,3,844.0,382.0,191.0,531.0,1,-1,-1,-1
728,3,850.0,383.0,184.0,535.0,1,-1,-1,-1
729,3,855.0,389.0,183.0,530.0,1,-1,-1,-1
730,3,859.0,390.0,183.0,534.0,1,-1,-1,-1
731,3,869.0,394.0,175.0,537.0,1,-1,-1,-1
732,3,872.0,401.0,172.0,528.0,1,-1,-1,-1
733,3,874.0,406.0,166.0,507.0,1,-1,-1,-1
734,3,870.0,411.0,172.0,504.0,1,-1,-1,-1
735,3,840.0,412.0,196.0,510.0,1,-1,-1,-1
736,3,828.0,412.0,223.0,508.0,1,-1,-1,-1
737,3,830.0,410.0,227.0,510.0,1,-1,-1,-1
738,3,817.0,408.0,242.0,509.0,1,-1,-1,-1
739,3,818.0,402.0,236.0,519.0,1,-1,-1,-1
740,3,811.0,394.0,242.0,525.0,1,-1,-1,-1
741,3,798.0,387.0,261.0,529.0,1,-1,-1,-1
742,3,797.0,382.0,261.0,541.0,1,-1,-1,-1
743,3,791.0,372.0,264.0,543.0,1,-1,-1,-1
744,3,795.0,379.0,269.0,537.0,1,-1,-1,-1
745,3,788.0,372.0,278.0,544.0,1,-1,-1,-1
746,3,790.0,371.0,282.0,547.0,1,-1,-1,-1
747,3,794.0,370.0,279.0,554.0,1,-1,-1,-1
748,3,790.0,367.0,298.0,563.0,1,-1,-1,-1
749,3,786.0,366.0,287.0,561.0,1,-1,-1,-1
750,3,788.0,371.0,289.0,571.0,1,-1,-1,-1
751,3,790.0,400.0,293.0,547.0,1,-1,-1,-1
752,3,798.0,400.0,286.0,536.0,1,-1,-1,-1
753,3,798.0,396.0,276.0,528.0,1,-1,-1,-1
756,3,838.0,383.0,213.0,578.0,1,-1,-1,-1
759,3,871.0,381.0,227.0,615.0,1,-1,-1,-1
761,3,878.0,386.0,186.0,608.0,1,-1,-1,-1
1046,3,912.0,464.0,137.0,310.0,1,-1,-1,-1
1048,3,902.0,468.0,163.0,299.0,1,-1,-1,-1
1050,3,896.0,471.0,165.0,327.0,1,-1,-1,-1
1052,3,1022.0,402.0,228.0,528.0,1,-1,-1,-1
1053,3,1018.0,404.0,235.0,525.0,1,-1,-1,-1
1054,3,1076.0,400.0,185.0,484.0,1,-1,-1,-1
1055,3,1075.0,406.0,186.0,485.0,1,-1,-1,-1
1056,3,1080.0,409.0,185.0,488.0,1,-1,-1,-1
1057,3,1082.0,412.0,188.0,489.0,1,-1,-1,-1
1058,3,1084.0,415.0,179.0,483.0,1,-1,-1,-1
1059,3,1090.0,415.0,172.0,483.0,1,-1,-1,-1
1060,3,1096.0,416.0,165.0,479.0,1,-1,-1,-1
1061,3,1094.0,416.0,167.0,485.0,1,-1,-1,-1
1062,3,1090.0,414.0,172.0,498.0,1,-1,-1,-1
1063,3,1086.0,414.0,177.0,503.0,1,-1,-1,-1
1064,3,1083.0,412.0,183.0,505.0,1,-1,-1,-1
1065,3,1079.0,408.0,189.0,517.0,1,-1,-1,-1
1066,3,1062.0,408.0,213.0,509.0,1,-1,-1,-1
1067,3,1062.0,405.0,216.0,512.0,1,-1,-1,-1
1068,3,1059.0,403.0,226.0,520.0,1,-1,-1,-1
1069,3,1066.0,401.0,224.0,518.0,1,-1,-1,-1
1070,3,1075.0,396.0,221.0,517.0,1,-1,-1,-1
1071,3,1086.0,393.0,210.0,521.0,1,-1,-1,-1
1072,3,1083.0,391.0,221.0,530.0,1,-1,-1,-1
1073,3,1094.0,388.0,232.0,536.0,1,-1,-1,-1
1074,3,1099.0,386.0,237.0,535.0,1,-1,-1,-1
1075,3,1108.0,390.0,232.0,530.0,1,-1,-1,-1
1076,3,1114.0,390.0,241.0,541.0,1,-1,-1,-1
1077,3,1125.0,385.0,255.0,549.0,1,-1,-1,-1
1078,3,1133.0,388.0,256.0,548.0,1,-1,-1,-1
1079,3,1143.0,382.0,251.0,556.0,1,-1,-1,-1
1080,3,1153.0,387.0,244.0,548.0,1,-1,-1,-1
1081,3,1161.0,393.0,244.0,547.0,1,-1,-1,-1
1082,3,1167.0,397.0,240.0,544.0,1,-1,-1,-1
1083,3,1179.0,394.0,229.0,551.0,1,-1,-1,-1
1084,3,1183.0,398.0,227.0,550.0,1,-1,-1,-1
1085,3,1191.0,401.0,216.0,546.0,1,-1,-1,-1
1086,3,1196.0,402.0,207.0,547.0,1,-1,-1,-1
1087,3,1202.0,407.0,200.0,545.0,1,-1,-1,-1
1088,3,1209.0,409.0,191.0,545.0,1,-1,-1,-1
1089,3,1219.0,409.0,182.0,546.0,1,-1,-1,-1
1090,3,1223.0,411.0,180.0,543.0,1,-1,-1,-1
1091,3,1230.0,416.0,176.0,540.0,1,-1,-1,-1
1092,3,1236.0,415.0,174.0,540.0,1,-1,-1,-1
1093,3,1241.0,417.0,172.0,539.0,1,-1,-1,-1
1094,3,1243.0,414.0,171.0,542.0,1,-1,-1,-1
1095,3,1242.0,414.0,173.0,540.0,1,-1,-1,-1
1096,3,1243.0,414.0,176.0,539.0,1,-1,-1,-1
1097,3,1246.0,410.0,175.0,546.0,1,-1,-1,-1
1098,3,1250.0,410.0,175.0,547.0,1,-1,-1,-1
1099,3,1256.0,410.0,178.0,546.0,1,-1,-1,-1
1100,3,1263.0,409.0,174.0,547.0,1,-1,-1,-1
1101,3,1270.0,403.0,174.0,554.0,1,-1,-1,-1
1102,3,1281.0,408.0,171.0,551.0,1,-1,-1,-1
1103,3,1282.0,399.0,177.0,559.0,1,-1,-1,-1
1104,3,1285.0,393.0,179.0,562.0,1,-1,-1,-1
1105,3,1292.0,390.0,178.0,566.0,1,-1,-1,-1
1106,3,1294.0,388.0,182.0,567.0,1,-1,-1,-1
1107,3,1300.0,386.0,184.0,569.0,1,-1,-1,-1
1108,3,1304.0,381.0,182.0,570.0,1,-1,-1,-1
1109,3,1303.0,381.0,192.0,572.0,1,-1,-1,-1
1110,3,1303.0,380.0,195.0,565.0,1,-1,-1,-1
1111,3,1303.0,380.0,199.0,566.0,1,-1,-1,-1
1112,3,1309.0,385.0,193.0,552.0,1,-1,-1,-1
1113,3,1309.0,385.0,198.0,546.0,1,-1,-1,-1
1114,3,1312.0,387.0,194.0,532.0,1,-1,-1,-1
1115,3,1314.0,390.0,192.0,533.0,1,-1,-1,-1
1116,3,1316.0,387.0,202.0,548.0,1,-1,-1,-1
1117,3,1320.0,395.0,195.0,528.0,1,-1,-1,-1
1118,3,1318.0,396.0,194.0,519.0,1,-1,-1,-1
1119,3,1327.0,400.0,191.0,501.0,1,-1,-1,-1
1120,3,1327.0,402.0,197.0,493.0,1,-1,-1,-1
1121,3,1326.0,404.0,207.0,494.0,1,-1,-1,-1
1122,3,1325.0,406.0,220.0,492.0,1,-1,-1,-1
1123,3,1328.0,406.0,251.0,491.0,1,-1,-1,-1
1124,3,1327.0,404.0,258.0,491.0,1,-1,-1,-1
1125,3,1327.0,402.0,232.0,493.0,1,-1,-1,-1
1126,3,1333.0,400.0,231.0,498.0,1,-1,-1,-1
1127,3,1332.0,397.0,220.0,503.0,1,-1,-1,-1
1128,3,1333.0,394.0,222.0,506.0,1,-1,-1,-1
1129,3,1337.0,388.0,230.0,510.0,1,-1,-1,-1
1130,3,1340.0,380.0,249.0,521.0,1,-1,-1,-1
1131,3,1339.0,370.0,257.0,532.0,1,-1,-1,-1
1132,3,1344.0,362.0,248.0,538.0,1,-1,-1,-1
1133,3,1340.0,357.0,275.0,544.0,1,-1,-1,-1
1134,3,1342.0,349.0,276.0,559.0,1,-1,-1,-1
1135,3,1348.0,345.0,250.0,561.0,1,-1,-1,-1
1136,3,1352.0,341.0,244.0,556.0,1,-1,-1,-1
1137,3,1349.0,337.0,244.0,550.0,1,-1,-1,-1
1138,3,1340.0,332.0,266.0,550.0,1,-1,-1,-1
1139,3,1336.0,330.0,265.0,547.0,1,-1,-1,-1
1140,3,1334.0,329.0,279.0,547.0,1,-1,-1,-1
1141,3,1334.0,328.0,285.0,547.0,1,-1,-1,-1
1142,3,1336.0,328.0,275.0,546.0,1,-1,-1,-1
1143,3,1334.0,332.0,273.0,542.0,1,-1,-1,-1
1144,3,1337.0,334.0,297.0,542.0,1,-1,-1,-1
1145,3,1341.0,339.0,263.0,539.0,1,-1,-1,-1
1146,3,1340.0,349.0,304.0,533.0,1,-1,-1,-1
1147,3,1340.0,357.0,296.0,525.0,1,-1,-1,-1
1148,3,1342.0,364.0,245.0,522.0,1,-1,-1,-1
1149,3,1340.0,375.0,218.0,512.0,1,-1,-1,-1
1150,3,1335.0,384.0,285.0,503.0,1,-1,-1,-1
1151,3,1333.0,392.0,269.0,493.0,1,-1,-1,-1
1152,3,1327.0,397.0,283.0,487.0,1,-1,-1,-1
1153,3,1324.0,406.0,276.0,478.0,1,-1,-1,-1
1154,3,1316.0,410.0,239.0,481.0,1,-1,-1,-1
1155,3,1311.0,420.0,225.0,470.0,1,-1,-1,-1
1156,3,1311.0,429.0,248.0,463.0,1,-1,-1,-1
1157,3,1314.0,433.0,265.0,462.0,1,-1,-1,-1
1158,3,1325.0,437.0,299.0,456.0,1,-1,-1,-1
1159,3,1336.0,438.0,283.0,461.0,1,-1,-1,-1
1160,3,1340.0,444.0,278.0,450.0,1,-1,-1,-1
1161,3,1344.0,438.0,260.0,461.0,1,-1,-1,-1
1162,3,1344.0,437.0,248.0,461.0,1,-1,-1,-1
1163,3,1341.0,436.0,241.0,467.0,1,-1,-1,-1
1164,3,1338.0,435.0,236.0,469.0,1,-1,-1,-1
1165,3,1328.0,433.0,237.0,472.0,1,-1,-1,-1
1166,3,1322.0,430.0,237.0,475.0,1,-1,-1,-1
1167,3,1321.0,428.0,226.0,476.0,1,-1,-1,-1
1168,3,1317.0,424.0,220.0,477.0,1,-1,-1,-1
1169,3,1314.0,422.0,216.0,478.0,1,-1,-1,-1
1170,3,1313.0,421.0,213.0,478.0,1,-1,-1,-1
1171,3,1312.0,419.0,213.0,477.0,1,-1,-1,-1
1172,3,1312.0,417.0,211.0,480.0,1,-1,-1,-1
1173,3,1309.0,410.0,207.0,487.0,1,-1,-1,-1
1174,3,1307.0,409.0,205.0,486.0,1,-1,-1,-1
1175,3,1308.0,405.0,202.0,494.0,1,-1,-1,-1
1176,3,1306.0,406.0,201.0,496.0,1,-1,-1,-1
1177,3,1307.0,405.0,199.0,500.0,1,-1,-1,-1
1178,3,1306.0,410.0,199.0,499.0,1,-1,-1,-1
1179,3,1307.0,412.0,199.0,500.0,1,-1,-1,-1
1180,3,1306.0,412.0,199.0,502.0,1,-1,-1,-1
1181,3,1305.0,416.0,200.0,502.0,1,-1,-1,-1
1182,3,1302.0,420.0,203.0,501.0,1,-1,-1,-1
1183,3,1300.0,425.0,205.0,502.0,1,-1,-1,-1
1184,3,1302.0,436.0,201.0,490.0,1,-1,-1,-1
1185,3,1302.0,437.0,200.0,491.0,1,-1,-1,-1
1186,3,1297.0,442.0,199.0,485.0,1,-1,-1,-1
1187,3,1294.0,444.0,200.0,484.0,1,-1,-1,-1
1188,3,1292.0,444.0,205.0,488.0,1,-1,-1,-1
1189,3,1288.0,447.0,205.0,480.0,1,-1,-1,-1
1190,3,1285.0,453.0,201.0,475.0,1,-1,-1,-1
1191,3,1285.0,456.0,199.0,472.0,1,-1,-1,-1
1192,3,1285.0,459.0,193.0,468.0,1,-1,-1,-1
1193,3,1282.0,464.0,191.0,462.0,1,-1,-1,-1
1194,3,1279.0,467.0,192.0,457.0,1,-1,-1,-1
1195,3,1270.0,461.0,195.0,467.0,1,-1,-1,-1
1196,3,1259.0,464.0,201.0,462.0,1,-1,-1,-1
1197,3,1253.0,456.0,204.0,468.0,1,-1,-1,-1
1198,3,1247.0,451.0,209.0,473.0,1,-1,-1,-1
1199,3,1244.0,452.0,211.0,473.0,1,-1,-1,-1
1200,3,1244.0,454.0,210.0,472.0,1,-1,-1,-1
1201,3,1236.0,452.0,220.0,474.0,1,-1,-1,-1
1202,3,1235.0,455.0,225.0,471.0,1,-1,-1,-1
1203,3,1229.0,451.0,232.0,474.0,1,-1,-1,-1
1204,3,1225.0,453.0,239.0,474.0,1,-1,-1,-1
1205,3,1222.0,458.0,245.0,470.0,1,-1,-1,-1
1206,3,1217.0,460.0,247.0,467.0,1,-1,-1,-1
1207,3,1214.0,456.0,249.0,471.0,1,-1,-1,-1
1208,3,1206.0,455.0,273.0,474.0,1,-1,-1,-1
1209,3,1203.0,458.0,282.0,473.0,1,-1,-1,-1
1210,3,1195.0,461.0,285.0,469.0,1,-1,-1,-1
1211,3,1188.0,470.0,298.0,458.0,1,-1,-1,-1
1212,3,1184.0,476.0,308.0,453.0,1,-1,-1,-1
1213,3,1182.0,481.0,318.0,449.0,1,-1,-1,-1
1214,3,1180.0,488.0,323.0,444.0,1,-1,-1,-1
1215,3,1178.0,488.0,328.0,442.0,1,-1,-1,-1
1216,3,1177.0,485.0,332.0,444.0,1,-1,-1,-1
1217,3,1179.0,482.0,326.0,442.0,1,-1,-1,-1
1218,3,1183.0,479.0,321.0,446.0,1,-1,-1,-1
1219,3,1184.0,481.0,312.0,444.0,1,-1,-1,-1
1220,3,1185.0,482.0,299.0,441.0,1,-1,-1,-1
1221,3,1184.0,481.0,291.0,440.0,1,-1,-1,-1
1222,3,1181.0,481.0,287.0,441.0,1,-1,-1,-1
1223,3,1178.0,476.0,282.0,443.0,1,-1,-1,-1
1224,3,1176.0,477.0,274.0,436.0,1,-1,-1,-1
1225,3,1177.0,479.0,256.0,426.0,1,-1,-1,-1
1226,3,1176.0,477.0,251.0,432.0,1,-1,-1,-1
1227,3,1173.0,473.0,247.0,432.0,1,-1,-1,-1
1228,3,1169.0,471.0,241.0,439.0,1,-1,-1,-1
1229,3,1164.0,472.0,234.0,431.0,1,-1,-1,-1
1230,3,1159.0,468.0,236.0,440.0,1,-1,-1,-1
1231,3,1166.0,465.0,224.0,443.0,1,-1,-1,-1
1232,3,1158.0,460.0,231.0,447.0,1,-1,-1,-1
1233,3,1162.0,456.0,218.0,446.0,1,-1,-1,-1
1234,3,1163.0,454.0,216.0,446.0,1,-1,-1,-1
1235,3,1170.0,448.0,201.0,451.0,1,-1,-1,-1
1236,3,1171.0,445.0,203.0,453.0,1,-1,-1,-1
1237,3,1171.0,439.0,196.0,458.0,1,-1,-1,-1
1238,3,1174.0,435.0,189.0,457.0,1,-1,-1,-1
1239,3,1174.0,431.0,186.0,459.0,1,-1,-1,-1
1240,3,1175.0,429.0,185.0,463.0,1,-1,-1,-1
1241,3,1178.0,427.0,183.0,468.0,1,-1,-1,-1
1242,3,1179.0,424.0,182.0,475.0,1,-1,-1,-1
1243,3,1180.0,423.0,182.0,482.0,1,-1,-1,-1
1244,3,1183.0,417.0,180.0,494.0,1,-1,-1,-1
1245,3,1185.0,417.0,176.0,500.0,1,-1,-1,-1
1246,3,1187.0,417.0,172.0,507.0,1,-1,-1,-1
1247,3,1188.0,416.0,168.0,507.0,1,-1,-1,-1
1248,3,1192.0,418.0,162.0,505.0,1,-1,-1,-1
1249,3,1196.0,417.0,156.0,506.0,1,-1,-1,-1
1250,3,1200.0,418.0,154.0,506.0,1,-1,-1,-1
1251,3,1201.0,419.0,154.0,502.0,1,-1,-1,-1
1252,3,1196.0,420.0,165.0,503.0,1,-1,-1,-1
1253,3,1191.0,421.0,171.0,508.0,1,-1,-1,-1
1254,3,1192.0,419.0,176.0,515.0,1,-1,-1,-1
1255,3,1185.0,412.0,188.0,523.0,1,-1,-1,-1
1256,3,1184.0,410.0,191.0,523.0,1,-1,-1,-1
1257,3,1184.0,408.0,195.0,525.0,1,-1,-1,-1
1258,3,1185.0,402.0,197.0,531.0,1,-1,-1,-1
1259,3,1191.0,401.0,196.0,529.0,1,-1,-1,-1
1260,3,1199.0,395.0,188.0,535.0,1,-1,-1,-1
1261,3,1210.0,384.0,181.0,549.0,1,-1,-1,-1
1262,3,1219.0,378.0,171.0,553.0,1,-1,-1,-1
1263,3,1218.0,365.0,175.0,566.0,1,-1,-1,-1
1264,3,1219.0,357.0,172.0,573.0,1,-1,-1,-1
1265,3,1224.0,351.0,168.0,579.0,1,-1,-1,-1
1266,3,1225.0,343.0,166.0,585.0,1,-1,-1,-1
1267,3,1227.0,335.0,163.0,593.0,1,-1,-1,-1
1268,3,1227.0,331.0,162.0,596.0,1,-1,-1,-1
1269,3,1225.0,330.0,164.0,594.0,1,-1,-1,-1
1270,3,1225.0,330.0,164.0,589.0,1,-1,-1,-1
1271,3,1223.0,325.0,167.0,595.0,1,-1,-1,-1
1272,3,1221.0,319.0,168.0,600.0,1,-1,-1,-1
1273,3,1221.0,323.0,165.0,595.0,1,-1,-1,-1
1274,3,1224.0,329.0,161.0,586.0,1,-1,-1,-1
1275,3,1225.0,332.0,155.0,584.0,1,-1,-1,-1
1276,3,1228.0,343.0,150.0,579.0,1,-1,-1,-1
1277,3,1227.0,347.0,151.0,583.0,1,-1,-1,-1
1278,3,1223.0,351.0,154.0,579.0,1,-1,-1,-1
1279,3,1221.0,359.0,157.0,573.0,1,-1,-1,-1
1280,3,1219.0,361.0,160.0,571.0,1,-1,-1,-1
1281,3,1216.0,371.0,166.0,562.0,1,-1,-1,-1
1282,3,1212.0,382.0,172.0,550.0,1,-1,-1,-1
1283,3,1210.0,388.0,175.0,542.0,1,-1,-1,-1
1284,3,1203.0,392.0,181.0,537.0,1,-1,-1,-1
1285,3,1202.0,395.0,183.0,537.0,1,-1,-1,-1
1286,3,1202.0,395.0,184.0,538.0,1,-1,-1,-1
1287,3,1200.0,392.0,187.0,542.0,1,-1,-1,-1
1288,3,1201.0,388.0,187.0,546.0,1,-1,-1,-1
1289,3,1203.0,383.0,184.0,549.0,1,-1,-1,-1
1290,3,1201.0,380.0,189.0,551.0,1,-1,-1,-1
1291,3,1201.0,373.0,193.0,559.0,1,-1,-1,-1
1292,3,1204.0,369.0,196.0,561.0,1,-1,-1,-1
1293,3,1204.0,362.0,198.0,570.0,1,-1,-1,-1
1294,3,1208.0,360.0,194.0,572.0,1,-1,-1,-1
1295,3,1209.0,354.0,197.0,585.0,1,-1,-1,-1
1296,3,1210.0,352.0,195.0,585.0,1,-1,-1,-1
1297,3,1209.0,350.0,195.0,589.0,1,-1,-1,-1
1298,3,1208.0,351.0,196.0,590.0,1,-1,-1,-1
1299,3,1207.0,356.0,197.0,579.0,1,-1,-1,-1
1300,3,1203.0,356.0,201.0,575.0,1,-1,-1,-1
1301,3,1201.0,365.0,201.0,563.0,1,-1,-1,-1
1302,3,1200.0,371.0,203.0,554.0,1,-1,-1,-1
1303,3,1204.0,378.0,194.0,548.0,1,-1,-1,-1
1304,3,1208.0,384.0,190.0,541.0,1,-1,-1,-1
1305,3,1205.0,394.0,192.0,536.0,1,-1,-1,-1
1306,3,1206.0,399.0,190.0,532.0,1,-1,-1,-1
1307,3,1204.0,406.0,190.0,526.0,1,-1,-1,-1
1308,3,1205.0,415.0,186.0,517.0,1,-1,-1,-1
1309,3,1210.0,421.0,181.0,513.0,1,-1,-1,-1
1310,3,1218.0,430.0,172.0,502.0,1,-1,-1,-1
1311,3,1224.0,432.0,164.0,503.0,1,-1,-1,-1
1312,3,1228.0,433.0,158.0,500.0,1,-1,-1,-1
1313,3,1228.0,433.0,157.0,498.0,1,-1,-1,-1
1314,3,1225.0,435.0,162.0,495.0,1,-1,-1,-1
1315,3,1222.0,436.0,165.0,491.0,1,-1,-1,-1
1316,3,1219.0,439.0,173.0,483.0,1,-1,-1,-1
1317,3,1214.0,438.0,177.0,471.0,1,-1,-1,-1
1318,3,1215.0,442.0,182.0,455.0,1,-1,-1,-1
1319,3,1215.0,438.0,179.0,452.0,1,-1,-1,-1
1320,3,1214.0,440.0,182.0,448.0,1,-1,-1,-1
1321,3,1212.0,444.0,188.0,442.0,1,-1,-1,-1
1322,3,1213.0,444.0,187.0,444.0,1,-1,-1,-1
1323,3,1214.0,446.0,187.0,442.0,1,-1,-1,-1
1324,3,1212.0,443.0,188.0,446.0,1,-1,-1,-1
1325,3,1214.0,446.0,183.0,444.0,1,-1,-1,-1
1326,3,1215.0,447.0,183.0,443.0,1,-1,-1,-1
1327,3,1213.0,447.0,187.0,443.0,1,-1,-1,-1
1328,3,1215.0,446.0,183.0,447.0,1,-1,-1,-1
1329,3,1214.0,445.0,187.0,448.0,1,-1,-1,-1
1330,3,1212.0,446.0,196.0,446.0,1,-1,-1,-1
1331,3,1214.0,441.0,194.0,450.0,1,-1,-1,-1
1332,3,1214.0,436.0,193.0,450.0,1,-1,-1,-1
1333,3,1216.0,430.0,191.0,458.0,1,-1,-1,-1
1334,3,1217.0,427.0,185.0,463.0,1,-1,-1,-1
1335,3,1221.0,423.0,182.0,476.0,1,-1,-1,-1
1336,3,1218.0,419.0,184.0,493.0,1,-1,-1,-1
1337,3,1214.0,418.0,188.0,513.0,1,-1,-1,-1
1338,3,1212.0,421.0,190.0,523.0,1,-1,-1,-1
1339,3,1209.0,419.0,192.0,528.0,1,-1,-1,-1
1340,3,1209.0,421.0,193.0,525.0,1,-1,-1,-1
1341,3,1207.0,424.0,196.0,521.0,1,-1,-1,-1
1342,3,1206.0,425.0,199.0,522.0,1,-1,-1,-1
1343,3,1197.0,424.0,211.0,519.0,1,-1,-1,-1
1344,3,1191.0,421.0,220.0,522.0,1,-1,-1,-1
1345,3,1191.0,415.0,223.0,529.0,1,-1,-1,-1
1346,3,1189.0,408.0,227.0,536.0,1,-1,-1,-1
1347,3,1188.0,403.0,230.0,541.0,1,-1,-1,-1
1348,3,1188.0,397.0,231.0,547.0,1,-1,-1,-1
1349,3,1189.0,392.0,229.0,551.0,1,-1,-1,-1
1350,3,1191.0,391.0,226.0,551.0,1,-1,-1,-1
1351,3,1195.0,390.0,219.0,553.0,1,-1,-1,-1
1352,3,1199.0,388.0,215.0,556.0,1,-1,-1,-1
1353,3,1201.0,388.0,212.0,556.0,1,-1,-1,-1
1354,3,1200.0,388.0,216.0,556.0,1,-1,-1,-1
1355,3,1200.0,390.0,215.0,557.0,1,-1,-1,-1
1356,3,1199.0,393.0,213.0,557.0,1,-1,-1,-1
1357,3,1199.0,393.0,216.0,555.0,1,-1,-1,-1
1358,3,1200.0,397.0,210.0,551.0,1,-1,-1,-1
1359,3,1202.0,397.0,212.0,549.0,1,-1,-1,-1
1360,3,1200.0,395.0,213.0,552.0,1,-1,-1,-1
1361,3,1198.0,396.0,213.0,550.0,1,-1,-1,-1
1362,3,1194.0,396.0,213.0,549.0,1,-1,-1,-1
1363,3,1193.0,399.0,207.0,546.0,1,-1,-1,-1
1364,3,1191.0,400.0,208.0,545.0,1,-1,-1,-1
1365,3,1201.0,400.0,196.0,548.0,1,-1,-1,-1
1366,3,1211.0,403.0,183.0,541.0,1,-1,-1,-1
1367,3,1220.0,404.0,173.0,544.0,1,-1,-1,-1
1368,3,1226.0,410.0,166.0,536.0,1,-1,-1,-1
1369,3,1219.0,417.0,172.0,526.0,1,-1,-1,-1
1370,3,1216.0,419.0,175.0,529.0,1,-1,-1,-1
1371,3,1208.0,425.0,181.0,523.0,1,-1,-1,-1
1372,3,1202.0,429.0,187.0,510.0,1,-1,-1,-1
1373,3,1198.0,432.0,191.0,509.0,1,-1,-1,-1
1374,3,1197.0,432.0,190.0,509.0,1,-1,-1,-1
1375,3,1196.0,431.0,191.0,510.0,1,-1,-1,-1
1376,3,1191.0,433.0,197.0,504.0,1,-1,-1,-1
1377,3,1186.0,432.0,205.0,500.0,1,-1,-1,-1
1378,3,1180.0,433.0,215.0,496.0,1,-1,-1,-1
1379,3,1171.0,433.0,227.0,489.0,1,-1,-1,-1
1380,3,1163.0,431.0,238.0,484.0,1,-1,-1,-1
1381,3,1159.0,418.0,246.0,492.0,1,-1,-1,-1
1382,3,1160.0,412.0,245.0,492.0,1,-1,-1,-1
1383,3,1167.0,418.0,238.0,479.0,1,-1,-1,-1
1384,3,1174.0,415.0,229.0,479.0,1,-1,-1,-1
1385,3,1187.0,412.0,218.0,479.0,1,-1,-1,-1
1386,3,1193.0,402.0,210.0,489.0,1,-1,-1,-1
1387,3,1208.0,402.0,194.0,486.0,1,-1,-1,-1
1388,3,1207.0,402.0,195.0,485.0,1,-1,-1,-1
1389,3,1202.0,406.0,198.0,480.0,1,-1,-1,-1
1390,3,1201.0,410.0,200.0,477.0,1,-1,-1,-1
1391,3,1204.0,412.0,194.0,471.0,1,-1,-1,-1
1392,3,1205.0,413.0,189.0,464.0,1,-1,-1,-1
1393,3,1202.0,412.0,191.0,462.0,1,-1,-1,-1
1394,3,1204.0,411.0,186.0,459.0,1,-1,-1,-1
1395,3,1207.0,409.0,182.0,455.0,1,-1,-1,-1
1396,3,1207.0,407.0,180.0,456.0,1,-1,-1,-1
1397,3,1202.0,405.0,183.0,456.0,1,-1,-1,-1
1398,3,1201.0,404.0,181.0,457.0,1,-1,-1,-1
1399,3,1198.0,404.0,181.0,459.0,1,-1,-1,-1
1400,3,1199.0,404.0,178.0,461.0,1,-1,-1,-1
1401,3,1200.0,406.0,177.0,462.0,1,-1,-1,-1
1402,3,1203.0,403.0,177.0,466.0,1,-1,-1,-1
1403,3,1200.0,409.0,180.0,464.0,1,-1,-1,-1
1404,3,1200.0,413.0,181.0,457.0,1,-1,-1,-1
1405,3,1200.0,418.0,182.0,454.0,1,-1,-1,-1
1406,3,1205.0,422.0,179.0,451.0,1,-1,-1,-1
1407,3,1206.0,423.0,184.0,449.0,1,-1,-1,-1
1408,3,1204.0,423.0,186.0,449.0,1,-1,-1,-1
1409,3,1204.0,421.0,186.0,452.0,1,-1,-1,-1
1410,3,1205.0,420.0,183.0,455.0,1,-1,-1,-1
1411,3,1199.0,417.0,192.0,457.0,1,-1,-1,-1
1412,3,1200.0,413.0,189.0,459.0,1,-1,-1,-1
1413,3,1197.0,410.0,190.0,458.0,1,-1,-1,-1
1414,3,1198.0,406.0,194.0,455.0,1,-1,-1,-1
1415,3,1207.0,405.0,186.0,449.0,1,-1,-1,-1
1416,3,1202.0,402.0,195.0,449.0,1,-1,-1,-1
1417,3,1196.0,401.0,203.0,445.0,1,-1,-1,-1
1418,3,1192.0,399.0,207.0,442.0,1,-1,-1,-1
1419,3,1187.0,398.0,211.0,440.0,1,-1,-1,-1
1420,3,1184.0,398.0,215.0,442.0,1,-1,-1,-1
1421,3,1179.0,401.0,222.0,439.0,1,-1,-1,-1
1422,3,1176.0,403.0,224.0,441.0,1,-1,-1,-1
1423,3,1175.0,411.0,223.0,435.0,1,-1,-1,-1
1424,3,1178.0,417.0,217.0,430.0,1,-1,-1,-1
1425,3,1181.0,423.0,211.0,426.0,1,-1,-1,-1
1426,3,1188.0,423.0,204.0,425.0,1,-1,-1,-1
1427,3,1195.0,424.0,200.0,424.0,1,-1,-1,-1
1428,3,1206.0,421.0,189.0,429.0,1,-1,-1,-1
1429,3,1206.0,416.0,191.0,436.0,1,-1,-1,-1
1430,3,1207.0,414.0,189.0,435.0,1,-1,-1,-1
1431,3,1208.0,414.0,186.0,433.0,1,-1,-1,-1
1432,3,1210.0,417.0,179.0,433.0,1,-1,-1,-1
1433,3,1216.0,420.0,173.0,439.0,1,-1,-1,-1
1434,3,1221.0,420.0,167.0,454.0,1,-1,-1,-1
1435,3,1221.0,422.0,167.0,459.0,1,-1,-1,-1
1436,3,1221.0,427.0,164.0,459.0,1,-1,-1,-1
1437,3,1222.0,431.0,163.0,456.0,1,-1,-1,-1
1438,3,1221.0,435.0,165.0,454.0,1,-1,-1,-1
1439,3,1220.0,435.0,166.0,453.0,1,-1,-1,-1
1440,3,1220.0,437.0,165.0,450.0,1,-1,-1,-1
1441,3,1223.0,436.0,162.0,452.0,1,-1,-1,-1
1442,3,1221.0,434.0,164.0,453.0,1,-1,-1,-1
1443,3,1226.0,433.0,158.0,455.0,1,-1,-1,-1
1444,3,1231.0,432.0,154.0,456.0,1,-1,-1,-1
1445,3,1229.0,429.0,157.0,458.0,1,-1,-1,-1
1446,3,1228.0,425.0,158.0,465.0,1,-1,-1,-1
1447,3,1219.0,418.0,168.0,472.0,1,-1,-1,-1
1448,3,1215.0,417.0,174.0,472.0,1,-1,-1,-1
1449,3,1211.0,416.0,183.0,482.0,1,-1,-1,-1
1450,3,1208.0,417.0,186.0,479.0,1,-1,-1,-1
1451,3,1205.0,415.0,193.0,483.0,1,-1,-1,-1
1452,3,1200.0,417.0,199.0,479.0,1,-1,-1,-1
1453,3,1194.0,421.0,208.0,473.0,1,-1,-1,-1
1454,3,1190.0,421.0,211.0,477.0,1,-1,-1,-1
1455,3,1184.0,423.0,219.0,475.0,1,-1,-1,-1
1456,3,1182.0,424.0,218.0,475.0,1,-1,-1,-1
1457,3,1179.0,423.0,215.0,474.0,1,-1,-1,-1
1458,3,1177.0,426.0,211.0,469.0,1,-1,-1,-1
1459,3,1178.0,423.0,209.0,473.0,1,-1,-1,-1
1460,3,1176.0,418.0,210.0,477.0,1,-1,-1,-1
1461,3,1173.0,414.0,212.0,485.0,1,-1,-1,-1
1462,3,1173.0,411.0,211.0,488.0,1,-1,-1,-1
1463,3,1173.0,409.0,212.0,491.0,1,-1,-1,-1
1464,3,1174.0,406.0,211.0,492.0,1,-1,-1,-1
1465,3,1177.0,404.0,208.0,490.0,1,-1,-1,-1
1466,3,1178.0,403.0,205.0,485.0,1,-1,-1,-1
1467,3,1177.0,403.0,207.0,484.0,1,-1,-1,-1
1468,3,1178.0,405.0,207.0,481.0,1,-1,-1,-1
1469,3,1179.0,406.0,205.0,482.0,1,-1,-1,-1
1470,3,1183.0,408.0,202.0,483.0,1,-1,-1,-1
1471,3,1188.0,410.0,196.0,480.0,1,-1,-1,-1
1472,3,1187.0,412.0,199.0,481.0,1,-1,-1,-1
1473,3,1190.0,413.0,199.0,481.0,1,-1,-1,-1
1474,3,1189.0,411.0,199.0,482.0,1,-1,-1,-1
1475,3,1186.0,409.0,202.0,485.0,1,-1,-1,-1
1476,3,1187.0,405.0,199.0,490.0,1,-1,-1,-1
1477,3,1188.0,403.0,193.0,490.0,1,-1,-1,-1
1478,3,1187.0,404.0,193.0,484.0,1,-1,-1,-1
1479,3,1183.0,403.0,196.0,480.0,1,-1,-1,-1
1480,3,1185.0,402.0,196.0,473.0,1,-1,-1,-1
1481,3,1179.0,397.0,203.0,468.0,1,-1,-1,-1
1482,3,1178.0,398.0,205.0,464.0,1,-1,-1,-1
1483,3,1175.0,397.0,208.0,460.0,1,-1,-1,-1
1484,3,1174.0,401.0,209.0,454.0,1,-1,-1,-1
1485,3,1175.0,407.0,207.0,446.0,1,-1,-1,-1
1486,3,1176.0,411.0,207.0,438.0,1,-1,-1,-1
1487,3,1173.0,421.0,211.0,429.0,1,-1,-1,-1
1488,3,1171.0,425.0,214.0,426.0,1,-1,-1,-1
1489,3,1169.0,431.0,217.0,419.0,1,-1,-1,-1
1490,3,1168.0,434.0,219.0,416.0,1,-1,-1,-1
1491,3,1167.0,434.0,221.0,418.0,1,-1,-1,-1
1492,3,1167.0,432.0,220.0,419.0,1,-1,-1,-1
1493,3,1171.0,430.0,216.0,420.0,1,-1,-1,-1
1494,3,1177.0,425.0,207.0,426.0,1,-1,-1,-1
1495,3,1182.0,417.0,200.0,436.0,1,-1,-1,-1
1496,3,1184.0,412.0,196.0,442.0,1,-1,-1,-1
1497,3,1187.0,409.0,192.0,447.0,1,-1,-1,-1
1498,3,1191.0,407.0,186.0,451.0,1,-1,-1,-1
1499,3,1195.0,410.0,182.0,450.0,1,-1,-1,-1
1500,3,1196.0,407.0,182.0,462.0,1,-1,-1,-1
1501,3,1202.0,404.0,172.0,476.0,1,-1,-1,-1
1502,3,1209.0,404.0,159.0,481.0,1,-1,-1,-1
1503,3,1215.0,405.0,149.0,481.0,1,-1,-1,-1
1504,3,1218.0,404.0,143.0,483.0,1,-1,-1,-1
1505,3,1221.0,406.0,142.0,482.0,1,-1,-1,-1
1506,3,1226.0,405.0,138.0,485.0,1,-1,-1,-1
1507,3,1228.0,402.0,138.0,488.0,1,-1,-1,-1
1508,3,1230.0,397.0,141.0,497.0,1,-1,-1,-1
1509,3,1232.0,398.0,144.0,497.0,1,-1,-1,-1
1510,3,1234.0,398.0,145.0,496.0,1,-1,-1,-1
1511,3,1235.0,403.0,150.0,488.0,1,-1,-1,-1
1512,3,1239.0,398.0,152.0,496.0,1,-1,-1,-1
1513,3,1240.0,394.0,150.0,494.0,1,-1,-1,-1
1514,3,1244.0,391.0,151.0,493.0,1,-1,-1,-1
1515,3,1246.0,389.0,152.0,498.0,1,-1,-1,-1
1516,3,1246.0,388.0,157.0,500.0,1,-1,-1,-1
1517,3,1245.0,388.0,166.0,502.0,1,-1,-1,-1
1518,3,1244.0,389.0,183.0,503.0,1,-1,-1,-1
1519,3,1243.0,394.0,189.0,497.0,1,-1,-1,-1
1520,3,1240.0,396.0,199.0,495.0,1,-1,-1,-1
1521,3,1241.0,399.0,202.0,493.0,1,-1,-1,-1
1522,3,1243.0,404.0,195.0,488.0,1,-1,-1,-1
1523,3,1248.0,407.0,191.0,487.0,1,-1,-1,-1
1524,3,1248.0,402.0,195.0,493.0,1,-1,-1,-1
1525,3,1252.0,399.0,192.0,496.0,1,-1,-1,-1
1526,3,1255.0,397.0,186.0,499.0,1,-1,-1,-1
1527,3,1258.0,394.0,182.0,503.0,1,-1,-1,-1
1528,3,1260.0,388.0,179.0,507.0,1,-1,-1,-1
1529,3,1260.0,385.0,181.0,511.0,1,-1,-1,-1
1530,3,1261.0,387.0,183.0,508.0,1,-1,-1,-1
1531,3,1262.0,388.0,185.0,510.0,1,-1,-1,-1
1532,3,1265.0,391.0,184.0,509.0,1,-1,-1,-1
1533,3,1267.0,392.0,182.0,518.0,1,-1,-1,-1
1534,3,1271.0,393.0,179.0,525.0,1,-1,-1,-1
1535,3,1280.0,395.0,168.0,534.0,1,-1,-1,-1
1536,3,1287.0,398.0,159.0,533.0,1,-1,-1,-1
1537,3,1288.0,399.0,156.0,532.0,1,-1,-1,-1
1538,3,1289.0,399.0,156.0,534.0,1,-1,-1,-1
1539,3,1293.0,396.0,150.0,539.0,1,-1,-1,-1
1540,3,1294.0,392.0,149.0,544.0,1,-1,-1,-1
1541,3,1295.0,385.0,143.0,551.0,1,-1,-1,-1
1542,3,1295.0,375.0,143.0,558.0,1,-1,-1,-1
1543,3,1297.0,369.0,139.0,566.0,1,-1,-1,-1
1544,3,1297.0,365.0,139.0,571.0,1,-1,-1,-1
1545,3,1296.0,364.0,143.0,571.0,1,-1,-1,-1
1546,3,1297.0,361.0,144.0,574.0,1,-1,-1,-1
1547,3,1297.0,363.0,144.0,572.0,1,-1,-1,-1
1548,3,1297.0,364.0,145.0,574.0,1,-1,-1,-1
1549,3,1300.0,368.0,143.0,579.0,1,-1,-1,-1
1550,3,1297.0,371.0,147.0,572.0,1,-1,-1,-1
1551,3,1296.0,371.0,151.0,575.0,1,-1,-1,-1
1552,3,1296.0,375.0,151.0,571.0,1,-1,-1,-1
1553,3,1297.0,380.0,152.0,566.0,1,-1,-1,-1
1554,3,1294.0,388.0,160.0,559.0,1,-1,-1,-1
1555,3,1295.0,393.0,161.0,552.0,1,-1,-1,-1
1556,3,1291.0,394.0,167.0,550.0,1,-1,-1,-1
1557,3,1290.0,390.0,171.0,555.0,1,-1,-1,-1
1558,3,1293.0,391.0,166.0,554.0,1,-1,-1,-1
1559,3,1295.0,379.0,166.0,567.0,1,-1,-1,-1
1560,3,1298.0,377.0,166.0,566.0,1,-1,-1,-1
1561,3,1299.0,373.0,162.0,573.0,1,-1,-1,-1
1562,3,1299.0,374.0,161.0,571.0,1,-1,-1,-1
1563,3,1298.0,376.0,162.0,567.0,1,-1,-1,-1
1564,3,1295.0,379.0,166.0,561.0,1,-1,-1,-1
1565,3,1293.0,383.0,174.0,557.0,1,-1,-1,-1
1566,3,1293.0,388.0,180.0,558.0,1,-1,-1,-1
1567,3,1296.0,393.0,177.0,558.0,1,-1,-1,-1
1568,3,1297.0,399.0,174.0,551.0,1,-1,-1,-1
1569,3,1298.0,404.0,175.0,545.0,1,-1,-1,-1
1570,3,1291.0,404.0,183.0,545.0,1,-1,-1,-1
1571,3,1294.0,409.0,180.0,539.0,1,-1,-1,-1
1572,3,1293.0,408.0,185.0,539.0,1,-1,-1,-1
1573,3,1292.0,407.0,189.0,535.0,1,-1,-1,-1
1574,3,1294.0,404.0,191.0,533.0,1,-1,-1,-1
1575,3,1288.0,407.0,200.0,528.0,1,-1,-1,-1
1576,3,1283.0,406.0,215.0,522.0,1,-1,-1,-1
1577,3,1278.0,406.0,229.0,507.0,1,-1,-1,-1
1578,3,1272.0,413.0,242.0,492.0,1,-1,-1,-1
1579,3,1266.0,420.0,250.0,478.0,1,-1,-1,-1
1580,3,1264.0,419.0,261.0,468.0,1,-1,-1,-1
1581,3,1260.0,422.0,271.0,466.0,1,-1,-1,-1
1582,3,1254.0,422.0,282.0,470.0,1,-1,-1,-1
1583,3,1253.0,422.0,289.0,469.0,1,-1,-1,-1
1584,3,1248.0,422.0,298.0,467.0,1,-1,-1,-1
1585,3,1244.0,425.0,303.0,466.0,1,-1,-1,-1
1586,3,1244.0,428.0,302.0,466.0,1,-1,-1,-1
1587,3,1244.0,429.0,303.0,466.0,1,-1,-1,-1
1588,3,1246.0,432.0,299.0,463.0,1,-1,-1,-1
1589,3,1250.0,437.0,284.0,456.0,1,-1,-1,-1
1590,3,1250.0,440.0,277.0,458.0,1,-1,-1,-1
1591,3,1259.0,435.0,264.0,463.0,1,-1,-1,-1
1592,3,1264.0,429.0,253.0,468.0,1,-1,-1,-1
1593,3,1268.0,425.0,248.0,471.0,1,-1,-1,-1
1594,3,1270.0,420.0,247.0,477.0,1,-1,-1,-1
1595,3,1276.0,414.0,235.0,480.0,1,-1,-1,-1
1596,3,1280.0,408.0,220.0,489.0,1,-1,-1,-1
1597,3,1282.0,407.0,209.0,504.0,1,-1,-1,-1
1598,3,1287.0,398.0,195.0,528.0,1,-1,-1,-1
1599,3,1292.0,393.0,185.0,539.0,1,-1,-1,-1
1600,3,1298.0,393.0,174.0,550.0,1,-1,-1,-1
1601,3,1303.0,396.0,166.0,552.0,1,-1,-1,-1
1602,3,1306.0,397.0,160.0,549.0,1,-1,-1,-1
1603,3,1308.0,398.0,158.0,546.0,1,-1,-1,-1
1604,3,1309.0,396.0,159.0,549.0,1,-1,-1,-1
1605,3,1312.0,393.0,155.0,552.0,1,-1,-1,-1
1606,3,1316.0,391.0,152.0,555.0,1,-1,-1,-1
1607,3,1317.0,384.0,150.0,564.0,1,-1,-1,-1
1608,3,1319.0,377.0,150.0,571.0,1,-1,-1,-1
1609,3,1321.0,372.0,147.0,577.0,1,-1,-1,-1
1610,3,1322.0,363.0,147.0,586.0,1,-1,-1,-1
1611,3,1321.0,363.0,151.0,591.0,1,-1,-1,-1
1612,3,1321.0,359.0,150.0,590.0,1,-1,-1,-1
1613,3,1322.0,359.0,149.0,591.0,1,-1,-1,-1
1614,3,1324.0,365.0,150.0,587.0,1,-1,-1,-1
1615,3,1325.0,366.0,151.0,587.0,1,-1,-1,-1
1616,3,1325.0,367.0,154.0,588.0,1,-1,-1,-1
1617,3,1325.0,374.0,160.0,581.0,1,-1,-1,-1
1618,3,1326.0,376.0,162.0,578.0,1,-1,-1,-1
1619,3,1324.0,380.0,168.0,573.0,1,-1,-1,-1
1620,3,1324.0,382.0,166.0,570.0,1,-1,-1,-1
1621,3,1323.0,383.0,167.0,570.0,1,-1,-1,-1
1622,3,1323.0,384.0,167.0,569.0,1,-1,-1,-1
1623,3,1322.0,381.0,169.0,572.0,1,-1,-1,-1
1624,3,1321.0,379.0,170.0,572.0,1,-1,-1,-1
1625,3,1319.0,379.0,168.0,575.0,1,-1,-1,-1
1626,3,1319.0,375.0,171.0,577.0,1,-1,-1,-1
1627,3,1316.0,378.0,174.0,572.0,1,-1,-1,-1
1628,3,1314.0,377.0,174.0,572.0,1,-1,-1,-1
1629,3,1314.0,378.0,175.0,569.0,1,-1,-1,-1
1630,3,1312.0,382.0,179.0,561.0,1,-1,-1,-1
1631,3,1310.0,390.0,189.0,552.0,1,-1,-1,-1
1632,3,1308.0,397.0,196.0,540.0,1,-1,-1,-1
1633,3,1311.0,397.0,197.0,535.0,1,-1,-1,-1
1634,3,1314.0,401.0,198.0,525.0,1,-1,-1,-1
1635,3,1317.0,414.0,195.0,509.0,1,-1,-1,-1
1636,3,1323.0,415.0,188.0,499.0,1,-1,-1,-1
1637,3,1322.0,413.0,198.0,497.0,1,-1,-1,-1
1638,3,1324.0,419.0,207.0,491.0,1,-1,-1,-1
1639,3,1323.0,421.0,221.0,487.0,1,-1,-1,-1
1640,3,1322.0,424.0,225.0,483.0,1,-1,-1,-1
1641,3,1324.0,425.0,225.0,481.0,1,-1,-1,-1
1642,3,1324.0,422.0,234.0,480.0,1,-1,-1,-1
1643,3,1323.0,423.0,239.0,480.0,1,-1,-1,-1
1644,3,1321.0,424.0,262.0,476.0,1,-1,-1,-1
1645,3,1320.0,424.0,269.0,473.0,1,-1,-1,-1
1646,3,1321.0,426.0,273.0,474.0,1,-1,-1,-1
1647,3,1317.0,425.0,286.0,476.0,1,-1,-1,-1
1648,3,1317.0,427.0,291.0,474.0,1,-1,-1,-1
1649,3,1315.0,428.0,301.0,475.0,1,-1,-1,-1
1650,3,1312.0,430.0,311.0,470.0,1,-1,-1,-1
1651,3,1314.0,432.0,316.0,472.0,1,-1,-1,-1
1652,3,1313.0,437.0,321.0,469.0,1,-1,-1,-1
1653,3,1313.0,439.0,323.0,471.0,1,-1,-1,-1
1654,3,1315.0,440.0,318.0,466.0,1,-1,-1,-1
1655,3,1318.0,441.0,309.0,465.0,1,-1,-1,-1
1656,3,1319.0,440.0,295.0,465.0,1,-1,-1,-1
1657,3,1322.0,431.0,278.0,474.0,1,-1,-1,-1
1658,3,1320.0,421.0,250.0,483.0,1,-1,-1,-1
1659,3,1318.0,416.0,244.0,486.0,1,-1,-1,-1
1660,3,1312.0,410.0,238.0,487.0,1,-1,-1,-1
1661,3,1308.0,407.0,229.0,486.0,1,-1,-1,-1
1662,3,1303.0,399.0,226.0,495.0,1,-1,-1,-1
1663,3,1299.0,396.0,227.0,502.0,1,-1,-1,-1
1664,3,1296.0,391.0,222.0,515.0,1,-1,-1,-1
1665,3,1292.0,389.0,220.0,522.0,1,-1,-1,-1
1666,3,1284.0,393.0,215.0,532.0,1,-1,-1,-1
1667,3,1274.0,391.0,223.0,542.0,1,-1,-1,-1
1668,3,1269.0,395.0,219.0,542.0,1,-1,-1,-1
1669,3,1269.0,399.0,217.0,539.0,1,-1,-1,-1
1670,3,1279.0,395.0,213.0,544.0,1,-1,-1,-1
1671,3,1292.0,391.0,192.0,549.0,1,-1,-1,-1
1672,3,1300.0,391.0,191.0,546.0,1,-1,-1,-1
1673,3,1307.0,387.0,183.0,549.0,1,-1,-1,-1
1674,3,1309.0,386.0,182.0,550.0,1,-1,-1,-1
1675,3,1313.0,388.0,178.0,547.0,1,-1,-1,-1
1676,3,1314.0,387.0,171.0,550.0,1,-1,-1,-1
1677,3,1315.0,387.0,166.0,553.0,1,-1,-1,-1
1678,3,1316.0,386.0,163.0,554.0,1,-1,-1,-1
1679,3,1316.0,386.0,166.0,555.0,1,-1,-1,-1
1680,3,1316.0,385.0,170.0,552.0,1,-1,-1,-1
1681,3,1315.0,388.0,179.0,555.0,1,-1,-1,-1
1682,3,1315.0,391.0,190.0,554.0,1,-1,-1,-1
1683,3,1314.0,393.0,198.0,554.0,1,-1,-1,-1
1684,3,1316.0,393.0,211.0,556.0,1,-1,-1,-1
1685,3,1316.0,397.0,220.0,545.0,1,-1,-1,-1
1686,3,1314.0,403.0,232.0,533.0,1,-1,-1,-1
1687,3,1313.0,405.0,239.0,526.0,1,-1,-1,-1
1688,3,1312.0,404.0,245.0,527.0,1,-1,-1,-1
1689,3,1307.0,404.0,251.0,528.0,1,-1,-1,-1
1690,3,1300.0,401.0,257.0,533.0,1,-1,-1,-1
1691,3,1292.0,400.0,262.0,536.0,1,-1,-1,-1
1692,3,1285.0,395.0,265.0,544.0,1,-1,-1,-1
1693,3,1277.0,394.0,264.0,545.0,1,-1,-1,-1
1694,3,1275.0,391.0,263.0,547.0,1,-1,-1,-1
1695,3,1282.0,391.0,248.0,542.0,1,-1,-1,-1
1696,3,1287.0,390.0,238.0,532.0,1,-1,-1,-1
1697,3,1318.0,396.0,202.0,527.0,1,-1,-1,-1
1698,3,1305.0,395.0,212.0,532.0,1,-1,-1,-1
1699,3,1307.0,395.0,211.0,532.0,1,-1,-1,-1
1700,3,1314.0,397.0,203.0,528.0,1,-1,-1,-1
1701,3,1325.0,398.0,193.0,529.0,1,-1,-1,-1
1702,3,1328.0,414.0,189.0,511.0,1,-1,-1,-1
1703,3,1329.0,416.0,187.0,506.0,1,-1,-1,-1
1704,3,1331.0,417.0,184.0,504.0,1,-1,-1,-1
1705,3,1331.0,422.0,179.0,503.0,1,-1,-1,-1
1706,3,1331.0,421.0,181.0,505.0,1,-1,-1,-1
1707,3,1329.0,421.0,184.0,506.0,1,-1,-1,-1
1708,3,1328.0,421.0,185.0,504.0,1,-1,-1,-1
1709,3,1326.0,422.0,185.0,504.0,1,-1,-1,-1
1710,3,1326.0,424.0,186.0,503.0,1,-1,-1,-1
1711,3,1328.0,423.0,186.0,506.0,1,-1,-1,-1
1712,3,1327.0,422.0,191.0,513.0,1,-1,-1,-1
1713,3,1323.0,430.0,193.0,509.0,1,-1,-1,-1
1714,3,1323.0,436.0,192.0,501.0,1,-1,-1,-1
1715,3,1323.0,435.0,199.0,499.0,1,-1,-1,-1
1716,3,1321.0,440.0,202.0,496.0,1,-1,-1,-1
1717,3,1318.0,443.0,212.0,491.0,1,-1,-1,-1
1718,3,1319.0,445.0,212.0,488.0,1,-1,-1,-1
1719,3,1321.0,445.0,212.0,489.0,1,-1,-1,-1
1720,3,1323.0,442.0,214.0,493.0,1,-1,-1,-1
1721,3,1326.0,433.0,209.0,506.0,1,-1,-1,-1
1722,3,1327.0,431.0,209.0,506.0,1,-1,-1,-1
1723,3,1329.0,427.0,209.0,509.0,1,-1,-1,-1
1724,3,1332.0,421.0,209.0,515.0,1,-1,-1,-1
1725,3,1333.0,417.0,211.0,516.0,1,-1,-1,-1
1726,3,1335.0,409.0,205.0,526.0,1,-1,-1,-1
1727,3,1339.0,402.0,204.0,533.0,1,-1,-1,-1
1728,3,1341.0,398.0,201.0,538.0,1,-1,-1,-1
1729,3,1345.0,399.0,199.0,535.0,1,-1,-1,-1
1730,3,1348.0,399.0,197.0,534.0,1,-1,-1,-1
1731,3,1348.0,397.0,199.0,532.0,1,-1,-1,-1
1732,3,1349.0,399.0,198.0,525.0,1,-1,-1,-1
1733,3,1350.0,401.0,201.0,519.0,1,-1,-1,-1
1734,3,1346.0,403.0,208.0,515.0,1,-1,-1,-1
1735,3,1345.0,403.0,210.0,520.0,1,-1,-1,-1
1736,3,1343.0,401.0,211.0,527.0,1,-1,-1,-1
1737,3,1346.0,399.0,211.0,536.0,1,-1,-1,-1
1738,3,1341.0,398.0,219.0,528.0,1,-1,-1,-1
1739,3,1339.0,397.0,227.0,525.0,1,-1,-1,-1
1740,3,1338.0,393.0,226.0,525.0,1,-1,-1,-1
1741,3,1338.0,390.0,228.0,522.0,1,-1,-1,-1
1742,3,1334.0,390.0,229.0,518.0,1,-1,-1,-1
1743,3,1336.0,390.0,228.0,511.0,1,-1,-1,-1
1744,3,1336.0,389.0,229.0,508.0,1,-1,-1,-1
1745,3,1338.0,388.0,229.0,506.0,1,-1,-1,-1
1746,3,1336.0,389.0,231.0,505.0,1,-1,-1,-1
1747,3,1337.0,395.0,226.0,502.0,1,-1,-1,-1
1748,3,1332.0,401.0,231.0,492.0,1,-1,-1,-1
1749,3,1333.0,404.0,230.0,487.0,1,-1,-1,-1
1750,3,1330.0,407.0,234.0,486.0,1,-1,-1,-1
1751,3,1331.0,408.0,233.0,482.0,1,-1,-1,-1
1752,3,1328.0,408.0,233.0,480.0,1,-1,-1,-1
1753,3,1329.0,404.0,232.0,483.0,1,-1,-1,-1
1754,3,1328.0,399.0,231.0,489.0,1,-1,-1,-1
1755,3,1325.0,397.0,232.0,492.0,1,-1,-1,-1
1756,3,1326.0,394.0,228.0,495.0,1,-1,-1,-1
1757,3,1324.0,392.0,229.0,497.0,1,-1,-1,-1
1758,3,1323.0,389.0,225.0,506.0,1,-1,-1,-1
1759,3,1315.0,388.0,228.0,518.0,1,-1,-1,-1
1760,3,1317.0,389.0,223.0,523.0,1,-1,-1,-1
1761,3,1322.0,386.0,217.0,536.0,1,-1,-1,-1
1762,3,1326.0,390.0,211.0,542.0,1,-1,-1,-1
1763,3,1327.0,393.0,204.0,554.0,1,-1,-1,-1
1764,3,1325.0,395.0,201.0,554.0,1,-1,-1,-1
1765,3,1326.0,398.0,202.0,552.0,1,-1,-1,-1
1766,3,1328.0,399.0,197.0,550.0,1,-1,-1,-1
1767,3,1329.0,397.0,192.0,551.0,1,-1,-1,-1
1768,3,1330.0,400.0,187.0,548.0,1,-1,-1,-1
1769,3,1333.0,405.0,180.0,543.0,1,-1,-1,-1
1770,3,1336.0,404.0,175.0,544.0,1,-1,-1,-1
1771,3,1341.0,403.0,171.0,547.0,1,-1,-1,-1
1772,3,1342.0,404.0,169.0,546.0,1,-1,-1,-1
1773,3,1346.0,403.0,165.0,548.0,1,-1,-1,-1
1774,3,1346.0,403.0,164.0,548.0,1,-1,-1,-1
1775,3,1346.0,405.0,163.0,542.0,1,-1,-1,-1
1776,3,1347.0,407.0,161.0,529.0,1,-1,-1,-1
1777,3,1347.0,411.0,161.0,518.0,1,-1,-1,-1
1778,3,1344.0,412.0,161.0,515.0,1,-1,-1,-1
1779,3,1343.0,415.0,161.0,512.0,1,-1,-1,-1
1780,3,1340.0,412.0,163.0,512.0,1,-1,-1,-1
1781,3,1339.0,415.0,162.0,507.0,1,-1,-1,-1
1782,3,1339.0,420.0,159.0,502.0,1,-1,-1,-1
1783,3,1339.0,423.0,157.0,500.0,1,-1,-1,-1
1784,3,1340.0,422.0,154.0,504.0,1,-1,-1,-1
1785,3,1340.0,421.0,158.0,506.0,1,-1,-1,-1
1786,3,1337.0,418.0,161.0,514.0,1,-1,-1,-1
1787,3,1333.0,411.0,169.0,516.0,1,-1,-1,-1
1788,3,1330.0,405.0,173.0,520.0,1,-1,-1,-1
1789,3,1325.0,400.0,183.0,524.0,1,-1,-1,-1
1790,3,1315.0,398.0,195.0,527.0,1,-1,-1,-1
1791,3,1307.0,393.0,204.0,532.0,1,-1,-1,-1
1792,3,1301.0,393.0,212.0,528.0,1,-1,-1,-1
1793,3,1293.0,389.0,219.0,532.0,1,-1,-1,-1
1794,3,1282.0,388.0,230.0,522.0,1,-1,-1,-1
1795,3,1270.0,388.0,245.0,521.0,1,-1,-1,-1
1796,3,1255.0,394.0,264.0,518.0,1,-1,-1,-1
1797,3,1248.0,402.0,271.0,507.0,1,-1,-1,-1
1798,3,1246.0,407.0,272.0,503.0,1,-1,-1,-1
1799,3,1247.0,409.0,268.0,496.0,1,-1,-1,-1
1800,3,1245.0,409.0,269.0,493.0,1,-1,-1,-1
1801,3,1249.0,410.0,266.0,491.0,1,-1,-1,-1
1802,3,1259.0,412.0,255.0,484.0,1,-1,-1,-1
1803,3,1267.0,412.0,247.0,484.0,1,-1,-1,-1
1804,3,1276.0,410.0,239.0,485.0,1,-1,-1,-1
1805,3,1293.0,407.0,224.0,486.0,1,-1,-1,-1
1806,3,1299.0,403.0,220.0,491.0,1,-1,-1,-1
1807,3,1303.0,397.0,214.0,499.0,1,-1,-1,-1
1808,3,1312.0,398.0,205.0,503.0,1,-1,-1,-1
1809,3,1315.0,394.0,201.0,514.0,1,-1,-1,-1
1810,3,1317.0,384.0,198.0,529.0,1,-1,-1,-1
1811,3,1319.0,383.0,193.0,539.0,1,-1,-1,-1
1812,3,1313.0,387.0,193.0,542.0,1,-1,-1,-1
1813,3,1311.0,390.0,190.0,540.0,1,-1,-1,-1
1814,3,1305.0,390.0,197.0,540.0,1,-1,-1,-1
1815,3,1300.0,394.0,205.0,538.0,1,-1,-1,-1
1816,3,1302.0,396.0,204.0,536.0,1,-1,-1,-1
1817,3,1300.0,403.0,208.0,528.0,1,-1,-1,-1
1818,3,1297.0,406.0,210.0,524.0,1,-1,-1,-1
1819,3,1292.0,407.0,213.0,522.0,1,-1,-1,-1
1820,3,1290.0,408.0,215.0,521.0,1,-1,-1,-1
1821,3,1289.0,406.0,217.0,523.0,1,-1,-1,-1
1822,3,1283.0,405.0,226.0,525.0,1,-1,-1,-1
1823,3,1275.0,402.0,234.0,525.0,1,-1,-1,-1
1824,3,1261.0,398.0,246.0,527.0,1,-1,-1,-1
1825,3,1258.0,391.0,252.0,537.0,1,-1,-1,-1
1826,3,1252.0,384.0,260.0,548.0,1,-1,-1,-1
1827,3,1247.0,380.0,269.0,553.0,1,-1,-1,-1
1828,3,1242.0,378.0,272.0,549.0,1,-1,-1,-1
1829,3,1232.0,366.0,285.0,561.0,1,-1,-1,-1
1830,3,1219.0,356.0,298.0,571.0,1,-1,-1,-1
1831,3,1212.0,355.0,307.0,570.0,1,-1,-1,-1
1832,3,1203.0,351.0,317.0,574.0,1,-1,-1,-1
1833,3,1198.0,349.0,322.0,575.0,1,-1,-1,-1
1834,3,1188.0,355.0,330.0,565.0,1,-1,-1,-1
1835,3,1179.0,358.0,340.0,563.0,1,-1,-1,-1
1836,3,1172.0,366.0,348.0,555.0,1,-1,-1,-1
1837,3,1168.0,369.0,350.0,551.0,1,-1,-1,-1
1838,3,1165.0,370.0,352.0,551.0,1,-1,-1,-1
1839,3,1156.0,373.0,361.0,547.0,1,-1,-1,-1
1840,3,1157.0,376.0,360.0,541.0,1,-1,-1,-1
1841,3,1157.0,382.0,359.0,537.0,1,-1,-1,-1
1842,3,1164.0,389.0,354.0,528.0,1,-1,-1,-1
1843,3,1158.0,396.0,365.0,519.0,1,-1,-1,-1
1844,3,1148.0,395.0,376.0,521.0,1,-1,-1,-1
1845,3,1148.0,394.0,375.0,525.0,1,-1,-1,-1
1846,3,1150.0,389.0,373.0,530.0,1,-1,-1,-1
1847,3,1157.0,392.0,366.0,528.0,1,-1,-1,-1
1848,3,1167.0,384.0,349.0,541.0,1,-1,-1,-1
1849,3,1172.0,383.0,344.0,541.0,1,-1,-1,-1
1850,3,1180.0,382.0,336.0,541.0,1,-1,-1,-1
1851,3,1190.0,383.0,326.0,541.0,1,-1,-1,-1
1852,3,1205.0,391.0,310.0,533.0,1,-1,-1,-1
1853,3,1221.0,393.0,296.0,530.0,1,-1,-1,-1
1854,3,1239.0,396.0,277.0,523.0,1,-1,-1,-1
1855,3,1258.0,404.0,254.0,514.0,1,-1,-1,-1
1856,3,1275.0,407.0,236.0,513.0,1,-1,-1,-1
1857,3,1277.0,412.0,233.0,508.0,1,-1,-1,-1
1858,3,1271.0,416.0,236.0,506.0,1,-1,-1,-1
1859,3,1265.0,423.0,240.0,493.0,1,-1,-1,-1
1860,3,1259.0,434.0,242.0,483.0,1,-1,-1,-1
1861,3,1256.0,448.0,236.0,468.0,1,-1,-1,-1
1862,3,1253.0,456.0,242.0,463.0,1,-1,-1,-1
1863,3,1247.0,466.0,248.0,455.0,1,-1,-1,-1
1864,3,1247.0,472.0,241.0,446.0,1,-1,-1,-1
1865,3,1245.0,484.0,251.0,437.0,1,-1,-1,-1
1866,3,1244.0,490.0,252.0,429.0,1,-1,-1,-1
1867,3,1240.0,493.0,256.0,423.0,1,-1,-1,-1
1868,3,1237.0,494.0,260.0,419.0,1,-1,-1,-1
1869,3,1237.0,495.0,253.0,413.0,1,-1,-1,-1
1870,3,1231.0,492.0,261.0,419.0,1,-1,-1,-1
1871,3,1226.0,488.0,260.0,423.0,1,-1,-1,-1
1872,3,1221.0,486.0,258.0,428.0,1,-1,-1,-1
1873,3,1211.0,481.0,262.0,435.0,1,-1,-1,-1
1874,3,1200.0,478.0,254.0,437.0,1,-1,-1,-1
1875,3,1183.0,474.0,262.0,432.0,1,-1,-1,-1
1876,3,1180.0,461.0,239.0,432.0,1,-1,-1,-1
1877,3,1179.0,457.0,227.0,432.0,1,-1,-1,-1
1878,3,1169.0,450.0,229.0,438.0,1,-1,-1,-1
1879,3,1165.0,443.0,228.0,445.0,1,-1,-1,-1
1880,3,1159.0,436.0,228.0,451.0,1,-1,-1,-1
1881,3,1149.0,428.0,234.0,457.0,1,-1,-1,-1
1882,3,1147.0,420.0,230.0,469.0,1,-1,-1,-1
1883,3,1143.0,412.0,230.0,479.0,1,-1,-1,-1
1884,3,1144.0,403.0,220.0,487.0,1,-1,-1,-1
1885,3,1140.0,398.0,222.0,488.0,1,-1,-1,-1
1886,3,1128.0,391.0,231.0,500.0,1,-1,-1,-1
1887,3,1125.0,387.0,233.0,504.0,1,-1,-1,-1
1888,3,1118.0,385.0,238.0,509.0,1,-1,-1,-1
1889,3,1117.0,384.0,237.0,513.0,1,-1,-1,-1
1890,3,1103.0,383.0,250.0,515.0,1,-1,-1,-1
1891,3,1094.0,380.0,256.0,521.0,1,-1,-1,-1
1892,3,1086.0,378.0,264.0,531.0,1,-1,-1,-1
1893,3,1080.0,375.0,270.0,540.0,1,-1,-1,-1
1894,3,1072.0,376.0,281.0,547.0,1,-1,-1,-1
1895,3,1063.0,377.0,290.0,550.0,1,-1,-1,-1
1896,3,1052.0,380.0,306.0,550.0,1,-1,-1,-1
1897,3,1047.0,384.0,313.0,545.0,1,-1,-1,-1
1898,3,1043.0,388.0,320.0,542.0,1,-1,-1,-1
1899,3,1040.0,391.0,321.0,543.0,1,-1,-1,-1
1900,3,1041.0,393.0,310.0,547.0,1,-1,-1,-1
1901,3,1045.0,391.0,301.0,548.0,1,-1,-1,-1
1902,3,1051.0,387.0,289.0,552.0,1,-1,-1,-1
1903,3,1050.0,383.0,283.0,557.0,1,-1,-1,-1
1904,3,1060.0,387.0,267.0,550.0,1,-1,-1,-1
1905,3,1063.0,386.0,263.0,549.0,1,-1,-1,-1
1906,3,1069.0,386.0,250.0,551.0,1,-1,-1,-1
1907,3,1078.0,389.0,236.0,548.0,1,-1,-1,-1
1908,3,1086.0,390.0,227.0,547.0,1,-1,-1,-1
1909,3,1096.0,388.0,207.0,549.0,1,-1,-1,-1
1910,3,1096.0,394.0,210.0,542.0,1,-1,-1,-1
1911,3,1102.0,403.0,205.0,530.0,1,-1,-1,-1
1912,3,1106.0,404.0,199.0,527.0,1,-1,-1,-1
1913,3,1103.0,416.0,198.0,516.0,1,-1,-1,-1
1914,3,1102.0,418.0,195.0,514.0,1,-1,-1,-1
1915,3,1093.0,419.0,205.0,513.0,1,-1,-1,-1
1916,3,1088.0,422.0,209.0,510.0,1,-1,-1,-1
1917,3,1089.0,425.0,208.0,507.0,1,-1,-1,-1
1918,3,1089.0,426.0,209.0,507.0,1,-1,-1,-1
1919,3,1092.0,424.0,210.0,511.0,1,-1,-1,-1
1920,3,1099.0,421.0,205.0,514.0,1,-1,-1,-1
1921,3,1102.0,422.0,203.0,516.0,1,-1,-1,-1
1922,3,1107.0,421.0,196.0,515.0,1,-1,-1,-1
1923,3,1108.0,422.0,196.0,514.0,1,-1,-1,-1
1924,3,1110.0,426.0,194.0,511.0,1,-1,-1,-1
1925,3,1110.0,431.0,198.0,503.0,1,-1,-1,-1
1926,3,1110.0,437.0,200.0,497.0,1,-1,-1,-1
1927,3,1109.0,441.0,203.0,484.0,1,-1,-1,-1
1928,3,1102.0,449.0,210.0,479.0,1,-1,-1,-1
1929,3,1087.0,452.0,225.0,478.0,1,-1,-1,-1
1930,3,1075.0,454.0,240.0,476.0,1,-1,-1,-1
1931,3,1063.0,452.0,253.0,478.0,1,-1,-1,-1
1932,3,1043.0,451.0,274.0,480.0,1,-1,-1,-1
1933,3,1035.0,448.0,284.0,486.0,1,-1,-1,-1
1934,3,1046.0,443.0,273.0,487.0,1,-1,-1,-1
1935,3,1075.0,442.0,247.0,490.0,1,-1,-1,-1
1936,3,1071.0,437.0,247.0,497.0,1,-1,-1,-1
1937,3,1079.0,434.0,238.0,496.0,1,-1,-1,-1
1938,3,1089.0,426.0,224.0,503.0,1,-1,-1,-1
1939,3,1099.0,419.0,209.0,517.0,1,-1,-1,-1
1940,3,1098.0,421.0,203.0,509.0,1,-1,-1,-1
1941,3,1098.0,415.0,195.0,518.0,1,-1,-1,-1
1942,3,1098.0,417.0,195.0,513.0,1,-1,-1,-1
1943,3,1092.0,417.0,195.0,516.0,1,-1,-1,-1
1944,3,1071.0,417.0,210.0,517.0,1,-1,-1,-1
1945,3,1061.0,415.0,207.0,520.0,1,-1,-1,-1
1946,3,1063.0,415.0,199.0,522.0,1,-1,-1,-1
1947,3,1060.0,414.0,198.0,525.0,1,-1,-1,-1
1948,3,1059.0,410.0,193.0,531.0,1,-1,-1,-1
1949,3,1056.0,407.0,189.0,536.0,1,-1,-1,-1
1950,3,1054.0,399.0,186.0,541.0,1,-1,-1,-1
1951,3,1049.0,393.0,187.0,544.0,1,-1,-1,-1
1952,3,1036.0,389.0,200.0,547.0,1,-1,-1,-1
1953,3,1026.0,381.0,204.0,556.0,1,-1,-1,-1
1954,3,1003.0,375.0,216.0,563.0,1,-1,-1,-1
1955,3,995.0,370.0,217.0,568.0,1,-1,-1,-1
1956,3,982.0,367.0,230.0,571.0,1,-1,-1,-1
1957,3,971.0,364.0,241.0,570.0,1,-1,-1,-1
1958,3,974.0,360.0,232.0,570.0,1,-1,-1,-1
1959,3,976.0,359.0,228.0,568.0,1,-1,-1,-1
1960,3,982.0,355.0,224.0,568.0,1,-1,-1,-1
1961,3,961.0,362.0,245.0,559.0,1,-1,-1,-1
1962,3,942.0,363.0,263.0,568.0,1,-1,-1,-1
1963,3,939.0,367.0,263.0,564.0,1,-1,-1,-1
1964,3,941.0,376.0,262.0,553.0,1,-1,-1,-1
1965,3,940.0,387.0,257.0,544.0,1,-1,-1,-1
1966,3,944.0,386.0,253.0,545.0,1,-1,-1,-1
1967,3,946.0,390.0,247.0,540.0,1,-1,-1,-1
1968,3,952.0,399.0,237.0,535.0,1,-1,-1,-1
1969,3,952.0,398.0,237.0,536.0,1,-1,-1,-1
1970,3,962.0,397.0,227.0,534.0,1,-1,-1,-1
1971,3,976.0,404.0,211.0,523.0,1,-1,-1,-1
1972,3,990.0,402.0,206.0,526.0,1,-1,-1,-1
1973,3,1004.0,407.0,189.0,516.0,1,-1,-1,-1
1974,3,1010.0,412.0,178.0,508.0,1,-1,-1,-1
1975,3,1018.0,413.0,175.0,503.0,1,-1,-1,-1
1976,3,1017.0,419.0,171.0,493.0,1,-1,-1,-1
1977,3,1013.0,419.0,170.0,485.0,1,-1,-1,-1
1978,3,1009.0,419.0,171.0,480.0,1,-1,-1,-1
1979,3,1004.0,428.0,172.0,464.0,1,-1,-1,-1
1980,3,1001.0,430.0,175.0,457.0,1,-1,-1,-1
1981,3,1004.0,429.0,172.0,453.0,1,-1,-1,-1
1982,3,1002.0,424.0,170.0,460.0,1,-1,-1,-1
1983,3,999.0,418.0,172.0,466.0,1,-1,-1,-1
1984,3,997.0,416.0,178.0,468.0,1,-1,-1,-1
1985,3,994.0,413.0,185.0,470.0,1,-1,-1,-1
1986,3,993.0,406.0,189.0,474.0,1,-1,-1,-1
1987,3,997.0,398.0,190.0,489.0,1,-1,-1,-1
1988,3,995.0,403.0,196.0,488.0,1,-1,-1,-1
1989,3,989.0,398.0,206.0,496.0,1,-1,-1,-1
1990,3,982.0,402.0,214.0,495.0,1,-1,-1,-1
1991,3,981.0,403.0,218.0,502.0,1,-1,-1,-1
1992,3,975.0,407.0,225.0,513.0,1,-1,-1,-1
1993,3,969.0,414.0,229.0,520.0,1,-1,-1,-1
1994,3,967.0,418.0,234.0,519.0,1,-1,-1,-1
1995,3,970.0,423.0,231.0,521.0,1,-1,-1,-1
1996,3,966.0,431.0,234.0,510.0,1,-1,-1,-1
1997,3,963.0,440.0,232.0,501.0,1,-1,-1,-1
1998,3,963.0,442.0,223.0,498.0,1,-1,-1,-1
1999,3,954.0,438.0,220.0,499.0,1,-1,-1,-1
2000,3,959.0,438.0,207.0,500.0,1,-1,-1,-1
2001,3,971.0,436.0,185.0,503.0,1,-1,-1,-1
2002,3,981.0,427.0,170.0,512.0,1,-1,-1,-1
2003,3,986.0,421.0,164.0,522.0,1,-1,-1,-1
2004,3,989.0,415.0,161.0,534.0,1,-1,-1,-1
2005,3,981.0,410.0,168.0,537.0,1,-1,-1,-1
2006,3,975.0,397.0,173.0,555.0,1,-1,-1,-1
2007,3,970.0,386.0,181.0,562.0,1,-1,-1,-1
2008,3,944.0,379.0,212.0,566.0,1,-1,-1,-1
2009,3,952.0,374.0,219.0,570.0,1,-1,-1,-1
2010,3,953.0,377.0,243.0,558.0,1,-1,-1,-1
2011,3,946.0,379.0,256.0,544.0,1,-1,-1,-1
2012,3,948.0,377.0,261.0,533.0,1,-1,-1,-1
2013,3,941.0,371.0,272.0,530.0,1,-1,-1,-1
2014,3,946.0,368.0,273.0,535.0,1,-1,-1,-1
2015,3,949.0,360.0,278.0,539.0,1,-1,-1,-1
2016,3,957.0,360.0,274.0,538.0,1,-1,-1,-1
2017,3,968.0,357.0,261.0,541.0,1,-1,-1,-1
2018,3,974.0,361.0,247.0,537.0,1,-1,-1,-1
2019,3,988.0,364.0,228.0,535.0,1,-1,-1,-1
2020,3,990.0,364.0,218.0,539.0,1,-1,-1,-1
2021,3,995.0,362.0,198.0,544.0,1,-1,-1,-1
2022,3,991.0,369.0,193.0,541.0,1,-1,-1,-1
2023,3,986.0,372.0,197.0,547.0,1,-1,-1,-1
2024,3,980.0,375.0,208.0,547.0,1,-1,-1,-1
2025,3,976.0,380.0,213.0,537.0,1,-1,-1,-1
2026,3,978.0,383.0,213.0,532.0,1,-1,-1,-1
2027,3,981.0,388.0,210.0,525.0,1,-1,-1,-1
2028,3,990.0,393.0,201.0,519.0,1,-1,-1,-1
2029,3,982.0,378.0,205.0,539.0,1,-1,-1,-1
2030,3,985.0,378.0,205.0,536.0,1,-1,-1,-1
2031,3,984.0,378.0,208.0,535.0,1,-1,-1,-1
2032,3,993.0,379.0,198.0,534.0,1,-1,-1,-1
2033,3,995.0,381.0,193.0,531.0,1,-1,-1,-1
2034,3,999.0,380.0,184.0,530.0,1,-1,-1,-1
2035,3,999.0,375.0,194.0,539.0,1,-1,-1,-1
2036,3,1004.0,378.0,205.0,540.0,1,-1,-1,-1
2037,3,1009.0,372.0,210.0,538.0,1,-1,-1,-1
2038,3,1011.0,369.0,210.0,539.0,1,-1,-1,-1
2039,3,1009.0,368.0,207.0,540.0,1,-1,-1,-1
2040,3,1009.0,363.0,197.0,547.0,1,-1,-1,-1
2041,3,1003.0,359.0,192.0,550.0,1,-1,-1,-1
2042,3,999.0,358.0,185.0,546.0,1,-1,-1,-1
2043,3,999.0,363.0,185.0,543.0,1,-1,-1,-1
2044,3,994.0,363.0,192.0,547.0,1,-1,-1,-1
2045,3,995.0,361.0,197.0,550.0,1,-1,-1,-1
2046,3,999.0,360.0,198.0,540.0,1,-1,-1,-1
2047,3,1004.0,365.0,207.0,536.0,1,-1,-1,-1
2048,3,1016.0,360.0,207.0,541.0,1,-1,-1,-1
2049,3,1024.0,358.0,211.0,536.0,1,-1,-1,-1
2050,3,1027.0,358.0,212.0,544.0,1,-1,-1,-1
2051,3,1031.0,362.0,208.0,545.0,1,-1,-1,-1
2052,3,1027.0,367.0,210.0,538.0,1,-1,-1,-1
2053,3,1028.0,371.0,198.0,537.0,1,-1,-1,-1
2054,3,1032.0,370.0,178.0,533.0,1,-1,-1,-1
2055,3,1029.0,368.0,169.0,534.0,1,-1,-1,-1
2056,3,1030.0,367.0,167.0,533.0,1,-1,-1,-1
2057,3,1029.0,372.0,175.0,532.0,1,-1,-1,-1
2058,3,1030.0,374.0,181.0,533.0,1,-1,-1,-1
2059,3,1039.0,373.0,177.0,533.0,1,-1,-1,-1
2060,3,1039.0,368.0,183.0,544.0,1,-1,-1,-1
2061,3,1033.0,371.0,192.0,541.0,1,-1,-1,-1
2062,3,1027.0,371.0,200.0,545.0,1,-1,-1,-1
2063,3,1024.0,371.0,203.0,545.0,1,-1,-1,-1
2064,3,1022.0,373.0,206.0,538.0,1,-1,-1,-1
2065,3,1025.0,376.0,203.0,532.0,1,-1,-1,-1
2066,3,1024.0,377.0,194.0,530.0,1,-1,-1,-1
2067,3,1026.0,379.0,185.0,527.0,1,-1,-1,-1
2068,3,1024.0,377.0,186.0,529.0,1,-1,-1,-1
2069,3,1025.0,379.0,187.0,524.0,1,-1,-1,-1
2070,3,1026.0,383.0,186.0,518.0,1,-1,-1,-1
2071,3,1030.0,381.0,180.0,519.0,1,-1,-1,-1
2072,3,1034.0,373.0,175.0,526.0,1,-1,-1,-1
2073,3,1038.0,366.0,170.0,537.0,1,-1,-1,-1
2074,3,1042.0,365.0,164.0,539.0,1,-1,-1,-1
2075,3,1038.0,356.0,168.0,548.0,1,-1,-1,-1
2076,3,1036.0,350.0,164.0,556.0,1,-1,-1,-1
2077,3,1027.0,341.0,172.0,564.0,1,-1,-1,-1
2078,3,1020.0,338.0,169.0,565.0,1,-1,-1,-1
2079,3,1014.0,346.0,177.0,555.0,1,-1,-1,-1
2080,3,1007.0,333.0,182.0,567.0,1,-1,-1,-1
2081,3,999.0,338.0,197.0,558.0,1,-1,-1,-1
2082,3,993.0,338.0,204.0,557.0,1,-1,-1,-1
2083,3,986.0,339.0,210.0,552.0,1,-1,-1,-1
2084,3,980.0,323.0,214.0,569.0,1,-1,-1,-1
2085,3,979.0,323.0,216.0,571.0,1,-1,-1,-1
2086,3,970.0,328.0,229.0,562.0,1,-1,-1,-1
2087,3,959.0,351.0,240.0,547.0,1,-1,-1,-1
2088,3,968.0,357.0,232.0,540.0,1,-1,-1,-1
2089,3,977.0,367.0,228.0,534.0,1,-1,-1,-1
2090,3,929.0,361.0,283.0,551.0,1,-1,-1,-1
2091,3,940.0,367.0,278.0,533.0,1,-1,-1,-1
