1,3,730.0,322.0,372.0,605.0,1,-1,-1,-1
2,3,712.0,315.0,385.0,614.0,1,-1,-1,-1
3,3,704.0,312.0,393.0,622.0,1,-1,-1,-1
4,3,700.0,299.0,382.0,640.0,1,-1,-1,-1
5,3,700.0,306.0,378.0,631.0,1,-1,-1,-1
6,3,701.0,307.0,372.0,630.0,1,-1,-1,-1
7,3,699.0,310.0,360.0,627.0,1,-1,-1,-1
8,3,693.0,309.0,358.0,628.0,1,-1,-1,-1
9,3,687.0,304.0,360.0,634.0,1,-1,-1,-1
10,3,690.0,321.0,369.0,604.0,1,-1,-1,-1
11,3,683.0,315.0,359.0,609.0,1,-1,-1,-1
12,3,680.0,324.0,353.0,598.0,1,-1,-1,-1
13,3,675.0,335.0,349.0,599.0,1,-1,-1,-1
14,3,674.0,347.0,336.0,582.0,1,-1,-1,-1
15,3,676.0,356.0,318.0,573.0,1,-1,-1,-1
16,3,671.0,365.0,314.0,573.0,1,-1,-1,-1
17,3,666.0,377.0,322.0,558.0,1,-1,-1,-1
18,3,670.0,381.0,306.0,546.0,1,-1,-1,-1
19,3,670.0,381.0,287.0,554.0,1,-1,-1,-1
20,3,664.0,389.0,284.0,542.0,1,-1,-1,-1
21,3,665.0,391.0,269.0,543.0,1,-1,-1,-1
22,3,667.0,395.0,254.0,541.0,1,-1,-1,-1
23,3,663.0,402.0,250.0,536.0,1,-1,-1,-1
24,3,665.0,389.0,241.0,540.0,1,-1,-1,-1
25,3,665.0,388.0,228.0,538.0,1,-1,-1,-1
26,3,674.0,383.0,214.0,541.0,1,-1,-1,-1
27,3,675.0,376.0,211.0,536.0,1,-1,-1,-1
28,3,681.0,367.0,203.0,544.0,1,-1,-1,-1
29,3,682.0,360.0,197.0,559.0,1,-1,-1,-1
30,3,681.0,346.0,196.0,573.0,1,-1,-1,-1
31,3,684.0,338.0,188.0,585.0,1,-1,-1,-1
32,3,689.0,335.0,181.0,591.0,1,-1,-1,-1
33,3,688.0,333.0,182.0,599.0,1,-1,-1,-1
34,3,687.0,331.0,185.0,603.0,1,-1,-1,-1
35,3,691.0,329.0,181.0,605.0,1,-1,-1,-1
36,3,692.0,326.0,179.0,602.0,1,-1,-1,-1
37,3,692.0,326.0,178.0,599.0,1,-1,-1,-1
38,3,693.0,328.0,177.0,597.0,1,-1,-1,-1
39,3,692.0,331.0,178.0,596.0,1,-1,-1,-1
40,3,693.0,332.0,175.0,596.0,1,-1,-1,-1
41,3,691.0,334.0,179.0,591.0,1,-1,-1,-1
42,3,690.0,335.0,182.0,597.0,1,-1,-1,-1
43,3,691.0,337.0,182.0,598.0,1,-1,-1,-1
44,3,688.0,340.0,185.0,594.0,1,-1,-1,-1
45,3,682.0,352.0,188.0,575.0,1,-1,-1,-1
46,3,681.0,363.0,191.0,558.0,1,-1,-1,-1
47,3,679.0,379.0,198.0,539.0,1,-1,-1,-1
48,3,679.0,386.0,206.0,525.0,1,-1,-1,-1
49,3,679.0,394.0,209.0,518.0,1,-1,-1,-1
50,3,677.0,399.0,213.0,517.0,1,-1,-1,-1
51,3,679.0,401.0,209.0,520.0,1,-1,-1,-1
52,3,684.0,396.0,213.0,504.0,1,-1,-1,-1
53,3,682.0,394.0,217.0,522.0,1,-1,-1,-1
54,3,682.0,391.0,222.0,491.0,1,-1,-1,-1
55,3,682.0,393.0,225.0,493.0,1,-1,-1,-1
56,3,685.0,388.0,227.0,533.0,1,-1,-1,-1
57,3,682.0,384.0,243.0,546.0,1,-1,-1,-1
58,3,686.0,376.0,247.0,549.0,1,-1,-1,-1
59,3,687.0,364.0,259.0,569.0,1,-1,-1,-1
60,3,688.0,354.0,271.0,576.0,1,-1,-1,-1
61,3,688.0,350.0,282.0,540.0,1,-1,-1,-1
62,3,689.0,344.0,292.0,544.0,1,-1,-1,-1
63,3,691.0,340.0,295.0,554.0,1,-1,-1,-1
64,3,690.0,332.0,313.0,563.0,1,-1,-1,-1
65,3,685.0,325.0,320.0,580.0,1,-1,-1,-1
66,3,693.0,325.0,320.0,587.0,1,-1,-1,-1
67,3,696.0,317.0,324.0,606.0,1,-1,-1,-1
68,3,707.0,317.0,324.0,612.0,1,-1,-1,-1
69,3,709.0,315.0,335.0,615.0,1,-1,-1,-1
70,3,731.0,318.0,315.0,609.0,1,-1,-1,-1
71,3,744.0,324.0,306.0,596.0,1,-1,-1,-1
72,3,750.0,326.0,299.0,595.0,1,-1,-1,-1
73,3,751.0,328.0,292.0,596.0,1,-1,-1,-1
74,3,751.0,328.0,289.0,593.0,1,-1,-1,-1
75,3,744.0,333.0,296.0,591.0,1,-1,-1,-1
76,3,741.0,334.0,301.0,586.0,1,-1,-1,-1
77,3,741.0,337.0,315.0,597.0,1,-1,-1,-1
78,3,736.0,338.0,325.0,592.0,1,-1,-1,-1
79,3,749.0,356.0,312.0,568.0,1,-1,-1,-1
80,3,777.0,361.0,279.0,571.0,1,-1,-1,-1
81,3,787.0,366.0,278.0,562.0,1,-1,-1,-1
82,3,792.0,372.0,285.0,563.0,1,-1,-1,-1
83,3,801.0,383.0,284.0,562.0,1,-1,-1,-1
84,3,809.0,394.0,266.0,541.0,1,-1,-1,-1
85,3,817.0,394.0,247.0,539.0,1,-1,-1,-1
86,3,823.0,395.0,236.0,541.0,1,-1,-1,-1
87,3,823.0,393.0,240.0,546.0,1,-1,-1,-1
88,3,825.0,390.0,233.0,545.0,1,-1,-1,-1
89,3,822.0,384.0,234.0,528.0,1,-1,-1,-1
90,3,824.0,378.0,231.0,515.0,1,-1,-1,-1
91,3,827.0,374.0,229.0,519.0,1,-1,-1,-1
92,3,825.0,363.0,232.0,533.0,1,-1,-1,-1
93,3,818.0,357.0,240.0,552.0,1,-1,-1,-1
94,3,817.0,338.0,239.0,574.0,1,-1,-1,-1
95,3,820.0,335.0,237.0,583.0,1,-1,-1,-1
96,3,821.0,330.0,234.0,597.0,1,-1,-1,-1
97,3,820.0,321.0,234.0,606.0,1,-1,-1,-1
98,3,820.0,315.0,235.0,610.0,1,-1,-1,-1
99,3,823.0,309.0,227.0,620.0,1,-1,-1,-1
100,3,823.0,303.0,226.0,628.0,1,-1,-1,-1
101,3,826.0,298.0,224.0,639.0,1,-1,-1,-1
102,3,826.0,299.0,225.0,636.0,1,-1,-1,-1
103,3,821.0,304.0,229.0,624.0,1,-1,-1,-1
104,3,821.0,303.0,227.0,620.0,1,-1,-1,-1
105,3,818.0,322.0,229.0,603.0,1,-1,-1,-1
106,3,826.0,329.0,218.0,598.0,1,-1,-1,-1
107,3,821.0,326.0,224.0,599.0,1,-1,-1,-1
108,3,816.0,327.0,229.0,603.0,1,-1,-1,-1
109,3,817.0,329.0,228.0,604.0,1,-1,-1,-1
110,3,822.0,330.0,223.0,604.0,1,-1,-1,-1
111,3,824.0,332.0,221.0,602.0,1,-1,-1,-1
112,3,823.0,344.0,222.0,582.0,1,-1,-1,-1
113,3,835.0,356.0,212.0,568.0,1,-1,-1,-1
114,3,835.0,371.0,209.0,552.0,1,-1,-1,-1
115,3,835.0,381.0,211.0,540.0,1,-1,-1,-1
116,3,835.0,387.0,217.0,524.0,1,-1,-1,-1
117,3,839.0,401.0,228.0,518.0,1,-1,-1,-1
118,3,842.0,401.0,247.0,523.0,1,-1,-1,-1
119,3,848.0,401.0,242.0,529.0,1,-1,-1,-1
120,3,854.0,401.0,232.0,522.0,1,-1,-1,-1
121,3,853.0,401.0,231.0,512.0,1,-1,-1,-1
122,3,850.0,400.0,231.0,525.0,1,-1,-1,-1
123,3,844.0,395.0,218.0,524.0,1,-1,-1,-1
124,3,833.0,383.0,231.0,526.0,1,-1,-1,-1
125,3,827.0,384.0,248.0,523.0,1,-1,-1,-1
126,3,817.0,371.0,261.0,541.0,1,-1,-1,-1
127,3,812.0,366.0,289.0,566.0,1,-1,-1,-1
128,3,807.0,361.0,287.0,563.0,1,-1,-1,-1
129,3,791.0,352.0,301.0,576.0,1,-1,-1,-1
130,3,789.0,346.0,292.0,570.0,1,-1,-1,-1
131,3,789.0,330.0,293.0,590.0,1,-1,-1,-1
132,3,775.0,334.0,299.0,581.0,1,-1,-1,-1
133,3,774.0,331.0,301.0,575.0,1,-1,-1,-1
134,3,764.0,329.0,322.0,581.0,1,-1,-1,-1
135,3,749.0,339.0,328.0,566.0,1,-1,-1,-1
136,3,741.0,332.0,338.0,578.0,1,-1,-1,-1
137,3,736.0,332.0,345.0,586.0,1,-1,-1,-1
138,3,735.0,332.0,343.0,594.0,1,-1,-1,-1
139,3,732.0,333.0,335.0,594.0,1,-1,-1,-1
140,3,736.0,329.0,325.0,602.0,1,-1,-1,-1
141,3,730.0,334.0,317.0,600.0,1,-1,-1,-1
142,3,725.0,334.0,313.0,599.0,1,-1,-1,-1
143,3,722.0,335.0,307.0,598.0,1,-1,-1,-1
144,3,713.0,337.0,311.0,591.0,1,-1,-1,-1
145,3,696.0,354.0,317.0,571.0,1,-1,-1,-1
146,3,691.0,369.0,314.0,558.0,1,-1,-1,-1
147,3,682.0,371.0,311.0,556.0,1,-1,-1,-1
148,3,674.0,377.0,309.0,557.0,1,-1,-1,-1
149,3,667.0,378.0,303.0,556.0,1,-1,-1,-1
150,3,660.0,379.0,290.0,557.0,1,-1,-1,-1
151,3,646.0,384.0,293.0,552.0,1,-1,-1,-1
152,3,640.0,384.0,287.0,553.0,1,-1,-1,-1
153,3,630.0,390.0,283.0,548.0,1,-1,-1,-1
154,3,619.0,379.0,280.0,560.0,1,-1,-1,-1
155,3,611.0,375.0,273.0,567.0,1,-1,-1,-1
156,3,599.0,371.0,281.0,572.0,1,-1,-1,-1
157,3,587.0,359.0,289.0,582.0,1,-1,-1,-1
158,3,564.0,355.0,311.0,584.0,1,-1,-1,-1
159,3,568.0,355.0,300.0,581.0,1,-1,-1,-1
160,3,557.0,351.0,308.0,580.0,1,-1,-1,-1
161,3,546.0,335.0,312.0,607.0,1,-1,-1,-1
162,3,528.0,331.0,317.0,604.0,1,-1,-1,-1
163,3,524.0,329.0,293.0,610.0,1,-1,-1,-1
164,3,518.0,334.0,279.0,598.0,1,-1,-1,-1
165,3,515.0,330.0,273.0,602.0,1,-1,-1,-1
166,3,510.0,328.0,277.0,612.0,1,-1,-1,-1
167,3,492.0,332.0,292.0,610.0,1,-1,-1,-1
168,3,476.0,329.0,303.0,609.0,1,-1,-1,-1
169,3,471.0,329.0,300.0,612.0,1,-1,-1,-1
170,3,467.0,327.0,292.0,615.0,1,-1,-1,-1
171,3,452.0,328.0,305.0,611.0,1,-1,-1,-1
172,3,446.0,329.0,306.0,608.0,1,-1,-1,-1
173,3,442.0,331.0,303.0,607.0,1,-1,-1,-1
174,3,431.0,331.0,313.0,602.0,1,-1,-1,-1
175,3,439.0,330.0,298.0,596.0,1,-1,-1,-1
176,3,436.0,334.0,295.0,587.0,1,-1,-1,-1
177,3,439.0,335.0,285.0,588.0,1,-1,-1,-1
178,3,437.0,346.0,284.0,573.0,1,-1,-1,-1
179,3,448.0,347.0,271.0,570.0,1,-1,-1,-1
180,3,454.0,369.0,261.0,548.0,1,-1,-1,-1
181,3,455.0,380.0,253.0,537.0,1,-1,-1,-1
182,3,456.0,385.0,257.0,533.0,1,-1,-1,-1
183,3,464.0,384.0,253.0,544.0,1,-1,-1,-1
184,3,470.0,387.0,252.0,544.0,1,-1,-1,-1
185,3,468.0,387.0,256.0,543.0,1,-1,-1,-1
186,3,460.0,384.0,274.0,547.0,1,-1,-1,-1
187,3,447.0,376.0,285.0,556.0,1,-1,-1,-1
188,3,440.0,368.0,293.0,563.0,1,-1,-1,-1
189,3,433.0,361.0,301.0,568.0,1,-1,-1,-1
190,3,422.0,354.0,303.0,572.0,1,-1,-1,-1
191,3,401.0,345.0,325.0,585.0,1,-1,-1,-1
192,3,401.0,333.0,323.0,594.0,1,-1,-1,-1
193,3,391.0,330.0,335.0,596.0,1,-1,-1,-1
194,3,394.0,324.0,331.0,602.0,1,-1,-1,-1
195,3,391.0,318.0,335.0,609.0,1,-1,-1,-1
196,3,383.0,313.0,339.0,614.0,1,-1,-1,-1
197,3,370.0,312.0,348.0,609.0,1,-1,-1,-1
198,3,349.0,312.0,367.0,609.0,1,-1,-1,-1
199,3,337.0,297.0,380.0,631.0,1,-1,-1,-1
200,3,310.0,296.0,397.0,636.0,1,-1,-1,-1
201,3,328.0,307.0,384.0,615.0,1,-1,-1,-1
202,3,326.0,315.0,382.0,610.0,1,-1,-1,-1
203,3,311.0,311.0,378.0,612.0,1,-1,-1,-1
204,3,322.0,320.0,369.0,607.0,1,-1,-1,-1
205,3,320.0,324.0,367.0,602.0,1,-1,-1,-1
206,3,317.0,330.0,365.0,594.0,1,-1,-1,-1
207,3,318.0,324.0,351.0,598.0,1,-1,-1,-1
208,3,327.0,328.0,326.0,597.0,1,-1,-1,-1
209,3,326.0,336.0,321.0,585.0,1,-1,-1,-1
210,3,333.0,355.0,304.0,553.0,1,-1,-1,-1
211,3,338.0,365.0,285.0,539.0,1,-1,-1,-1
212,3,343.0,376.0,274.0,523.0,1,-1,-1,-1
213,3,342.0,383.0,273.0,517.0,1,-1,-1,-1
214,3,341.0,390.0,272.0,524.0,1,-1,-1,-1
215,3,343.0,390.0,262.0,527.0,1,-1,-1,-1
216,3,344.0,398.0,256.0,525.0,1,-1,-1,-1
217,3,343.0,397.0,244.0,529.0,1,-1,-1,-1
218,3,338.0,396.0,242.0,528.0,1,-1,-1,-1
219,3,338.0,391.0,234.0,532.0,1,-1,-1,-1
220,3,340.0,390.0,226.0,525.0,1,-1,-1,-1
221,3,336.0,380.0,224.0,542.0,1,-1,-1,-1
222,3,338.0,381.0,218.0,536.0,1,-1,-1,-1
223,3,342.0,372.0,214.0,546.0,1,-1,-1,-1
224,3,342.0,361.0,214.0,556.0,1,-1,-1,-1
225,3,343.0,354.0,211.0,563.0,1,-1,-1,-1
226,3,347.0,344.0,204.0,568.0,1,-1,-1,-1
227,3,350.0,335.0,200.0,581.0,1,-1,-1,-1
228,3,354.0,327.0,200.0,591.0,1,-1,-1,-1
229,3,356.0,324.0,196.0,598.0,1,-1,-1,-1
230,3,356.0,324.0,198.0,602.0,1,-1,-1,-1
231,3,358.0,320.0,195.0,609.0,1,-1,-1,-1
232,3,370.0,322.0,189.0,601.0,1,-1,-1,-1
233,3,375.0,325.0,186.0,599.0,1,-1,-1,-1
234,3,375.0,325.0,188.0,598.0,1,-1,-1,-1
235,3,378.0,328.0,186.0,600.0,1,-1,-1,-1
236,3,379.0,322.0,186.0,604.0,1,-1,-1,-1
237,3,377.0,327.0,186.0,600.0,1,-1,-1,-1
238,3,370.0,332.0,192.0,592.0,1,-1,-1,-1
239,3,363.0,335.0,195.0,587.0,1,-1,-1,-1
240,3,365.0,341.0,190.0,582.0,1,-1,-1,-1
241,3,375.0,353.0,179.0,566.0,1,-1,-1,-1
242,3,384.0,366.0,176.0,552.0,1,-1,-1,-1
243,3,389.0,373.0,181.0,543.0,1,-1,-1,-1
244,3,386.0,385.0,189.0,532.0,1,-1,-1,-1
245,3,378.0,387.0,201.0,528.0,1,-1,-1,-1
246,3,373.0,390.0,210.0,528.0,1,-1,-1,-1
247,3,366.0,388.0,221.0,532.0,1,-1,-1,-1
248,3,354.0,388.0,234.0,527.0,1,-1,-1,-1
249,3,343.0,384.0,254.0,532.0,1,-1,-1,-1
250,3,344.0,376.0,261.0,542.0,1,-1,-1,-1
251,3,343.0,372.0,279.0,545.0,1,-1,-1,-1
252,3,344.0,366.0,292.0,555.0,1,-1,-1,-1
253,3,347.0,354.0,303.0,568.0,1,-1,-1,-1
254,3,355.0,343.0,308.0,578.0,1,-1,-1,-1
255,3,371.0,337.0,305.0,577.0,1,-1,-1,-1
256,3,375.0,324.0,324.0,596.0,1,-1,-1,-1
257,3,380.0,317.0,329.0,606.0,1,-1,-1,-1
258,3,384.0,319.0,336.0,601.0,1,-1,-1,-1
259,3,402.0,306.0,312.0,611.0,1,-1,-1,-1
260,3,411.0,298.0,307.0,616.0,1,-1,-1,-1
261,3,421.0,298.0,297.0,623.0,1,-1,-1,-1
262,3,420.0,294.0,330.0,625.0,1,-1,-1,-1
263,3,424.0,306.0,324.0,608.0,1,-1,-1,-1
264,3,427.0,305.0,324.0,612.0,1,-1,-1,-1
265,3,429.0,305.0,332.0,613.0,1,-1,-1,-1
266,3,432.0,303.0,339.0,613.0,1,-1,-1,-1
267,3,440.0,305.0,336.0,614.0,1,-1,-1,-1
268,3,442.0,305.0,345.0,608.0,1,-1,-1,-1
269,3,447.0,315.0,345.0,599.0,1,-1,-1,-1
270,3,445.0,324.0,353.0,598.0,1,-1,-1,-1
271,3,450.0,328.0,353.0,596.0,1,-1,-1,-1
272,3,457.0,329.0,358.0,594.0,1,-1,-1,-1
273,3,454.0,331.0,355.0,594.0,1,-1,-1,-1
274,3,455.0,341.0,352.0,576.0,1,-1,-1,-1
275,3,456.0,353.0,364.0,564.0,1,-1,-1,-1
276,3,450.0,356.0,364.0,562.0,1,-1,-1,-1
277,3,450.0,366.0,369.0,550.0,1,-1,-1,-1
278,3,443.0,380.0,373.0,538.0,1,-1,-1,-1
279,3,448.0,384.0,373.0,537.0,1,-1,-1,-1
280,3,461.0,387.0,368.0,535.0,1,-1,-1,-1
281,3,461.0,390.0,367.0,533.0,1,-1,-1,-1
282,3,457.0,389.0,368.0,535.0,1,-1,-1,-1
283,3,468.0,381.0,359.0,546.0,1,-1,-1,-1
284,3,484.0,375.0,345.0,557.0,1,-1,-1,-1
285,3,498.0,377.0,328.0,555.0,1,-1,-1,-1
286,3,513.0,372.0,311.0,556.0,1,-1,-1,-1
287,3,524.0,354.0,290.0,569.0,1,-1,-1,-1
288,3,539.0,343.0,275.0,579.0,1,-1,-1,-1
289,3,551.0,338.0,273.0,588.0,1,-1,-1,-1
290,3,561.0,334.0,274.0,592.0,1,-1,-1,-1
291,3,568.0,333.0,272.0,588.0,1,-1,-1,-1
292,3,571.0,332.0,264.0,587.0,1,-1,-1,-1
293,3,578.0,331.0,254.0,587.0,1,-1,-1,-1
294,3,595.0,337.0,231.0,581.0,1,-1,-1,-1
295,3,604.0,332.0,225.0,592.0,1,-1,-1,-1
296,3,617.0,330.0,213.0,596.0,1,-1,-1,-1
297,3,627.0,331.0,202.0,593.0,1,-1,-1,-1
298,3,631.0,328.0,202.0,599.0,1,-1,-1,-1
299,3,630.0,328.0,206.0,598.0,1,-1,-1,-1
300,3,624.0,328.0,213.0,601.0,1,-1,-1,-1
301,3,626.0,327.0,207.0,602.0,1,-1,-1,-1
302,3,628.0,336.0,206.0,591.0,1,-1,-1,-1
303,3,624.0,315.0,213.0,615.0,1,-1,-1,-1
304,3,617.0,344.0,222.0,585.0,1,-1,-1,-1
305,3,614.0,349.0,228.0,577.0,1,-1,-1,-1
306,3,610.0,357.0,242.0,564.0,1,-1,-1,-1
307,3,595.0,365.0,262.0,555.0,1,-1,-1,-1
308,3,597.0,377.0,254.0,537.0,1,-1,-1,-1
309,3,601.0,390.0,255.0,523.0,1,-1,-1,-1
310,3,609.0,395.0,244.0,515.0,1,-1,-1,-1
311,3,612.0,399.0,242.0,510.0,1,-1,-1,-1
312,3,616.0,403.0,238.0,506.0,1,-1,-1,-1
313,3,629.0,406.0,224.0,508.0,1,-1,-1,-1
314,3,630.0,409.0,226.0,507.0,1,-1,-1,-1
315,3,632.0,403.0,225.0,513.0,1,-1,-1,-1
316,3,627.0,398.0,228.0,512.0,1,-1,-1,-1
317,3,616.0,396.0,235.0,517.0,1,-1,-1,-1
318,3,605.0,391.0,245.0,516.0,1,-1,-1,-1
319,3,589.0,383.0,261.0,515.0,1,-1,-1,-1
320,3,579.0,369.0,270.0,532.0,1,-1,-1,-1
321,3,567.0,366.0,292.0,539.0,1,-1,-1,-1
322,3,551.0,353.0,312.0,559.0,1,-1,-1,-1
323,3,541.0,343.0,307.0,553.0,1,-1,-1,-1
324,3,530.0,332.0,313.0,585.0,1,-1,-1,-1
325,3,526.0,329.0,318.0,587.0,1,-1,-1,-1
326,3,514.0,325.0,324.0,584.0,1,-1,-1,-1
327,3,498.0,319.0,331.0,594.0,1,-1,-1,-1
328,3,485.0,315.0,347.0,603.0,1,-1,-1,-1
329,3,473.0,317.0,364.0,603.0,1,-1,-1,-1
330,3,468.0,316.0,359.0,601.0,1,-1,-1,-1
331,3,467.0,320.0,354.0,603.0,1,-1,-1,-1
332,3,458.0,319.0,361.0,599.0,1,-1,-1,-1
333,3,456.0,318.0,358.0,603.0,1,-1,-1,-1
334,3,448.0,323.0,345.0,600.0,1,-1,-1,-1
335,3,444.0,324.0,347.0,601.0,1,-1,-1,-1
336,3,446.0,329.0,339.0,598.0,1,-1,-1,-1
337,3,441.0,335.0,340.0,591.0,1,-1,-1,-1
338,3,439.0,337.0,334.0,587.0,1,-1,-1,-1
339,3,434.0,336.0,339.0,590.0,1,-1,-1,-1
340,3,437.0,345.0,332.0,577.0,1,-1,-1,-1
341,3,441.0,359.0,326.0,563.0,1,-1,-1,-1
342,3,444.0,365.0,312.0,557.0,1,-1,-1,-1
343,3,442.0,378.0,301.0,539.0,1,-1,-1,-1
344,3,440.0,383.0,303.0,538.0,1,-1,-1,-1
345,3,440.0,393.0,299.0,524.0,1,-1,-1,-1
346,3,437.0,394.0,294.0,525.0,1,-1,-1,-1
347,3,423.0,394.0,293.0,527.0,1,-1,-1,-1
348,3,425.0,400.0,286.0,516.0,1,-1,-1,-1
349,3,421.0,398.0,287.0,521.0,1,-1,-1,-1
350,3,430.0,395.0,274.0,524.0,1,-1,-1,-1
351,3,441.0,393.0,253.0,528.0,1,-1,-1,-1
352,3,445.0,388.0,239.0,522.0,1,-1,-1,-1
353,3,453.0,379.0,229.0,526.0,1,-1,-1,-1
354,3,454.0,371.0,228.0,538.0,1,-1,-1,-1
355,3,455.0,361.0,224.0,541.0,1,-1,-1,-1
356,3,456.0,351.0,214.0,548.0,1,-1,-1,-1
357,3,454.0,343.0,210.0,561.0,1,-1,-1,-1
358,3,452.0,335.0,207.0,573.0,1,-1,-1,-1
359,3,453.0,333.0,197.0,583.0,1,-1,-1,-1
360,3,455.0,331.0,191.0,586.0,1,-1,-1,-1
361,3,453.0,331.0,187.0,589.0,1,-1,-1,-1
362,3,453.0,330.0,181.0,589.0,1,-1,-1,-1
363,3,454.0,330.0,177.0,590.0,1,-1,-1,-1
364,3,449.0,331.0,179.0,590.0,1,-1,-1,-1
365,3,449.0,331.0,182.0,592.0,1,-1,-1,-1
366,3,445.0,333.0,188.0,591.0,1,-1,-1,-1
367,3,441.0,334.0,193.0,586.0,1,-1,-1,-1
368,3,438.0,335.0,201.0,592.0,1,-1,-1,-1
369,3,438.0,342.0,204.0,585.0,1,-1,-1,-1
370,3,436.0,353.0,205.0,567.0,1,-1,-1,-1
371,3,433.0,364.0,208.0,553.0,1,-1,-1,-1
372,3,427.0,381.0,213.0,529.0,1,-1,-1,-1
373,3,428.0,388.0,206.0,512.0,1,-1,-1,-1
374,3,427.0,396.0,211.0,504.0,1,-1,-1,-1
375,3,424.0,404.0,217.0,494.0,1,-1,-1,-1
376,3,427.0,409.0,217.0,487.0,1,-1,-1,-1
377,3,429.0,413.0,211.0,486.0,1,-1,-1,-1
378,3,430.0,420.0,208.0,484.0,1,-1,-1,-1
379,3,427.0,414.0,202.0,504.0,1,-1,-1,-1
380,3,423.0,410.0,203.0,506.0,1,-1,-1,-1
381,3,419.0,405.0,202.0,518.0,1,-1,-1,-1
382,3,422.0,397.0,202.0,521.0,1,-1,-1,-1
383,3,426.0,393.0,205.0,521.0,1,-1,-1,-1
384,3,433.0,387.0,206.0,524.0,1,-1,-1,-1
385,3,433.0,378.0,210.0,530.0,1,-1,-1,-1
386,3,423.0,367.0,231.0,545.0,1,-1,-1,-1
387,3,422.0,356.0,243.0,550.0,1,-1,-1,-1
388,3,417.0,347.0,258.0,556.0,1,-1,-1,-1
389,3,418.0,342.0,263.0,563.0,1,-1,-1,-1
390,3,437.0,335.0,254.0,564.0,1,-1,-1,-1
391,3,442.0,338.0,256.0,585.0,1,-1,-1,-1
392,3,456.0,334.0,245.0,578.0,1,-1,-1,-1
393,3,464.0,333.0,240.0,594.0,1,-1,-1,-1
394,3,470.0,330.0,242.0,596.0,1,-1,-1,-1
395,3,471.0,324.0,252.0,600.0,1,-1,-1,-1
396,3,477.0,325.0,248.0,597.0,1,-1,-1,-1
397,3,484.0,328.0,247.0,594.0,1,-1,-1,-1
398,3,486.0,330.0,252.0,596.0,1,-1,-1,-1
399,3,483.0,323.0,260.0,606.0,1,-1,-1,-1
400,3,489.0,323.0,261.0,605.0,1,-1,-1,-1
401,3,493.0,343.0,256.0,576.0,1,-1,-1,-1
402,3,496.0,347.0,256.0,572.0,1,-1,-1,-1
403,3,503.0,361.0,253.0,557.0,1,-1,-1,-1
404,3,507.0,372.0,250.0,546.0,1,-1,-1,-1
405,3,512.0,381.0,246.0,539.0,1,-1,-1,-1
406,3,515.0,390.0,247.0,534.0,1,-1,-1,-1
407,3,527.0,391.0,236.0,532.0,1,-1,-1,-1
408,3,538.0,397.0,236.0,525.0,1,-1,-1,-1
409,3,549.0,401.0,231.0,524.0,1,-1,-1,-1
410,3,572.0,402.0,207.0,524.0,1,-1,-1,-1
411,3,565.0,395.0,224.0,534.0,1,-1,-1,-1
412,3,570.0,393.0,231.0,535.0,1,-1,-1,-1
413,3,571.0,391.0,238.0,537.0,1,-1,-1,-1
414,3,576.0,387.0,244.0,536.0,1,-1,-1,-1
415,3,594.0,383.0,242.0,541.0,1,-1,-1,-1
416,3,608.0,379.0,235.0,546.0,1,-1,-1,-1
417,3,617.0,363.0,237.0,562.0,1,-1,-1,-1
418,3,628.0,362.0,239.0,564.0,1,-1,-1,-1
419,3,644.0,358.0,240.0,566.0,1,-1,-1,-1
420,3,651.0,352.0,253.0,571.0,1,-1,-1,-1
421,3,668.0,345.0,245.0,577.0,1,-1,-1,-1
422,3,681.0,339.0,238.0,588.0,1,-1,-1,-1
423,3,690.0,340.0,239.0,589.0,1,-1,-1,-1
424,3,700.0,343.0,245.0,585.0,1,-1,-1,-1
425,3,713.0,347.0,247.0,585.0,1,-1,-1,-1
426,3,715.0,353.0,258.0,577.0,1,-1,-1,-1
427,3,722.0,352.0,260.0,577.0,1,-1,-1,-1
428,3,726.0,352.0,263.0,576.0,1,-1,-1,-1
429,3,722.0,355.0,267.0,572.0,1,-1,-1,-1
430,3,723.0,356.0,276.0,572.0,1,-1,-1,-1
431,3,721.0,360.0,282.0,570.0,1,-1,-1,-1
432,3,720.0,359.0,284.0,575.0,1,-1,-1,-1
433,3,720.0,371.0,279.0,561.0,1,-1,-1,-1
434,3,722.0,382.0,282.0,549.0,1,-1,-1,-1
435,3,739.0,395.0,262.0,535.0,1,-1,-1,-1
436,3,751.0,403.0,253.0,526.0,1,-1,-1,-1
437,3,759.0,410.0,226.0,516.0,1,-1,-1,-1
438,3,774.0,413.0,220.0,514.0,1,-1,-1,-1
439,3,779.0,417.0,217.0,510.0,1,-1,-1,-1
440,3,791.0,419.0,201.0,499.0,1,-1,-1,-1
441,3,796.0,418.0,193.0,489.0,1,-1,-1,-1
442,3,804.0,419.0,189.0,483.0,1,-1,-1,-1
443,3,801.0,418.0,207.0,497.0,1,-1,-1,-1
444,3,806.0,413.0,197.0,508.0,1,-1,-1,-1
445,3,808.0,404.0,192.0,515.0,1,-1,-1,-1
446,3,813.0,400.0,188.0,515.0,1,-1,-1,-1
447,3,814.0,394.0,189.0,514.0,1,-1,-1,-1
448,3,818.0,388.0,186.0,527.0,1,-1,-1,-1
449,3,823.0,378.0,190.0,539.0,1,-1,-1,-1
450,3,827.0,367.0,192.0,551.0,1,-1,-1,-1
451,3,828.0,358.0,188.0,558.0,1,-1,-1,-1
452,3,831.0,351.0,192.0,562.0,1,-1,-1,-1
453,3,837.0,340.0,186.0,567.0,1,-1,-1,-1
454,3,846.0,326.0,186.0,578.0,1,-1,-1,-1
455,3,849.0,332.0,200.0,575.0,1,-1,-1,-1
456,3,853.0,332.0,200.0,584.0,1,-1,-1,-1
457,3,861.0,333.0,197.0,586.0,1,-1,-1,-1
458,3,863.0,333.0,201.0,593.0,1,-1,-1,-1
459,3,866.0,333.0,197.0,591.0,1,-1,-1,-1
460,3,869.0,343.0,195.0,577.0,1,-1,-1,-1
461,3,869.0,346.0,195.0,575.0,1,-1,-1,-1
462,3,869.0,349.0,196.0,572.0,1,-1,-1,-1
463,3,864.0,355.0,206.0,566.0,1,-1,-1,-1
464,3,866.0,358.0,204.0,559.0,1,-1,-1,-1
465,3,869.0,351.0,201.0,566.0,1,-1,-1,-1
466,3,869.0,352.0,207.0,561.0,1,-1,-1,-1
467,3,864.0,366.0,214.0,535.0,1,-1,-1,-1
468,3,864.0,365.0,223.0,533.0,1,-1,-1,-1
469,3,864.0,369.0,226.0,530.0,1,-1,-1,-1
470,3,857.0,380.0,236.0,520.0,1,-1,-1,-1
471,3,851.0,389.0,243.0,493.0,1,-1,-1,-1
472,3,846.0,404.0,250.0,477.0,1,-1,-1,-1
473,3,843.0,421.0,255.0,458.0,1,-1,-1,-1
474,3,836.0,423.0,266.0,464.0,1,-1,-1,-1
475,3,837.0,425.0,265.0,456.0,1,-1,-1,-1
476,3,836.0,419.0,268.0,469.0,1,-1,-1,-1
477,3,842.0,407.0,262.0,484.0,1,-1,-1,-1
478,3,845.0,397.0,264.0,504.0,1,-1,-1,-1
479,3,852.0,387.0,258.0,508.0,1,-1,-1,-1
480,3,855.0,379.0,261.0,533.0,1,-1,-1,-1
481,3,858.0,370.0,259.0,533.0,1,-1,-1,-1
482,3,865.0,362.0,255.0,533.0,1,-1,-1,-1
483,3,870.0,354.0,250.0,539.0,1,-1,-1,-1
484,3,874.0,342.0,252.0,550.0,1,-1,-1,-1
485,3,877.0,338.0,258.0,558.0,1,-1,-1,-1
486,3,877.0,337.0,261.0,563.0,1,-1,-1,-1
487,3,878.0,332.0,256.0,575.0,1,-1,-1,-1
488,3,884.0,327.0,260.0,574.0,1,-1,-1,-1
489,3,886.0,319.0,263.0,586.0,1,-1,-1,-1
490,3,889.0,319.0,261.0,586.0,1,-1,-1,-1
491,3,892.0,324.0,260.0,583.0,1,-1,-1,-1
492,3,894.0,327.0,257.0,580.0,1,-1,-1,-1
493,3,896.0,331.0,257.0,581.0,1,-1,-1,-1
494,3,893.0,331.0,262.0,587.0,1,-1,-1,-1
495,3,898.0,333.0,249.0,587.0,1,-1,-1,-1
496,3,901.0,333.0,243.0,586.0,1,-1,-1,-1
497,3,901.0,332.0,243.0,586.0,1,-1,-1,-1
498,3,895.0,332.0,255.0,587.0,1,-1,-1,-1
499,3,901.0,335.0,246.0,586.0,1,-1,-1,-1
500,3,906.0,337.0,237.0,591.0,1,-1,-1,-1
501,3,907.0,341.0,242.0,585.0,1,-1,-1,-1
502,3,914.0,353.0,236.0,577.0,1,-1,-1,-1
503,3,917.0,361.0,242.0,568.0,1,-1,-1,-1
504,3,914.0,369.0,238.0,555.0,1,-1,-1,-1
505,3,904.0,383.0,235.0,540.0,1,-1,-1,-1
506,3,903.0,391.0,231.0,534.0,1,-1,-1,-1
507,3,897.0,398.0,244.0,529.0,1,-1,-1,-1
508,3,889.0,406.0,248.0,517.0,1,-1,-1,-1
509,3,867.0,406.0,257.0,516.0,1,-1,-1,-1
510,3,856.0,404.0,263.0,519.0,1,-1,-1,-1
511,3,841.0,398.0,273.0,523.0,1,-1,-1,-1
512,3,827.0,389.0,285.0,529.0,1,-1,-1,-1
513,3,824.0,383.0,286.0,538.0,1,-1,-1,-1
514,3,823.0,376.0,277.0,545.0,1,-1,-1,-1
515,3,816.0,375.0,282.0,545.0,1,-1,-1,-1
516,3,810.0,360.0,282.0,563.0,1,-1,-1,-1
517,3,801.0,339.0,287.0,592.0,1,-1,-1,-1
518,3,795.0,313.0,294.0,631.0,1,-1,-1,-1
519,3,790.0,301.0,300.0,650.0,1,-1,-1,-1
520,3,787.0,293.0,304.0,662.0,1,-1,-1,-1
521,3,777.0,305.0,316.0,657.0,1,-1,-1,-1
522,3,758.0,296.0,335.0,670.0,1,-1,-1,-1
523,3,745.0,285.0,355.0,679.0,1,-1,-1,-1
524,3,742.0,274.0,354.0,692.0,1,-1,-1,-1
525,3,726.0,271.0,370.0,689.0,1,-1,-1,-1
526,3,721.0,263.0,379.0,701.0,1,-1,-1,-1
527,3,710.0,253.0,391.0,719.0,1,-1,-1,-1
528,3,700.0,246.0,404.0,735.0,1,-1,-1,-1
529,3,688.0,243.0,413.0,733.0,1,-1,-1,-1
530,3,684.0,238.0,415.0,737.0,1,-1,-1,-1
531,3,679.0,235.0,419.0,738.0,1,-1,-1,-1
532,3,679.0,233.0,421.0,738.0,1,-1,-1,-1
533,3,694.0,225.0,442.0,754.0,1,-1,-1,-1
534,3,704.0,218.0,480.0,762.0,1,-1,-1,-1
535,3,692.0,216.0,526.0,764.0,1,-1,-1,-1
536,3,671.0,219.0,563.0,753.0,1,-1,-1,-1
537,3,658.0,225.0,577.0,753.0,1,-1,-1,-1
538,3,648.0,219.0,581.0,760.0,1,-1,-1,-1
539,3,644.0,216.0,586.0,766.0,1,-1,-1,-1
540,3,646.0,214.0,590.0,763.0,1,-1,-1,-1
541,3,649.0,225.0,579.0,760.0,1,-1,-1,-1
542,3,653.0,220.0,569.0,760.0,1,-1,-1,-1
543,3,659.0,205.0,567.0,777.0,1,-1,-1,-1
544,3,662.0,196.0,557.0,782.0,1,-1,-1,-1
545,3,673.0,180.0,544.0,795.0,1,-1,-1,-1
546,3,686.0,173.0,525.0,803.0,1,-1,-1,-1
547,3,699.0,156.0,508.0,816.0,1,-1,-1,-1
548,3,706.0,141.0,496.0,825.0,1,-1,-1,-1
549,3,723.0,136.0,457.0,827.0,1,-1,-1,-1
550,3,744.0,145.0,409.0,818.0,1,-1,-1,-1
551,3,791.0,157.0,338.0,812.0,1,-1,-1,-1
552,3,819.0,159.0,302.0,821.0,1,-1,-1,-1
553,3,832.0,159.0,286.0,836.0,1,-1,-1,-1
554,3,841.0,171.0,279.0,838.0,1,-1,-1,-1
555,3,847.0,166.0,274.0,850.0,1,-1,-1,-1
556,3,848.0,165.0,273.0,858.0,1,-1,-1,-1
557,3,851.0,167.0,269.0,856.0,1,-1,-1,-1
558,3,854.0,170.0,271.0,855.0,1,-1,-1,-1
559,3,843.0,174.0,278.0,845.0,1,-1,-1,-1
560,3,831.0,176.0,297.0,842.0,1,-1,-1,-1
561,3,812.0,163.0,318.0,854.0,1,-1,-1,-1
562,3,779.0,157.0,353.0,858.0,1,-1,-1,-1
563,3,763.0,149.0,371.0,865.0,1,-1,-1,-1
564,3,744.0,132.0,390.0,874.0,1,-1,-1,-1
565,3,737.0,120.0,400.0,883.0,1,-1,-1,-1
566,3,742.0,96.0,393.0,903.0,1,-1,-1,-1
567,3,737.0,74.0,407.0,916.0,1,-1,-1,-1
568,3,725.0,55.0,442.0,908.0,1,-1,-1,-1
569,3,714.0,33.0,505.0,920.0,1,-1,-1,-1
570,3,705.0,18.0,543.0,954.0,1,-1,-1,-1
571,3,685.0,15.0,581.0,989.0,1,-1,-1,-1
572,3,677.0,13.0,613.0,1001.0,1,-1,-1,-1
573,3,670.0,7.0,626.0,1005.0,1,-1,-1,-1
574,3,681.0,10.0,643.0,1012.0,1,-1,-1,-1
575,3,693.0,8.0,628.0,1019.0,1,-1,-1,-1
576,3,736.0,9.0,592.0,1021.0,1,-1,-1,-1
577,3,759.0,10.0,533.0,1016.0,1,-1,-1,-1
578,3,771.0,10.0,477.0,1009.0,1,-1,-1,-1
579,3,799.0,13.0,387.0,1005.0,1,-1,-1,-1
580,3,787.0,23.0,406.0,998.0,1,-1,-1,-1
581,3,807.0,48.0,443.0,963.0,1,-1,-1,-1
582,3,819.0,74.0,386.0,940.0,1,-1,-1,-1
583,3,817.0,81.0,363.0,923.0,1,-1,-1,-1
584,3,806.0,87.0,380.0,917.0,1,-1,-1,-1
585,3,791.0,93.0,402.0,912.0,1,-1,-1,-1
586,3,794.0,95.0,420.0,926.0,1,-1,-1,-1
587,3,797.0,106.0,448.0,917.0,1,-1,-1,-1
588,3,791.0,112.0,491.0,910.0,1,-1,-1,-1
589,3,784.0,116.0,542.0,910.0,1,-1,-1,-1
590,3,770.0,117.0,610.0,920.0,1,-1,-1,-1
591,3,756.0,128.0,654.0,909.0,1,-1,-1,-1
592,3,747.0,136.0,679.0,904.0,1,-1,-1,-1
593,3,769.0,154.0,648.0,886.0,1,-1,-1,-1
594,3,789.0,153.0,629.0,877.0,1,-1,-1,-1
595,3,811.0,143.0,601.0,891.0,1,-1,-1,-1
596,3,813.0,134.0,590.0,898.0,1,-1,-1,-1
597,3,824.0,129.0,571.0,892.0,1,-1,-1,-1
598,3,853.0,116.0,542.0,904.0,1,-1,-1,-1
599,3,888.0,101.0,506.0,900.0,1,-1,-1,-1
600,3,893.0,66.0,508.0,918.0,1,-1,-1,-1
601,3,902.0,57.0,504.0,914.0,1,-1,-1,-1
602,3,908.0,65.0,497.0,918.0,1,-1,-1,-1
603,3,911.0,49.0,495.0,967.0,1,-1,-1,-1
604,3,914.0,29.0,492.0,998.0,1,-1,-1,-1
605,3,919.0,33.0,483.0,996.0,1,-1,-1,-1
606,3,921.0,36.0,473.0,983.0,1,-1,-1,-1
607,3,914.0,34.0,484.0,984.0,1,-1,-1,-1
608,3,918.0,49.0,487.0,975.0,1,-1,-1,-1
609,3,916.0,67.0,521.0,957.0,1,-1,-1,-1
610,3,920.0,95.0,542.0,930.0,1,-1,-1,-1
611,3,913.0,91.0,540.0,939.0,1,-1,-1,-1
612,3,913.0,87.0,534.0,945.0,1,-1,-1,-1
613,3,914.0,73.0,500.0,949.0,1,-1,-1,-1
614,3,914.0,74.0,473.0,949.0,1,-1,-1,-1
615,3,911.0,73.0,437.0,953.0,1,-1,-1,-1
616,3,904.0,75.0,404.0,947.0,1,-1,-1,-1
617,3,876.0,68.0,400.0,950.0,1,-1,-1,-1
618,3,831.0,70.0,413.0,957.0,1,-1,-1,-1
619,3,793.0,73.0,445.0,951.0,1,-1,-1,-1
620,3,757.0,78.0,478.0,940.0,1,-1,-1,-1
621,3,731.0,82.0,518.0,947.0,1,-1,-1,-1
622,3,693.0,103.0,565.0,927.0,1,-1,-1,-1
623,3,657.0,116.0,607.0,905.0,1,-1,-1,-1
624,3,647.0,136.0,615.0,884.0,1,-1,-1,-1
625,3,647.0,145.0,609.0,873.0,1,-1,-1,-1
626,3,644.0,148.0,609.0,874.0,1,-1,-1,-1
627,3,649.0,140.0,605.0,887.0,1,-1,-1,-1
628,3,654.0,132.0,596.0,894.0,1,-1,-1,-1
629,3,664.0,145.0,580.0,883.0,1,-1,-1,-1
630,3,683.0,150.0,554.0,877.0,1,-1,-1,-1
631,3,685.0,160.0,543.0,878.0,1,-1,-1,-1
632,3,720.0,160.0,493.0,860.0,1,-1,-1,-1
633,3,750.0,165.0,451.0,840.0,1,-1,-1,-1
634,3,771.0,163.0,427.0,836.0,1,-1,-1,-1
635,3,800.0,163.0,394.0,849.0,1,-1,-1,-1
636,3,825.0,169.0,375.0,867.0,1,-1,-1,-1
637,3,853.0,179.0,346.0,863.0,1,-1,-1,-1
638,3,863.0,185.0,332.0,865.0,1,-1,-1,-1
639,3,867.0,194.0,318.0,854.0,1,-1,-1,-1
640,3,858.0,202.0,314.0,846.0,1,-1,-1,-1
641,3,835.0,198.0,378.0,853.0,1,-1,-1,-1
642,3,810.0,205.0,452.0,839.0,1,-1,-1,-1
643,3,781.0,212.0,506.0,838.0,1,-1,-1,-1
644,3,773.0,216.0,531.0,827.0,1,-1,-1,-1
645,3,777.0,209.0,565.0,831.0,1,-1,-1,-1
646,3,772.0,209.0,563.0,829.0,1,-1,-1,-1
647,3,772.0,210.0,550.0,820.0,1,-1,-1,-1
648,3,763.0,206.0,571.0,834.0,1,-1,-1,-1
649,3,758.0,194.0,601.0,829.0,1,-1,-1,-1
650,3,768.0,162.0,595.0,863.0,1,-1,-1,-1
651,3,769.0,140.0,595.0,879.0,1,-1,-1,-1
652,3,774.0,137.0,576.0,885.0,1,-1,-1,-1
653,3,783.0,130.0,547.0,886.0,1,-1,-1,-1
654,3,800.0,108.0,510.0,901.0,1,-1,-1,-1
655,3,790.0,102.0,524.0,906.0,1,-1,-1,-1
656,3,784.0,86.0,514.0,913.0,1,-1,-1,-1
657,3,787.0,86.0,510.0,918.0,1,-1,-1,-1
658,3,792.0,83.0,497.0,918.0,1,-1,-1,-1
659,3,804.0,96.0,482.0,900.0,1,-1,-1,-1
660,3,811.0,116.0,463.0,877.0,1,-1,-1,-1
661,3,810.0,133.0,465.0,853.0,1,-1,-1,-1
662,3,809.0,157.0,462.0,820.0,1,-1,-1,-1
663,3,819.0,170.0,456.0,803.0,1,-1,-1,-1
664,3,824.0,202.0,445.0,770.0,1,-1,-1,-1
665,3,826.0,230.0,448.0,738.0,1,-1,-1,-1
666,3,826.0,256.0,469.0,705.0,1,-1,-1,-1
667,3,832.0,267.0,455.0,696.0,1,-1,-1,-1
668,3,833.0,274.0,461.0,688.0,1,-1,-1,-1
669,3,836.0,275.0,430.0,685.0,1,-1,-1,-1
670,3,841.0,280.0,395.0,676.0,1,-1,-1,-1
671,3,843.0,279.0,409.0,669.0,1,-1,-1,-1
672,3,849.0,280.0,388.0,668.0,1,-1,-1,-1
673,3,855.0,278.0,358.0,671.0,1,-1,-1,-1
674,3,861.0,263.0,314.0,686.0,1,-1,-1,-1
675,3,861.0,259.0,297.0,689.0,1,-1,-1,-1
676,3,856.0,266.0,269.0,677.0,1,-1,-1,-1
677,3,858.0,268.0,247.0,676.0,1,-1,-1,-1
678,3,860.0,272.0,242.0,669.0,1,-1,-1,-1
679,3,860.0,272.0,241.0,665.0,1,-1,-1,-1
680,3,863.0,269.0,239.0,665.0,1,-1,-1,-1
681,3,871.0,274.0,230.0,654.0,1,-1,-1,-1
682,3,881.0,276.0,222.0,655.0,1,-1,-1,-1
683,3,889.0,280.0,215.0,654.0,1,-1,-1,-1
684,3,895.0,283.0,207.0,661.0,1,-1,-1,-1
685,3,894.0,286.0,212.0,657.0,1,-1,-1,-1
686,3,895.0,289.0,211.0,653.0,1,-1,-1,-1
687,3,898.0,300.0,208.0,644.0,1,-1,-1,-1
688,3,902.0,304.0,204.0,637.0,1,-1,-1,-1
689,3,905.0,316.0,206.0,624.0,1,-1,-1,-1
690,3,906.0,327.0,201.0,615.0,1,-1,-1,-1
691,3,906.0,316.0,204.0,631.0,1,-1,-1,-1
692,3,902.0,316.0,209.0,632.0,1,-1,-1,-1
693,3,897.0,323.0,229.0,623.0,1,-1,-1,-1
694,3,894.0,327.0,234.0,616.0,1,-1,-1,-1
695,3,892.0,333.0,230.0,605.0,1,-1,-1,-1
696,3,889.0,333.0,234.0,603.0,1,-1,-1,-1
697,3,886.0,337.0,241.0,594.0,1,-1,-1,-1
698,3,877.0,341.0,257.0,595.0,1,-1,-1,-1
699,3,859.0,346.0,277.0,585.0,1,-1,-1,-1
700,3,837.0,363.0,297.0,557.0,1,-1,-1,-1
701,3,808.0,364.0,320.0,519.0,1,-1,-1,-1
702,3,789.0,371.0,340.0,493.0,1,-1,-1,-1
703,3,776.0,386.0,341.0,465.0,1,-1,-1,-1
704,3,762.0,393.0,348.0,465.0,1,-1,-1,-1
705,3,753.0,389.0,370.0,471.0,1,-1,-1,-1
706,3,755.0,391.0,355.0,476.0,1,-1,-1,-1
707,3,748.0,379.0,364.0,494.0,1,-1,-1,-1
708,3,750.0,371.0,372.0,510.0,1,-1,-1,-1
709,3,743.0,367.0,388.0,538.0,1,-1,-1,-1
710,3,750.0,360.0,371.0,544.0,1,-1,-1,-1
711,3,756.0,355.0,350.0,558.0,1,-1,-1,-1
712,3,758.0,348.0,340.0,576.0,1,-1,-1,-1
713,3,762.0,339.0,341.0,583.0,1,-1,-1,-1
714,3,763.0,334.0,329.0,591.0,1,-1,-1,-1
715,3,770.0,328.0,335.0,601.0,1,-1,-1,-1
716,3,771.0,325.0,331.0,602.0,1,-1,-1,-1
717,3,772.0,321.0,328.0,606.0,1,-1,-1,-1
718,3,774.0,320.0,325.0,599.0,1,-1,-1,-1
719,3,777.0,318.0,324.0,598.0,1,-1,-1,-1
720,3,785.0,319.0,310.0,601.0,1,-1,-1,-1
721,3,790.0,318.0,297.0,604.0,1,-1,-1,-1
722,3,792.0,320.0,288.0,604.0,1,-1,-1,-1
723,3,791.0,325.0,282.0,601.0,1,-1,-1,-1
724,3,796.0,330.0,256.0,583.0,1,-1,-1,-1
725,3,799.0,335.0,248.0,551.0,1,-1,-1,-1
726,3,790.0,337.0,256.0,563.0,1,-1,-1,-1
727,3,787.0,342.0,254.0,577.0,1,-1,-1,-1
728,3,781.0,342.0,256.0,573.0,1,-1,-1,-1
729,3,771.0,351.0,266.0,565.0,1,-1,-1,-1
730,3,770.0,351.0,286.0,568.0,1,-1,-1,-1
731,3,772.0,356.0,299.0,570.0,1,-1,-1,-1
732,3,749.0,364.0,344.0,560.0,1,-1,-1,-1
733,3,756.0,369.0,359.0,550.0,1,-1,-1,-1
734,3,757.0,376.0,375.0,529.0,1,-1,-1,-1
735,3,757.0,385.0,396.0,530.0,1,-1,-1,-1
736,3,753.0,385.0,411.0,535.0,1,-1,-1,-1
737,3,744.0,383.0,388.0,536.0,1,-1,-1,-1
738,3,737.0,379.0,402.0,534.0,1,-1,-1,-1
739,3,730.0,374.0,396.0,535.0,1,-1,-1,-1
740,3,737.0,368.0,364.0,544.0,1,-1,-1,-1
741,3,746.0,360.0,337.0,554.0,1,-1,-1,-1
742,3,747.0,353.0,318.0,568.0,1,-1,-1,-1
743,3,748.0,341.0,308.0,574.0,1,-1,-1,-1
744,3,757.0,338.0,283.0,578.0,1,-1,-1,-1
745,3,768.0,332.0,271.0,578.0,1,-1,-1,-1
746,3,771.0,337.0,258.0,564.0,1,-1,-1,-1
747,3,797.0,334.0,232.0,569.0,1,-1,-1,-1
748,3,816.0,326.0,206.0,587.0,1,-1,-1,-1
749,3,826.0,325.0,191.0,587.0,1,-1,-1,-1
750,3,836.0,325.0,183.0,589.0,1,-1,-1,-1
751,3,850.0,334.0,169.0,595.0,1,-1,-1,-1
752,3,853.0,323.0,164.0,613.0,1,-1,-1,-1
753,3,853.0,335.0,166.0,594.0,1,-1,-1,-1
754,3,857.0,342.0,166.0,581.0,1,-1,-1,-1
755,3,859.0,344.0,166.0,577.0,1,-1,-1,-1
756,3,861.0,342.0,164.0,576.0,1,-1,-1,-1
757,3,867.0,342.0,158.0,575.0,1,-1,-1,-1
758,3,867.0,344.0,160.0,575.0,1,-1,-1,-1
759,3,872.0,339.0,161.0,580.0,1,-1,-1,-1
760,3,867.0,345.0,170.0,573.0,1,-1,-1,-1
761,3,857.0,349.0,181.0,582.0,1,-1,-1,-1
762,3,852.0,358.0,191.0,565.0,1,-1,-1,-1
763,3,848.0,366.0,198.0,563.0,1,-1,-1,-1
764,3,845.0,373.0,203.0,563.0,1,-1,-1,-1
765,3,843.0,379.0,208.0,553.0,1,-1,-1,-1
766,3,843.0,383.0,215.0,550.0,1,-1,-1,-1
767,3,842.0,386.0,224.0,546.0,1,-1,-1,-1
768,3,842.0,390.0,218.0,545.0,1,-1,-1,-1
769,3,845.0,396.0,213.0,536.0,1,-1,-1,-1
770,3,848.0,396.0,210.0,538.0,1,-1,-1,-1
771,3,851.0,398.0,209.0,532.0,1,-1,-1,-1
772,3,850.0,395.0,214.0,535.0,1,-1,-1,-1
773,3,851.0,390.0,214.0,540.0,1,-1,-1,-1
774,3,849.0,388.0,221.0,542.0,1,-1,-1,-1
775,3,845.0,387.0,227.0,543.0,1,-1,-1,-1
776,3,834.0,386.0,235.0,543.0,1,-1,-1,-1
777,3,830.0,384.0,237.0,545.0,1,-1,-1,-1
778,3,826.0,371.0,245.0,559.0,1,-1,-1,-1
779,3,814.0,363.0,252.0,564.0,1,-1,-1,-1
780,3,807.0,360.0,252.0,567.0,1,-1,-1,-1
781,3,802.0,358.0,255.0,570.0,1,-1,-1,-1
782,3,797.0,359.0,258.0,567.0,1,-1,-1,-1
783,3,785.0,356.0,271.0,570.0,1,-1,-1,-1
784,3,759.0,362.0,299.0,565.0,1,-1,-1,-1
785,3,753.0,363.0,306.0,570.0,1,-1,-1,-1
786,3,746.0,361.0,314.0,566.0,1,-1,-1,-1
787,3,739.0,357.0,332.0,571.0,1,-1,-1,-1
788,3,734.0,365.0,339.0,566.0,1,-1,-1,-1
789,3,736.0,372.0,343.0,558.0,1,-1,-1,-1
790,3,735.0,385.0,353.0,543.0,1,-1,-1,-1
791,3,738.0,387.0,353.0,543.0,1,-1,-1,-1
792,3,738.0,390.0,356.0,541.0,1,-1,-1,-1
793,3,737.0,399.0,358.0,532.0,1,-1,-1,-1
794,3,736.0,397.0,357.0,533.0,1,-1,-1,-1
795,3,739.0,395.0,360.0,537.0,1,-1,-1,-1
796,3,737.0,397.0,360.0,538.0,1,-1,-1,-1
797,3,732.0,395.0,358.0,540.0,1,-1,-1,-1
798,3,735.0,400.0,356.0,536.0,1,-1,-1,-1
799,3,734.0,404.0,351.0,529.0,1,-1,-1,-1
800,3,728.0,405.0,353.0,528.0,1,-1,-1,-1
801,3,727.0,405.0,347.0,537.0,1,-1,-1,-1
802,3,733.0,409.0,336.0,529.0,1,-1,-1,-1
803,3,732.0,412.0,329.0,524.0,1,-1,-1,-1
804,3,731.0,409.0,321.0,526.0,1,-1,-1,-1
805,3,734.0,407.0,310.0,526.0,1,-1,-1,-1
806,3,730.0,406.0,308.0,523.0,1,-1,-1,-1
807,3,723.0,403.0,310.0,526.0,1,-1,-1,-1
808,3,722.0,396.0,308.0,530.0,1,-1,-1,-1
809,3,721.0,393.0,307.0,534.0,1,-1,-1,-1
810,3,719.0,389.0,308.0,537.0,1,-1,-1,-1
811,3,718.0,386.0,306.0,543.0,1,-1,-1,-1
812,3,726.0,382.0,300.0,544.0,1,-1,-1,-1
813,3,730.0,382.0,295.0,545.0,1,-1,-1,-1
814,3,729.0,379.0,296.0,548.0,1,-1,-1,-1
815,3,728.0,374.0,295.0,551.0,1,-1,-1,-1
816,3,722.0,374.0,302.0,548.0,1,-1,-1,-1
817,3,721.0,374.0,308.0,547.0,1,-1,-1,-1
818,3,714.0,375.0,321.0,552.0,1,-1,-1,-1
819,3,710.0,372.0,326.0,557.0,1,-1,-1,-1
820,3,706.0,374.0,333.0,556.0,1,-1,-1,-1
821,3,705.0,377.0,333.0,551.0,1,-1,-1,-1
822,3,699.0,381.0,342.0,549.0,1,-1,-1,-1
823,3,697.0,377.0,342.0,553.0,1,-1,-1,-1
824,3,699.0,390.0,343.0,539.0,1,-1,-1,-1
825,3,697.0,393.0,348.0,541.0,1,-1,-1,-1
826,3,697.0,395.0,348.0,534.0,1,-1,-1,-1
827,3,697.0,398.0,350.0,532.0,1,-1,-1,-1
828,3,701.0,400.0,343.0,529.0,1,-1,-1,-1
829,3,699.0,408.0,345.0,520.0,1,-1,-1,-1
830,3,706.0,409.0,334.0,516.0,1,-1,-1,-1
831,3,706.0,412.0,332.0,513.0,1,-1,-1,-1
832,3,704.0,415.0,337.0,514.0,1,-1,-1,-1
833,3,715.0,417.0,325.0,508.0,1,-1,-1,-1
834,3,712.0,418.0,334.0,507.0,1,-1,-1,-1
835,3,724.0,421.0,322.0,504.0,1,-1,-1,-1
836,3,736.0,423.0,310.0,502.0,1,-1,-1,-1
837,3,741.0,424.0,306.0,501.0,1,-1,-1,-1
838,3,733.0,434.0,317.0,492.0,1,-1,-1,-1
839,3,725.0,438.0,326.0,486.0,1,-1,-1,-1
840,3,717.0,437.0,332.0,486.0,1,-1,-1,-1
841,3,716.0,437.0,332.0,485.0,1,-1,-1,-1
842,3,711.0,438.0,333.0,483.0,1,-1,-1,-1
843,3,714.0,426.0,329.0,493.0,1,-1,-1,-1
844,3,714.0,414.0,336.0,507.0,1,-1,-1,-1
845,3,709.0,414.0,352.0,513.0,1,-1,-1,-1
846,3,706.0,418.0,374.0,513.0,1,-1,-1,-1
847,3,710.0,416.0,377.0,512.0,1,-1,-1,-1
848,3,713.0,412.0,382.0,510.0,1,-1,-1,-1
849,3,712.0,408.0,387.0,512.0,1,-1,-1,-1
850,3,709.0,406.0,394.0,507.0,1,-1,-1,-1
851,3,708.0,406.0,399.0,507.0,1,-1,-1,-1
852,3,706.0,416.0,403.0,494.0,1,-1,-1,-1
853,3,700.0,415.0,408.0,502.0,1,-1,-1,-1
854,3,695.0,419.0,421.0,491.0,1,-1,-1,-1
855,3,697.0,422.0,426.0,489.0,1,-1,-1,-1
856,3,692.0,426.0,437.0,484.0,1,-1,-1,-1
857,3,684.0,429.0,443.0,479.0,1,-1,-1,-1
858,3,664.0,426.0,458.0,478.0,1,-1,-1,-1
859,3,658.0,429.0,360.0,482.0,1,-1,-1,-1
860,3,647.0,436.0,299.0,473.0,1,-1,-1,-1
861,3,638.0,435.0,312.0,477.0,1,-1,-1,-1
862,3,627.0,436.0,326.0,482.0,1,-1,-1,-1
863,3,621.0,439.0,300.0,480.0,1,-1,-1,-1
864,3,614.0,446.0,433.0,471.0,1,-1,-1,-1
865,3,612.0,448.0,437.0,472.0,1,-1,-1,-1
866,3,607.0,443.0,443.0,475.0,1,-1,-1,-1
867,3,612.0,444.0,431.0,471.0,1,-1,-1,-1
868,3,611.0,432.0,431.0,489.0,1,-1,-1,-1
869,3,608.0,424.0,429.0,492.0,1,-1,-1,-1
870,3,600.0,420.0,433.0,497.0,1,-1,-1,-1
871,3,610.0,419.0,414.0,497.0,1,-1,-1,-1
872,3,591.0,414.0,438.0,505.0,1,-1,-1,-1
873,3,590.0,407.0,442.0,510.0,1,-1,-1,-1
874,3,587.0,402.0,443.0,517.0,1,-1,-1,-1
875,3,586.0,397.0,446.0,522.0,1,-1,-1,-1
876,3,592.0,395.0,439.0,520.0,1,-1,-1,-1
877,3,583.0,390.0,449.0,527.0,1,-1,-1,-1
878,3,581.0,387.0,453.0,528.0,1,-1,-1,-1
879,3,580.0,381.0,463.0,533.0,1,-1,-1,-1
880,3,584.0,382.0,463.0,527.0,1,-1,-1,-1
881,3,586.0,384.0,465.0,525.0,1,-1,-1,-1
882,3,588.0,386.0,463.0,521.0,1,-1,-1,-1
883,3,588.0,384.0,466.0,521.0,1,-1,-1,-1
884,3,603.0,388.0,449.0,516.0,1,-1,-1,-1
885,3,605.0,391.0,448.0,516.0,1,-1,-1,-1
886,3,610.0,395.0,441.0,513.0,1,-1,-1,-1
887,3,619.0,400.0,430.0,517.0,1,-1,-1,-1
888,3,630.0,404.0,416.0,517.0,1,-1,-1,-1
889,3,659.0,416.0,379.0,507.0,1,-1,-1,-1
890,3,634.0,415.0,401.0,505.0,1,-1,-1,-1
891,3,638.0,420.0,387.0,501.0,1,-1,-1,-1
892,3,644.0,416.0,365.0,506.0,1,-1,-1,-1
893,3,643.0,422.0,362.0,507.0,1,-1,-1,-1
894,3,660.0,425.0,335.0,500.0,1,-1,-1,-1
895,3,671.0,421.0,325.0,493.0,1,-1,-1,-1
896,3,672.0,424.0,291.0,494.0,1,-1,-1,-1
897,3,694.0,424.0,256.0,491.0,1,-1,-1,-1
898,3,698.0,426.0,248.0,500.0,1,-1,-1,-1
899,3,698.0,425.0,237.0,499.0,1,-1,-1,-1
900,3,699.0,421.0,229.0,509.0,1,-1,-1,-1
901,3,708.0,419.0,204.0,510.0,1,-1,-1,-1
902,3,714.0,415.0,192.0,514.0,1,-1,-1,-1
903,3,715.0,414.0,189.0,516.0,1,-1,-1,-1
904,3,717.0,412.0,190.0,518.0,1,-1,-1,-1
905,3,719.0,410.0,194.0,517.0,1,-1,-1,-1
906,3,721.0,401.0,194.0,521.0,1,-1,-1,-1
907,3,719.0,398.0,198.0,524.0,1,-1,-1,-1
908,3,717.0,396.0,217.0,530.0,1,-1,-1,-1
909,3,717.0,395.0,223.0,526.0,1,-1,-1,-1
910,3,713.0,393.0,249.0,527.0,1,-1,-1,-1
911,3,713.0,392.0,259.0,529.0,1,-1,-1,-1
912,3,704.0,392.0,281.0,527.0,1,-1,-1,-1
913,3,685.0,393.0,313.0,530.0,1,-1,-1,-1
914,3,672.0,396.0,333.0,529.0,1,-1,-1,-1
915,3,664.0,394.0,343.0,530.0,1,-1,-1,-1
916,3,661.0,396.0,352.0,527.0,1,-1,-1,-1
917,3,656.0,398.0,363.0,529.0,1,-1,-1,-1
918,3,657.0,397.0,356.0,528.0,1,-1,-1,-1
919,3,658.0,399.0,357.0,526.0,1,-1,-1,-1
920,3,658.0,405.0,360.0,517.0,1,-1,-1,-1
921,3,657.0,406.0,362.0,515.0,1,-1,-1,-1
922,3,658.0,415.0,361.0,507.0,1,-1,-1,-1
923,3,661.0,420.0,359.0,506.0,1,-1,-1,-1
924,3,665.0,432.0,355.0,492.0,1,-1,-1,-1
925,3,668.0,430.0,360.0,503.0,1,-1,-1,-1
926,3,663.0,431.0,364.0,503.0,1,-1,-1,-1
927,3,666.0,437.0,364.0,487.0,1,-1,-1,-1
928,3,662.0,437.0,366.0,498.0,1,-1,-1,-1
929,3,676.0,437.0,352.0,492.0,1,-1,-1,-1
930,3,664.0,434.0,369.0,500.0,1,-1,-1,-1
931,3,669.0,437.0,363.0,498.0,1,-1,-1,-1
932,3,664.0,433.0,367.0,503.0,1,-1,-1,-1
933,3,668.0,434.0,363.0,501.0,1,-1,-1,-1
934,3,670.0,428.0,365.0,512.0,1,-1,-1,-1
935,3,674.0,427.0,356.0,503.0,1,-1,-1,-1
936,3,683.0,433.0,344.0,496.0,1,-1,-1,-1
937,3,687.0,423.0,350.0,503.0,1,-1,-1,-1
938,3,689.0,422.0,340.0,501.0,1,-1,-1,-1
939,3,698.0,415.0,336.0,508.0,1,-1,-1,-1
940,3,707.0,411.0,320.0,512.0,1,-1,-1,-1
941,3,713.0,408.0,319.0,517.0,1,-1,-1,-1
942,3,713.0,407.0,316.0,517.0,1,-1,-1,-1
943,3,711.0,405.0,316.0,520.0,1,-1,-1,-1
944,3,712.0,405.0,312.0,518.0,1,-1,-1,-1
945,3,715.0,399.0,309.0,523.0,1,-1,-1,-1
946,3,705.0,399.0,322.0,526.0,1,-1,-1,-1
947,3,709.0,398.0,321.0,527.0,1,-1,-1,-1
948,3,698.0,391.0,327.0,531.0,1,-1,-1,-1
949,3,696.0,392.0,333.0,531.0,1,-1,-1,-1
950,3,691.0,395.0,336.0,527.0,1,-1,-1,-1
951,3,688.0,397.0,339.0,523.0,1,-1,-1,-1
952,3,687.0,402.0,342.0,518.0,1,-1,-1,-1
953,3,683.0,404.0,345.0,515.0,1,-1,-1,-1
954,3,679.0,402.0,353.0,516.0,1,-1,-1,-1
955,3,672.0,406.0,358.0,513.0,1,-1,-1,-1
956,3,671.0,402.0,360.0,517.0,1,-1,-1,-1
957,3,673.0,408.0,358.0,512.0,1,-1,-1,-1
958,3,671.0,411.0,364.0,516.0,1,-1,-1,-1
959,3,670.0,412.0,362.0,518.0,1,-1,-1,-1
960,3,670.0,418.0,360.0,508.0,1,-1,-1,-1
961,3,670.0,424.0,350.0,499.0,1,-1,-1,-1
962,3,664.0,427.0,353.0,497.0,1,-1,-1,-1
963,3,668.0,429.0,342.0,496.0,1,-1,-1,-1
964,3,654.0,437.0,359.0,496.0,1,-1,-1,-1
965,3,653.0,436.0,353.0,498.0,1,-1,-1,-1
966,3,663.0,441.0,334.0,490.0,1,-1,-1,-1
967,3,659.0,442.0,335.0,483.0,1,-1,-1,-1
968,3,665.0,442.0,323.0,483.0,1,-1,-1,-1
969,3,668.0,440.0,318.0,488.0,1,-1,-1,-1
970,3,669.0,436.0,321.0,491.0,1,-1,-1,-1
971,3,671.0,432.0,318.0,493.0,1,-1,-1,-1
972,3,674.0,427.0,318.0,498.0,1,-1,-1,-1
973,3,674.0,422.0,320.0,503.0,1,-1,-1,-1
974,3,674.0,419.0,328.0,507.0,1,-1,-1,-1
975,3,671.0,419.0,331.0,505.0,1,-1,-1,-1
976,3,673.0,417.0,327.0,509.0,1,-1,-1,-1
977,3,676.0,409.0,321.0,515.0,1,-1,-1,-1
978,3,675.0,405.0,325.0,518.0,1,-1,-1,-1
979,3,673.0,402.0,328.0,519.0,1,-1,-1,-1
980,3,675.0,401.0,326.0,521.0,1,-1,-1,-1
981,3,670.0,398.0,331.0,519.0,1,-1,-1,-1
982,3,672.0,398.0,335.0,521.0,1,-1,-1,-1
983,3,674.0,402.0,336.0,514.0,1,-1,-1,-1
984,3,675.0,404.0,333.0,508.0,1,-1,-1,-1
985,3,675.0,404.0,334.0,510.0,1,-1,-1,-1
986,3,672.0,406.0,340.0,510.0,1,-1,-1,-1
987,3,668.0,405.0,348.0,507.0,1,-1,-1,-1
988,3,672.0,410.0,348.0,499.0,1,-1,-1,-1
989,3,673.0,417.0,346.0,491.0,1,-1,-1,-1
990,3,672.0,418.0,352.0,496.0,1,-1,-1,-1
991,3,672.0,419.0,352.0,493.0,1,-1,-1,-1
992,3,679.0,426.0,346.0,489.0,1,-1,-1,-1
993,3,685.0,431.0,339.0,487.0,1,-1,-1,-1
994,3,689.0,427.0,337.0,488.0,1,-1,-1,-1
995,3,689.0,426.0,342.0,479.0,1,-1,-1,-1
996,3,689.0,419.0,352.0,489.0,1,-1,-1,-1
997,3,695.0,425.0,358.0,491.0,1,-1,-1,-1
998,3,702.0,406.0,359.0,500.0,1,-1,-1,-1
999,3,710.0,399.0,357.0,508.0,1,-1,-1,-1
1000,3,720.0,390.0,354.0,513.0,1,-1,-1,-1
1001,3,726.0,384.0,356.0,519.0,1,-1,-1,-1
1002,3,736.0,370.0,350.0,538.0,1,-1,-1,-1
1003,3,738.0,356.0,348.0,564.0,1,-1,-1,-1
1004,3,743.0,346.0,345.0,565.0,1,-1,-1,-1
1005,3,748.0,335.0,340.0,571.0,1,-1,-1,-1
1006,3,747.0,328.0,345.0,580.0,1,-1,-1,-1
1007,3,750.0,320.0,341.0,581.0,1,-1,-1,-1
1008,3,748.0,308.0,343.0,585.0,1,-1,-1,-1
1009,3,745.0,297.0,343.0,594.0,1,-1,-1,-1
1010,3,741.0,295.0,347.0,598.0,1,-1,-1,-1
1011,3,737.0,287.0,353.0,609.0,1,-1,-1,-1
1012,3,735.0,285.0,355.0,609.0,1,-1,-1,-1
1013,3,735.0,283.0,357.0,608.0,1,-1,-1,-1
1014,3,733.0,288.0,359.0,600.0,1,-1,-1,-1
1015,3,732.0,294.0,363.0,596.0,1,-1,-1,-1
1016,3,724.0,311.0,372.0,585.0,1,-1,-1,-1
1017,3,721.0,324.0,375.0,579.0,1,-1,-1,-1
1018,3,720.0,334.0,373.0,580.0,1,-1,-1,-1
1019,3,724.0,349.0,367.0,576.0,1,-1,-1,-1
1020,3,725.0,370.0,363.0,557.0,1,-1,-1,-1
1021,3,724.0,377.0,359.0,547.0,1,-1,-1,-1
1022,3,729.0,380.0,351.0,547.0,1,-1,-1,-1
1023,3,729.0,380.0,343.0,541.0,1,-1,-1,-1
1024,3,734.0,384.0,330.0,538.0,1,-1,-1,-1
1025,3,742.0,388.0,321.0,537.0,1,-1,-1,-1
1026,3,748.0,396.0,313.0,523.0,1,-1,-1,-1
1027,3,758.0,408.0,301.0,510.0,1,-1,-1,-1
1028,3,762.0,411.0,292.0,509.0,1,-1,-1,-1
1029,3,765.0,415.0,287.0,512.0,1,-1,-1,-1
1030,3,775.0,417.0,271.0,508.0,1,-1,-1,-1
1031,3,778.0,419.0,256.0,503.0,1,-1,-1,-1
1032,3,789.0,419.0,244.0,504.0,1,-1,-1,-1
1033,3,796.0,415.0,235.0,506.0,1,-1,-1,-1
1034,3,799.0,413.0,232.0,508.0,1,-1,-1,-1
1035,3,802.0,409.0,234.0,514.0,1,-1,-1,-1
1036,3,809.0,410.0,233.0,508.0,1,-1,-1,-1
1037,3,810.0,408.0,233.0,508.0,1,-1,-1,-1
1038,3,810.0,405.0,232.0,511.0,1,-1,-1,-1
1039,3,810.0,401.0,229.0,519.0,1,-1,-1,-1
1040,3,808.0,398.0,235.0,521.0,1,-1,-1,-1
1041,3,807.0,396.0,242.0,529.0,1,-1,-1,-1
1042,3,808.0,398.0,240.0,524.0,1,-1,-1,-1
1043,3,808.0,399.0,245.0,525.0,1,-1,-1,-1
1044,3,807.0,397.0,251.0,529.0,1,-1,-1,-1
1045,3,811.0,401.0,252.0,529.0,1,-1,-1,-1
1046,3,815.0,403.0,252.0,525.0,1,-1,-1,-1
1047,3,817.0,407.0,257.0,520.0,1,-1,-1,-1
1048,3,816.0,403.0,251.0,517.0,1,-1,-1,-1
1049,3,816.0,411.0,252.0,508.0,1,-1,-1,-1
1050,3,818.0,414.0,251.0,504.0,1,-1,-1,-1
1051,3,822.0,418.0,248.0,497.0,1,-1,-1,-1
1052,3,822.0,419.0,249.0,491.0,1,-1,-1,-1
1053,3,825.0,426.0,245.0,489.0,1,-1,-1,-1
1054,3,828.0,428.0,243.0,484.0,1,-1,-1,-1
1055,3,829.0,432.0,243.0,483.0,1,-1,-1,-1
1056,3,831.0,433.0,239.0,483.0,1,-1,-1,-1
1057,3,832.0,438.0,235.0,475.0,1,-1,-1,-1
1058,3,831.0,437.0,224.0,471.0,1,-1,-1,-1
1059,3,827.0,442.0,220.0,471.0,1,-1,-1,-1
1060,3,824.0,443.0,213.0,471.0,1,-1,-1,-1
1061,3,822.0,443.0,206.0,466.0,1,-1,-1,-1
1062,3,821.0,446.0,194.0,464.0,1,-1,-1,-1
1063,3,821.0,448.0,185.0,454.0,1,-1,-1,-1
1064,3,820.0,448.0,179.0,451.0,1,-1,-1,-1
1065,3,819.0,447.0,178.0,450.0,1,-1,-1,-1
1066,3,817.0,446.0,182.0,453.0,1,-1,-1,-1
1067,3,816.0,444.0,186.0,458.0,1,-1,-1,-1
1068,3,816.0,442.0,194.0,459.0,1,-1,-1,-1
1069,3,818.0,441.0,193.0,464.0,1,-1,-1,-1
1070,3,821.0,439.0,196.0,464.0,1,-1,-1,-1
1071,3,821.0,436.0,203.0,467.0,1,-1,-1,-1
1072,3,822.0,435.0,204.0,464.0,1,-1,-1,-1
1073,3,824.0,433.0,205.0,465.0,1,-1,-1,-1
1074,3,824.0,431.0,215.0,473.0,1,-1,-1,-1
1075,3,825.0,431.0,223.0,468.0,1,-1,-1,-1
1076,3,827.0,429.0,231.0,470.0,1,-1,-1,-1
1077,3,827.0,436.0,239.0,454.0,1,-1,-1,-1
1078,3,826.0,438.0,246.0,451.0,1,-1,-1,-1
1079,3,824.0,441.0,254.0,448.0,1,-1,-1,-1
1080,3,816.0,443.0,268.0,444.0,1,-1,-1,-1
1081,3,810.0,443.0,279.0,445.0,1,-1,-1,-1
1082,3,801.0,448.0,296.0,439.0,1,-1,-1,-1
1083,3,788.0,445.0,310.0,447.0,1,-1,-1,-1
1084,3,783.0,448.0,315.0,446.0,1,-1,-1,-1
1085,3,781.0,454.0,311.0,440.0,1,-1,-1,-1
1086,3,780.0,457.0,308.0,436.0,1,-1,-1,-1
1087,3,781.0,460.0,308.0,432.0,1,-1,-1,-1
1088,3,783.0,462.0,307.0,430.0,1,-1,-1,-1
1089,3,787.0,462.0,302.0,429.0,1,-1,-1,-1
1090,3,793.0,466.0,295.0,425.0,1,-1,-1,-1
1091,3,799.0,467.0,289.0,425.0,1,-1,-1,-1
1092,3,803.0,464.0,286.0,431.0,1,-1,-1,-1
1093,3,811.0,468.0,278.0,426.0,1,-1,-1,-1
1094,3,823.0,465.0,268.0,427.0,1,-1,-1,-1
1095,3,832.0,471.0,258.0,425.0,1,-1,-1,-1
1096,3,840.0,469.0,257.0,431.0,1,-1,-1,-1
1097,3,853.0,468.0,249.0,433.0,1,-1,-1,-1
1098,3,863.0,467.0,249.0,435.0,1,-1,-1,-1
1099,3,874.0,466.0,243.0,433.0,1,-1,-1,-1
1100,3,877.0,467.0,244.0,433.0,1,-1,-1,-1
1101,3,882.0,466.0,237.0,432.0,1,-1,-1,-1
1102,3,887.0,464.0,233.0,432.0,1,-1,-1,-1
1103,3,889.0,463.0,239.0,433.0,1,-1,-1,-1
1104,3,891.0,462.0,238.0,431.0,1,-1,-1,-1
1105,3,892.0,462.0,240.0,430.0,1,-1,-1,-1
1106,3,892.0,462.0,236.0,428.0,1,-1,-1,-1
1107,3,893.0,464.0,226.0,424.0,1,-1,-1,-1
1108,3,891.0,462.0,227.0,426.0,1,-1,-1,-1
1109,3,887.0,460.0,231.0,429.0,1,-1,-1,-1
1110,3,885.0,461.0,234.0,427.0,1,-1,-1,-1
1111,3,884.0,462.0,237.0,423.0,1,-1,-1,-1
1112,3,883.0,462.0,239.0,419.0,1,-1,-1,-1
1113,3,880.0,464.0,244.0,416.0,1,-1,-1,-1
1114,3,877.0,465.0,262.0,415.0,1,-1,-1,-1
1115,3,870.0,466.0,286.0,419.0,1,-1,-1,-1
1116,3,864.0,462.0,290.0,421.0,1,-1,-1,-1
1117,3,858.0,468.0,294.0,422.0,1,-1,-1,-1
1118,3,849.0,466.0,290.0,412.0,1,-1,-1,-1
1119,3,841.0,471.0,309.0,408.0,1,-1,-1,-1
1120,3,827.0,474.0,321.0,403.0,1,-1,-1,-1
1121,3,817.0,473.0,315.0,405.0,1,-1,-1,-1
1122,3,814.0,473.0,254.0,416.0,1,-1,-1,-1
1123,3,804.0,474.0,321.0,403.0,1,-1,-1,-1
1124,3,798.0,475.0,334.0,416.0,1,-1,-1,-1
1125,3,795.0,475.0,334.0,397.0,1,-1,-1,-1
1126,3,792.0,474.0,329.0,409.0,1,-1,-1,-1
1127,3,797.0,475.0,297.0,403.0,1,-1,-1,-1
1128,3,798.0,469.0,289.0,407.0,1,-1,-1,-1
1129,3,801.0,460.0,278.0,415.0,1,-1,-1,-1
1130,3,801.0,458.0,267.0,421.0,1,-1,-1,-1
1131,3,797.0,449.0,261.0,428.0,1,-1,-1,-1
1132,3,798.0,442.0,245.0,437.0,1,-1,-1,-1
1133,3,795.0,435.0,242.0,444.0,1,-1,-1,-1
1134,3,791.0,428.0,246.0,447.0,1,-1,-1,-1
1135,3,790.0,422.0,245.0,453.0,1,-1,-1,-1
1136,3,786.0,418.0,247.0,457.0,1,-1,-1,-1
1137,3,781.0,416.0,251.0,457.0,1,-1,-1,-1
1138,3,780.0,413.0,253.0,453.0,1,-1,-1,-1
1139,3,775.0,410.0,259.0,452.0,1,-1,-1,-1
1140,3,765.0,410.0,271.0,450.0,1,-1,-1,-1
1141,3,766.0,406.0,270.0,452.0,1,-1,-1,-1
1142,3,762.0,409.0,274.0,452.0,1,-1,-1,-1
1143,3,758.0,411.0,278.0,451.0,1,-1,-1,-1
1144,3,756.0,415.0,284.0,450.0,1,-1,-1,-1
1145,3,760.0,420.0,281.0,448.0,1,-1,-1,-1
1146,3,759.0,427.0,279.0,441.0,1,-1,-1,-1
1147,3,767.0,434.0,271.0,444.0,1,-1,-1,-1
1148,3,771.0,447.0,266.0,434.0,1,-1,-1,-1
1149,3,772.0,456.0,264.0,421.0,1,-1,-1,-1
1150,3,778.0,460.0,260.0,415.0,1,-1,-1,-1
1151,3,789.0,463.0,248.0,411.0,1,-1,-1,-1
1152,3,788.0,470.0,250.0,404.0,1,-1,-1,-1
1153,3,793.0,476.0,243.0,398.0,1,-1,-1,-1
1154,3,801.0,479.0,226.0,396.0,1,-1,-1,-1
1155,3,806.0,485.0,218.0,388.0,1,-1,-1,-1
1156,3,813.0,497.0,204.0,371.0,1,-1,-1,-1
1157,3,817.0,506.0,201.0,364.0,1,-1,-1,-1
1158,3,818.0,507.0,190.0,366.0,1,-1,-1,-1
1159,3,819.0,508.0,184.0,369.0,1,-1,-1,-1
1160,3,823.0,511.0,171.0,370.0,1,-1,-1,-1
1161,3,821.0,508.0,139.0,371.0,1,-1,-1,-1
1162,3,826.0,509.0,162.0,374.0,1,-1,-1,-1
1163,3,821.0,505.0,147.0,376.0,1,-1,-1,-1
1164,3,827.0,503.0,159.0,383.0,1,-1,-1,-1
1165,3,827.0,498.0,160.0,389.0,1,-1,-1,-1
1166,3,823.0,488.0,167.0,396.0,1,-1,-1,-1
1167,3,824.0,485.0,170.0,400.0,1,-1,-1,-1
1168,3,822.0,483.0,172.0,401.0,1,-1,-1,-1
1169,3,820.0,483.0,173.0,399.0,1,-1,-1,-1
1170,3,818.0,482.0,178.0,397.0,1,-1,-1,-1
1171,3,817.0,476.0,185.0,401.0,1,-1,-1,-1
1172,3,815.0,473.0,194.0,400.0,1,-1,-1,-1
1173,3,814.0,471.0,199.0,401.0,1,-1,-1,-1
1174,3,813.0,471.0,206.0,402.0,1,-1,-1,-1
1175,3,814.0,472.0,210.0,403.0,1,-1,-1,-1
1176,3,812.0,473.0,218.0,403.0,1,-1,-1,-1
1177,3,809.0,475.0,228.0,403.0,1,-1,-1,-1
1178,3,801.0,477.0,241.0,405.0,1,-1,-1,-1
1179,3,795.0,479.0,246.0,403.0,1,-1,-1,-1
1180,3,786.0,481.0,255.0,405.0,1,-1,-1,-1
1181,3,785.0,483.0,249.0,406.0,1,-1,-1,-1
1182,3,783.0,489.0,252.0,400.0,1,-1,-1,-1
1183,3,785.0,493.0,250.0,397.0,1,-1,-1,-1
1184,3,789.0,498.0,245.0,391.0,1,-1,-1,-1
1185,3,790.0,500.0,242.0,390.0,1,-1,-1,-1
1186,3,794.0,502.0,240.0,387.0,1,-1,-1,-1
1187,3,796.0,503.0,238.0,388.0,1,-1,-1,-1
1188,3,806.0,505.0,227.0,388.0,1,-1,-1,-1
1189,3,810.0,508.0,222.0,385.0,1,-1,-1,-1
1190,3,811.0,508.0,220.0,386.0,1,-1,-1,-1
1191,3,819.0,505.0,212.0,387.0,1,-1,-1,-1
1192,3,825.0,508.0,205.0,387.0,1,-1,-1,-1
1193,3,836.0,510.0,196.0,385.0,1,-1,-1,-1
1194,3,842.0,512.0,197.0,385.0,1,-1,-1,-1
1195,3,856.0,513.0,189.0,380.0,1,-1,-1,-1
1196,3,860.0,515.0,192.0,377.0,1,-1,-1,-1
1197,3,858.0,518.0,200.0,377.0,1,-1,-1,-1
1198,3,857.0,516.0,208.0,379.0,1,-1,-1,-1
1199,3,854.0,515.0,214.0,378.0,1,-1,-1,-1
1200,3,848.0,512.0,224.0,382.0,1,-1,-1,-1
1201,3,844.0,509.0,235.0,384.0,1,-1,-1,-1
1202,3,840.0,511.0,240.0,380.0,1,-1,-1,-1
1203,3,837.0,507.0,244.0,381.0,1,-1,-1,-1
1204,3,835.0,510.0,245.0,373.0,1,-1,-1,-1
1205,3,827.0,509.0,253.0,374.0,1,-1,-1,-1
1206,3,823.0,504.0,257.0,383.0,1,-1,-1,-1
1207,3,815.0,504.0,260.0,381.0,1,-1,-1,-1
1208,3,806.0,504.0,266.0,383.0,1,-1,-1,-1
1209,3,800.0,507.0,267.0,382.0,1,-1,-1,-1
1210,3,790.0,505.0,274.0,385.0,1,-1,-1,-1
1211,3,779.0,503.0,282.0,391.0,1,-1,-1,-1
1212,3,776.0,499.0,285.0,396.0,1,-1,-1,-1
1213,3,774.0,503.0,288.0,393.0,1,-1,-1,-1
1214,3,771.0,506.0,290.0,390.0,1,-1,-1,-1
1215,3,773.0,507.0,290.0,392.0,1,-1,-1,-1
1216,3,775.0,509.0,290.0,388.0,1,-1,-1,-1
1217,3,771.0,512.0,296.0,382.0,1,-1,-1,-1
1218,3,771.0,515.0,295.0,377.0,1,-1,-1,-1
1219,3,766.0,516.0,300.0,387.0,1,-1,-1,-1
1220,3,764.0,516.0,298.0,387.0,1,-1,-1,-1
1221,3,765.0,518.0,292.0,389.0,1,-1,-1,-1
1222,3,766.0,515.0,284.0,386.0,1,-1,-1,-1
1223,3,765.0,515.0,276.0,382.0,1,-1,-1,-1
1224,3,766.0,514.0,269.0,383.0,1,-1,-1,-1
1225,3,763.0,513.0,268.0,385.0,1,-1,-1,-1
1226,3,761.0,512.0,267.0,391.0,1,-1,-1,-1
1227,3,762.0,511.0,262.0,390.0,1,-1,-1,-1
1228,3,758.0,508.0,257.0,392.0,1,-1,-1,-1
1229,3,764.0,504.0,233.0,392.0,1,-1,-1,-1
1230,3,761.0,501.0,223.0,398.0,1,-1,-1,-1
1231,3,752.0,500.0,219.0,400.0,1,-1,-1,-1
1232,3,756.0,495.0,221.0,403.0,1,-1,-1,-1
1233,3,761.0,491.0,220.0,407.0,1,-1,-1,-1
1234,3,761.0,489.0,218.0,408.0,1,-1,-1,-1
1235,3,764.0,484.0,219.0,412.0,1,-1,-1,-1
1236,3,769.0,481.0,202.0,412.0,1,-1,-1,-1
1237,3,767.0,475.0,213.0,418.0,1,-1,-1,-1
1238,3,764.0,465.0,222.0,424.0,1,-1,-1,-1
1239,3,766.0,459.0,223.0,432.0,1,-1,-1,-1
1240,3,765.0,456.0,225.0,434.0,1,-1,-1,-1
1241,3,761.0,458.0,233.0,433.0,1,-1,-1,-1
1242,3,758.0,454.0,240.0,436.0,1,-1,-1,-1
1243,3,758.0,451.0,247.0,440.0,1,-1,-1,-1
1244,3,756.0,455.0,252.0,435.0,1,-1,-1,-1
1245,3,752.0,451.0,263.0,438.0,1,-1,-1,-1
1246,3,747.0,451.0,268.0,439.0,1,-1,-1,-1
1247,3,746.0,456.0,277.0,433.0,1,-1,-1,-1
1248,3,743.0,447.0,281.0,440.0,1,-1,-1,-1
1249,3,741.0,447.0,287.0,440.0,1,-1,-1,-1
1250,3,741.0,457.0,288.0,428.0,1,-1,-1,-1
1251,3,743.0,467.0,292.0,418.0,1,-1,-1,-1
1252,3,751.0,466.0,287.0,413.0,1,-1,-1,-1
1253,3,759.0,465.0,281.0,412.0,1,-1,-1,-1
1254,3,768.0,461.0,277.0,415.0,1,-1,-1,-1
1255,3,773.0,461.0,276.0,411.0,1,-1,-1,-1
1256,3,776.0,459.0,277.0,409.0,1,-1,-1,-1
1257,3,786.0,455.0,274.0,414.0,1,-1,-1,-1
1258,3,797.0,452.0,266.0,414.0,1,-1,-1,-1
1259,3,805.0,447.0,262.0,423.0,1,-1,-1,-1
1260,3,812.0,444.0,260.0,429.0,1,-1,-1,-1
1261,3,822.0,436.0,254.0,439.0,1,-1,-1,-1
1262,3,829.0,429.0,242.0,448.0,1,-1,-1,-1
1263,3,830.0,424.0,241.0,454.0,1,-1,-1,-1
1264,3,833.0,418.0,245.0,460.0,1,-1,-1,-1
1265,3,834.0,411.0,247.0,468.0,1,-1,-1,-1
1266,3,837.0,405.0,241.0,471.0,1,-1,-1,-1
1267,3,838.0,395.0,241.0,487.0,1,-1,-1,-1
1268,3,838.0,392.0,243.0,491.0,1,-1,-1,-1
1269,3,839.0,389.0,242.0,493.0,1,-1,-1,-1
1270,3,837.0,389.0,243.0,491.0,1,-1,-1,-1
1271,3,841.0,388.0,238.0,492.0,1,-1,-1,-1
1272,3,840.0,387.0,239.0,496.0,1,-1,-1,-1
1273,3,843.0,386.0,235.0,498.0,1,-1,-1,-1
1274,3,839.0,389.0,236.0,494.0,1,-1,-1,-1
1275,3,836.0,388.0,238.0,496.0,1,-1,-1,-1
1276,3,833.0,397.0,242.0,486.0,1,-1,-1,-1
1277,3,832.0,403.0,238.0,480.0,1,-1,-1,-1
1278,3,835.0,410.0,230.0,478.0,1,-1,-1,-1
1279,3,837.0,419.0,223.0,469.0,1,-1,-1,-1
1280,3,847.0,425.0,212.0,465.0,1,-1,-1,-1
1281,3,845.0,427.0,215.0,466.0,1,-1,-1,-1
1282,3,847.0,433.0,212.0,457.0,1,-1,-1,-1
1283,3,848.0,441.0,207.0,449.0,1,-1,-1,-1
1284,3,858.0,445.0,191.0,444.0,1,-1,-1,-1
1285,3,857.0,447.0,185.0,435.0,1,-1,-1,-1
1286,3,856.0,447.0,179.0,434.0,1,-1,-1,-1
1287,3,846.0,441.0,188.0,439.0,1,-1,-1,-1
1288,3,841.0,438.0,190.0,443.0,1,-1,-1,-1
1289,3,840.0,437.0,192.0,446.0,1,-1,-1,-1
1290,3,838.0,431.0,192.0,450.0,1,-1,-1,-1
1291,3,836.0,424.0,193.0,455.0,1,-1,-1,-1
1292,3,835.0,419.0,193.0,461.0,1,-1,-1,-1
1293,3,834.0,419.0,195.0,459.0,1,-1,-1,-1
1294,3,834.0,412.0,196.0,465.0,1,-1,-1,-1
1295,3,834.0,412.0,198.0,463.0,1,-1,-1,-1
1296,3,828.0,411.0,202.0,461.0,1,-1,-1,-1
1297,3,819.0,411.0,213.0,457.0,1,-1,-1,-1
1298,3,813.0,415.0,224.0,453.0,1,-1,-1,-1
1299,3,810.0,418.0,235.0,454.0,1,-1,-1,-1
1300,3,809.0,423.0,241.0,452.0,1,-1,-1,-1
1301,3,806.0,426.0,252.0,450.0,1,-1,-1,-1
1302,3,805.0,430.0,260.0,448.0,1,-1,-1,-1
1303,3,802.0,434.0,267.0,446.0,1,-1,-1,-1
1304,3,801.0,440.0,275.0,444.0,1,-1,-1,-1
1305,3,792.0,443.0,290.0,447.0,1,-1,-1,-1
1306,3,794.0,454.0,295.0,446.0,1,-1,-1,-1
1307,3,791.0,460.0,297.0,441.0,1,-1,-1,-1
1308,3,790.0,466.0,297.0,435.0,1,-1,-1,-1
1309,3,790.0,479.0,298.0,421.0,1,-1,-1,-1
1310,3,789.0,483.0,300.0,418.0,1,-1,-1,-1
1311,3,785.0,482.0,303.0,417.0,1,-1,-1,-1
1312,3,779.0,485.0,309.0,417.0,1,-1,-1,-1
1313,3,775.0,485.0,313.0,415.0,1,-1,-1,-1
1314,3,769.0,484.0,315.0,414.0,1,-1,-1,-1
1315,3,772.0,484.0,311.0,413.0,1,-1,-1,-1
1316,3,773.0,484.0,304.0,412.0,1,-1,-1,-1
1317,3,773.0,483.0,298.0,410.0,1,-1,-1,-1
1318,3,775.0,486.0,288.0,404.0,1,-1,-1,-1
1319,3,778.0,485.0,283.0,404.0,1,-1,-1,-1
1320,3,781.0,482.0,275.0,402.0,1,-1,-1,-1
1321,3,785.0,479.0,268.0,404.0,1,-1,-1,-1
1322,3,786.0,477.0,268.0,408.0,1,-1,-1,-1
1323,3,787.0,476.0,261.0,413.0,1,-1,-1,-1
1324,3,786.0,480.0,265.0,414.0,1,-1,-1,-1
1325,3,790.0,479.0,257.0,409.0,1,-1,-1,-1
1326,3,795.0,481.0,246.0,405.0,1,-1,-1,-1
1327,3,799.0,486.0,244.0,400.0,1,-1,-1,-1
1328,3,799.0,486.0,242.0,404.0,1,-1,-1,-1
1329,3,801.0,489.0,243.0,401.0,1,-1,-1,-1
1330,3,801.0,483.0,251.0,411.0,1,-1,-1,-1
1331,3,804.0,477.0,249.0,418.0,1,-1,-1,-1
1332,3,808.0,473.0,248.0,421.0,1,-1,-1,-1
1333,3,811.0,469.0,246.0,420.0,1,-1,-1,-1
1334,3,816.0,468.0,244.0,418.0,1,-1,-1,-1
1335,3,819.0,467.0,244.0,417.0,1,-1,-1,-1
1336,3,822.0,467.0,242.0,421.0,1,-1,-1,-1
1337,3,815.0,465.0,253.0,431.0,1,-1,-1,-1
1338,3,816.0,465.0,258.0,433.0,1,-1,-1,-1
1339,3,817.0,472.0,263.0,425.0,1,-1,-1,-1
1340,3,817.0,468.0,265.0,430.0,1,-1,-1,-1
1341,3,818.0,468.0,269.0,430.0,1,-1,-1,-1
1342,3,816.0,467.0,270.0,432.0,1,-1,-1,-1
1343,3,818.0,464.0,270.0,434.0,1,-1,-1,-1
1344,3,817.0,461.0,270.0,437.0,1,-1,-1,-1
1345,3,817.0,457.0,265.0,439.0,1,-1,-1,-1
1346,3,822.0,456.0,260.0,437.0,1,-1,-1,-1
1347,3,828.0,454.0,253.0,434.0,1,-1,-1,-1
1348,3,838.0,453.0,241.0,427.0,1,-1,-1,-1
1349,3,847.0,447.0,227.0,430.0,1,-1,-1,-1
1350,3,852.0,443.0,223.0,433.0,1,-1,-1,-1
1351,3,856.0,441.0,217.0,433.0,1,-1,-1,-1
1352,3,859.0,438.0,218.0,437.0,1,-1,-1,-1
1353,3,861.0,439.0,216.0,434.0,1,-1,-1,-1
1354,3,863.0,440.0,212.0,430.0,1,-1,-1,-1
1355,3,865.0,441.0,210.0,432.0,1,-1,-1,-1
1356,3,869.0,444.0,202.0,430.0,1,-1,-1,-1
1357,3,866.0,446.0,203.0,427.0,1,-1,-1,-1
1358,3,869.0,447.0,200.0,428.0,1,-1,-1,-1
1359,3,866.0,448.0,204.0,427.0,1,-1,-1,-1
1360,3,866.0,449.0,205.0,429.0,1,-1,-1,-1
1361,3,865.0,450.0,206.0,429.0,1,-1,-1,-1
1362,3,863.0,450.0,203.0,428.0,1,-1,-1,-1
1363,3,858.0,449.0,207.0,429.0,1,-1,-1,-1
1364,3,855.0,449.0,217.0,432.0,1,-1,-1,-1
1365,3,853.0,449.0,223.0,433.0,1,-1,-1,-1
1366,3,848.0,451.0,238.0,435.0,1,-1,-1,-1
1367,3,846.0,452.0,241.0,440.0,1,-1,-1,-1
1368,3,840.0,456.0,251.0,441.0,1,-1,-1,-1
1369,3,831.0,462.0,260.0,437.0,1,-1,-1,-1
1370,3,826.0,467.0,266.0,434.0,1,-1,-1,-1
1371,3,822.0,468.0,274.0,435.0,1,-1,-1,-1
1372,3,822.0,464.0,274.0,436.0,1,-1,-1,-1
1373,3,816.0,470.0,283.0,430.0,1,-1,-1,-1
1374,3,811.0,470.0,283.0,431.0,1,-1,-1,-1
1375,3,815.0,469.0,274.0,432.0,1,-1,-1,-1
1376,3,816.0,467.0,264.0,433.0,1,-1,-1,-1
1377,3,816.0,473.0,266.0,430.0,1,-1,-1,-1
1378,3,815.0,463.0,253.0,439.0,1,-1,-1,-1
1379,3,820.0,459.0,230.0,436.0,1,-1,-1,-1
1380,3,819.0,457.0,210.0,437.0,1,-1,-1,-1
1381,3,813.0,456.0,197.0,439.0,1,-1,-1,-1
1382,3,805.0,455.0,188.0,439.0,1,-1,-1,-1
1383,3,794.0,457.0,187.0,435.0,1,-1,-1,-1
1384,3,790.0,452.0,185.0,442.0,1,-1,-1,-1
1385,3,786.0,449.0,183.0,447.0,1,-1,-1,-1
1386,3,777.0,448.0,175.0,441.0,1,-1,-1,-1
1387,3,771.0,448.0,172.0,443.0,1,-1,-1,-1
1388,3,762.0,452.0,175.0,446.0,1,-1,-1,-1
1389,3,755.0,452.0,177.0,447.0,1,-1,-1,-1
1390,3,746.0,450.0,181.0,445.0,1,-1,-1,-1
1391,3,739.0,452.0,190.0,442.0,1,-1,-1,-1
1392,3,730.0,454.0,196.0,440.0,1,-1,-1,-1
1393,3,724.0,453.0,199.0,441.0,1,-1,-1,-1
1394,3,716.0,450.0,201.0,446.0,1,-1,-1,-1
1395,3,710.0,444.0,205.0,449.0,1,-1,-1,-1
1396,3,708.0,443.0,206.0,449.0,1,-1,-1,-1
1397,3,704.0,445.0,213.0,448.0,1,-1,-1,-1
1398,3,706.0,442.0,209.0,447.0,1,-1,-1,-1
1399,3,704.0,441.0,210.0,449.0,1,-1,-1,-1
1400,3,702.0,441.0,203.0,452.0,1,-1,-1,-1
1401,3,698.0,442.0,202.0,451.0,1,-1,-1,-1
1402,3,695.0,445.0,191.0,449.0,1,-1,-1,-1
1403,3,683.0,446.0,194.0,448.0,1,-1,-1,-1
1404,3,664.0,448.0,211.0,449.0,1,-1,-1,-1
1405,3,647.0,453.0,220.0,442.0,1,-1,-1,-1
1406,3,639.0,454.0,221.0,441.0,1,-1,-1,-1
1407,3,636.0,456.0,226.0,442.0,1,-1,-1,-1
1408,3,639.0,453.0,225.0,443.0,1,-1,-1,-1
1409,3,641.0,455.0,221.0,442.0,1,-1,-1,-1
1410,3,643.0,457.0,218.0,441.0,1,-1,-1,-1
1411,3,647.0,454.0,214.0,442.0,1,-1,-1,-1
1412,3,646.0,447.0,215.0,449.0,1,-1,-1,-1
1413,3,645.0,445.0,216.0,450.0,1,-1,-1,-1
1414,3,643.0,440.0,220.0,454.0,1,-1,-1,-1
1415,3,647.0,437.0,219.0,453.0,1,-1,-1,-1
1416,3,647.0,435.0,219.0,455.0,1,-1,-1,-1
1417,3,646.0,433.0,222.0,454.0,1,-1,-1,-1
1418,3,647.0,433.0,224.0,453.0,1,-1,-1,-1
1419,3,651.0,432.0,218.0,449.0,1,-1,-1,-1
1420,3,654.0,435.0,216.0,445.0,1,-1,-1,-1
1421,3,656.0,437.0,217.0,447.0,1,-1,-1,-1
1422,3,657.0,440.0,218.0,451.0,1,-1,-1,-1
1423,3,659.0,446.0,215.0,444.0,1,-1,-1,-1
1424,3,659.0,449.0,215.0,439.0,1,-1,-1,-1
1425,3,655.0,455.0,219.0,435.0,1,-1,-1,-1
1426,3,655.0,459.0,220.0,431.0,1,-1,-1,-1
1427,3,654.0,456.0,224.0,433.0,1,-1,-1,-1
1428,3,653.0,456.0,227.0,433.0,1,-1,-1,-1
1429,3,653.0,456.0,231.0,433.0,1,-1,-1,-1
1430,3,651.0,456.0,235.0,431.0,1,-1,-1,-1
1431,3,650.0,453.0,240.0,437.0,1,-1,-1,-1
1432,3,649.0,452.0,243.0,438.0,1,-1,-1,-1
1433,3,650.0,454.0,241.0,437.0,1,-1,-1,-1
1434,3,650.0,458.0,246.0,434.0,1,-1,-1,-1
1435,3,652.0,460.0,244.0,434.0,1,-1,-1,-1
1436,3,652.0,463.0,245.0,435.0,1,-1,-1,-1
1437,3,652.0,466.0,248.0,432.0,1,-1,-1,-1
1438,3,651.0,472.0,260.0,426.0,1,-1,-1,-1
1439,3,654.0,474.0,257.0,421.0,1,-1,-1,-1
1440,3,658.0,473.0,267.0,418.0,1,-1,-1,-1
1441,3,657.0,476.0,269.0,417.0,1,-1,-1,-1
1442,3,656.0,476.0,274.0,416.0,1,-1,-1,-1
1443,3,656.0,476.0,275.0,418.0,1,-1,-1,-1
1444,3,658.0,474.0,275.0,420.0,1,-1,-1,-1
1445,3,663.0,468.0,270.0,426.0,1,-1,-1,-1
1446,3,663.0,466.0,271.0,428.0,1,-1,-1,-1
1447,3,669.0,463.0,263.0,427.0,1,-1,-1,-1
1448,3,671.0,465.0,266.0,425.0,1,-1,-1,-1
1449,3,677.0,466.0,262.0,421.0,1,-1,-1,-1
1450,3,681.0,469.0,254.0,411.0,1,-1,-1,-1
1451,3,686.0,470.0,249.0,403.0,1,-1,-1,-1
1452,3,687.0,471.0,247.0,390.0,1,-1,-1,-1
1453,3,690.0,470.0,243.0,391.0,1,-1,-1,-1
1454,3,693.0,472.0,240.0,399.0,1,-1,-1,-1
1455,3,694.0,472.0,241.0,413.0,1,-1,-1,-1
1456,3,695.0,477.0,235.0,415.0,1,-1,-1,-1
1457,3,694.0,477.0,239.0,414.0,1,-1,-1,-1
1458,3,696.0,473.0,241.0,424.0,1,-1,-1,-1
1459,3,694.0,472.0,253.0,425.0,1,-1,-1,-1
1460,3,694.0,474.0,263.0,421.0,1,-1,-1,-1
1461,3,688.0,473.0,269.0,423.0,1,-1,-1,-1
1462,3,686.0,467.0,263.0,415.0,1,-1,-1,-1
1463,3,681.0,460.0,263.0,418.0,1,-1,-1,-1
1464,3,685.0,464.0,237.0,414.0,1,-1,-1,-1
1465,3,684.0,456.0,251.0,425.0,1,-1,-1,-1
1466,3,681.0,449.0,254.0,440.0,1,-1,-1,-1
1467,3,676.0,448.0,250.0,447.0,1,-1,-1,-1
1468,3,675.0,449.0,239.0,451.0,1,-1,-1,-1
1469,3,672.0,449.0,231.0,450.0,1,-1,-1,-1
1470,3,670.0,451.0,220.0,447.0,1,-1,-1,-1
1471,3,669.0,454.0,224.0,442.0,1,-1,-1,-1
1472,3,669.0,455.0,221.0,444.0,1,-1,-1,-1
1473,3,668.0,452.0,227.0,449.0,1,-1,-1,-1
1474,3,667.0,450.0,232.0,450.0,1,-1,-1,-1
1475,3,664.0,447.0,238.0,452.0,1,-1,-1,-1
1476,3,660.0,443.0,239.0,456.0,1,-1,-1,-1
1477,3,662.0,438.0,246.0,457.0,1,-1,-1,-1
1478,3,662.0,433.0,245.0,461.0,1,-1,-1,-1
1479,3,662.0,430.0,247.0,465.0,1,-1,-1,-1
1480,3,663.0,425.0,252.0,470.0,1,-1,-1,-1
1481,3,665.0,427.0,254.0,469.0,1,-1,-1,-1
1482,3,665.0,428.0,255.0,467.0,1,-1,-1,-1
1483,3,667.0,431.0,250.0,464.0,1,-1,-1,-1
1484,3,670.0,433.0,251.0,461.0,1,-1,-1,-1
1485,3,672.0,437.0,246.0,458.0,1,-1,-1,-1
1486,3,671.0,441.0,240.0,452.0,1,-1,-1,-1
1487,3,672.0,449.0,245.0,445.0,1,-1,-1,-1
1488,3,672.0,452.0,248.0,440.0,1,-1,-1,-1
1489,3,669.0,455.0,248.0,438.0,1,-1,-1,-1
1490,3,668.0,457.0,255.0,434.0,1,-1,-1,-1
1491,3,665.0,457.0,260.0,433.0,1,-1,-1,-1
1492,3,666.0,459.0,260.0,431.0,1,-1,-1,-1
1493,3,669.0,459.0,253.0,431.0,1,-1,-1,-1
1494,3,673.0,457.0,245.0,434.0,1,-1,-1,-1
1495,3,673.0,455.0,245.0,436.0,1,-1,-1,-1
1496,3,675.0,452.0,249.0,439.0,1,-1,-1,-1
1497,3,676.0,449.0,252.0,438.0,1,-1,-1,-1
1498,3,673.0,447.0,261.0,440.0,1,-1,-1,-1
1499,3,671.0,442.0,262.0,446.0,1,-1,-1,-1
1500,3,675.0,443.0,251.0,445.0,1,-1,-1,-1
1501,3,677.0,441.0,247.0,452.0,1,-1,-1,-1
1502,3,675.0,440.0,254.0,454.0,1,-1,-1,-1
1503,3,676.0,444.0,256.0,454.0,1,-1,-1,-1
1504,3,679.0,447.0,262.0,449.0,1,-1,-1,-1
1505,3,689.0,446.0,261.0,450.0,1,-1,-1,-1
1506,3,696.0,447.0,259.0,448.0,1,-1,-1,-1
1507,3,709.0,450.0,253.0,446.0,1,-1,-1,-1
1508,3,714.0,453.0,257.0,442.0,1,-1,-1,-1
1509,3,725.0,454.0,257.0,440.0,1,-1,-1,-1
1510,3,736.0,452.0,258.0,442.0,1,-1,-1,-1
1511,3,740.0,451.0,254.0,445.0,1,-1,-1,-1
1512,3,749.0,449.0,235.0,446.0,1,-1,-1,-1
1513,3,759.0,447.0,226.0,445.0,1,-1,-1,-1
1514,3,766.0,446.0,220.0,442.0,1,-1,-1,-1
1515,3,774.0,447.0,206.0,437.0,1,-1,-1,-1
1516,3,781.0,443.0,198.0,446.0,1,-1,-1,-1
1517,3,789.0,441.0,186.0,453.0,1,-1,-1,-1
1518,3,794.0,440.0,178.0,455.0,1,-1,-1,-1
1519,3,801.0,445.0,179.0,449.0,1,-1,-1,-1
1520,3,807.0,448.0,171.0,446.0,1,-1,-1,-1
1521,3,816.0,454.0,167.0,445.0,1,-1,-1,-1
1522,3,825.0,458.0,170.0,441.0,1,-1,-1,-1
1523,3,828.0,456.0,172.0,438.0,1,-1,-1,-1
1524,3,834.0,455.0,169.0,437.0,1,-1,-1,-1
1525,3,838.0,452.0,166.0,433.0,1,-1,-1,-1
1526,3,842.0,448.0,167.0,436.0,1,-1,-1,-1
1527,3,843.0,447.0,167.0,438.0,1,-1,-1,-1
1528,3,844.0,447.0,163.0,437.0,1,-1,-1,-1
1529,3,848.0,446.0,160.0,437.0,1,-1,-1,-1
1530,3,849.0,446.0,165.0,437.0,1,-1,-1,-1
1531,3,852.0,446.0,161.0,439.0,1,-1,-1,-1
1532,3,851.0,446.0,166.0,441.0,1,-1,-1,-1
1533,3,856.0,447.0,166.0,444.0,1,-1,-1,-1
1534,3,856.0,452.0,172.0,437.0,1,-1,-1,-1
1535,3,855.0,451.0,184.0,437.0,1,-1,-1,-1
1536,3,858.0,453.0,194.0,439.0,1,-1,-1,-1
1537,3,852.0,455.0,210.0,437.0,1,-1,-1,-1
1538,3,847.0,456.0,219.0,435.0,1,-1,-1,-1
1539,3,835.0,456.0,235.0,434.0,1,-1,-1,-1
1540,3,832.0,455.0,244.0,435.0,1,-1,-1,-1
1541,3,828.0,454.0,253.0,437.0,1,-1,-1,-1
1542,3,834.0,452.0,246.0,436.0,1,-1,-1,-1
1543,3,841.0,448.0,241.0,438.0,1,-1,-1,-1
1544,3,846.0,438.0,234.0,445.0,1,-1,-1,-1
1545,3,848.0,433.0,230.0,447.0,1,-1,-1,-1
1546,3,853.0,433.0,222.0,443.0,1,-1,-1,-1
1547,3,855.0,433.0,222.0,441.0,1,-1,-1,-1
1548,3,853.0,431.0,224.0,445.0,1,-1,-1,-1
1549,3,856.0,432.0,223.0,450.0,1,-1,-1,-1
1550,3,854.0,433.0,227.0,447.0,1,-1,-1,-1
1551,3,855.0,436.0,225.0,442.0,1,-1,-1,-1
1552,3,856.0,444.0,226.0,434.0,1,-1,-1,-1
1553,3,856.0,450.0,223.0,430.0,1,-1,-1,-1
1554,3,854.0,456.0,221.0,422.0,1,-1,-1,-1
1555,3,854.0,459.0,217.0,417.0,1,-1,-1,-1
1556,3,856.0,458.0,213.0,418.0,1,-1,-1,-1
1557,3,859.0,456.0,206.0,422.0,1,-1,-1,-1
1558,3,857.0,453.0,208.0,422.0,1,-1,-1,-1
1559,3,859.0,450.0,205.0,424.0,1,-1,-1,-1
1560,3,864.0,448.0,197.0,423.0,1,-1,-1,-1
1561,3,864.0,442.0,196.0,428.0,1,-1,-1,-1
1562,3,862.0,443.0,195.0,420.0,1,-1,-1,-1
1563,3,856.0,445.0,199.0,424.0,1,-1,-1,-1
1564,3,848.0,448.0,207.0,422.0,1,-1,-1,-1
1565,3,842.0,452.0,222.0,428.0,1,-1,-1,-1
1566,3,846.0,454.0,224.0,433.0,1,-1,-1,-1
1567,3,843.0,459.0,231.0,433.0,1,-1,-1,-1
1568,3,842.0,466.0,233.0,428.0,1,-1,-1,-1
1569,3,847.0,470.0,230.0,428.0,1,-1,-1,-1
1570,3,848.0,474.0,230.0,425.0,1,-1,-1,-1
1571,3,852.0,476.0,230.0,421.0,1,-1,-1,-1
1572,3,855.0,476.0,227.0,421.0,1,-1,-1,-1
1573,3,849.0,479.0,233.0,417.0,1,-1,-1,-1
1574,3,846.0,479.0,235.0,414.0,1,-1,-1,-1
1575,3,843.0,479.0,230.0,411.0,1,-1,-1,-1
1576,3,839.0,477.0,227.0,414.0,1,-1,-1,-1
1577,3,837.0,478.0,224.0,408.0,1,-1,-1,-1
1578,3,835.0,478.0,220.0,407.0,1,-1,-1,-1
1579,3,838.0,477.0,217.0,409.0,1,-1,-1,-1
1580,3,838.0,482.0,212.0,400.0,1,-1,-1,-1
1581,3,835.0,480.0,213.0,407.0,1,-1,-1,-1
1582,3,837.0,486.0,211.0,399.0,1,-1,-1,-1
1583,3,836.0,485.0,213.0,402.0,1,-1,-1,-1
1584,3,834.0,485.0,213.0,405.0,1,-1,-1,-1
1585,3,835.0,483.0,214.0,410.0,1,-1,-1,-1
1586,3,832.0,483.0,217.0,412.0,1,-1,-1,-1
1587,3,834.0,485.0,216.0,410.0,1,-1,-1,-1
1588,3,835.0,489.0,218.0,405.0,1,-1,-1,-1
1589,3,835.0,493.0,216.0,402.0,1,-1,-1,-1
1590,3,837.0,494.0,215.0,400.0,1,-1,-1,-1
1591,3,839.0,493.0,211.0,401.0,1,-1,-1,-1
1592,3,840.0,488.0,212.0,404.0,1,-1,-1,-1
1593,3,841.0,483.0,216.0,409.0,1,-1,-1,-1
1594,3,843.0,482.0,214.0,408.0,1,-1,-1,-1
1595,3,843.0,478.0,215.0,410.0,1,-1,-1,-1
1596,3,844.0,475.0,220.0,409.0,1,-1,-1,-1
1597,3,844.0,474.0,219.0,415.0,1,-1,-1,-1
1598,3,844.0,471.0,219.0,418.0,1,-1,-1,-1
1599,3,848.0,469.0,213.0,426.0,1,-1,-1,-1
1600,3,851.0,469.0,214.0,429.0,1,-1,-1,-1
1601,3,856.0,469.0,214.0,428.0,1,-1,-1,-1
1602,3,852.0,467.0,215.0,431.0,1,-1,-1,-1
1603,3,849.0,467.0,211.0,431.0,1,-1,-1,-1
1604,3,846.0,466.0,215.0,431.0,1,-1,-1,-1
1605,3,846.0,464.0,217.0,434.0,1,-1,-1,-1
1606,3,849.0,457.0,218.0,440.0,1,-1,-1,-1
1607,3,851.0,451.0,217.0,443.0,1,-1,-1,-1
1608,3,851.0,448.0,208.0,442.0,1,-1,-1,-1
1609,3,853.0,446.0,203.0,442.0,1,-1,-1,-1
1610,3,858.0,446.0,196.0,437.0,1,-1,-1,-1
1611,3,864.0,445.0,195.0,437.0,1,-1,-1,-1
1612,3,869.0,446.0,195.0,435.0,1,-1,-1,-1
1613,3,874.0,448.0,193.0,430.0,1,-1,-1,-1
1614,3,881.0,449.0,193.0,430.0,1,-1,-1,-1
1615,3,882.0,454.0,199.0,428.0,1,-1,-1,-1
1616,3,880.0,456.0,203.0,427.0,1,-1,-1,-1
1617,3,879.0,463.0,208.0,416.0,1,-1,-1,-1
1618,3,876.0,465.0,209.0,413.0,1,-1,-1,-1
1619,3,878.0,469.0,209.0,409.0,1,-1,-1,-1
1620,3,878.0,471.0,210.0,409.0,1,-1,-1,-1
1621,3,879.0,472.0,208.0,408.0,1,-1,-1,-1
1622,3,879.0,471.0,207.0,409.0,1,-1,-1,-1
1623,3,878.0,466.0,205.0,414.0,1,-1,-1,-1
1624,3,878.0,458.0,198.0,419.0,1,-1,-1,-1
1625,3,878.0,453.0,199.0,424.0,1,-1,-1,-1
1626,3,876.0,455.0,199.0,420.0,1,-1,-1,-1
1627,3,872.0,455.0,201.0,419.0,1,-1,-1,-1
1628,3,870.0,454.0,203.0,423.0,1,-1,-1,-1
1629,3,865.0,456.0,205.0,420.0,1,-1,-1,-1
1630,3,864.0,458.0,205.0,418.0,1,-1,-1,-1
1631,3,858.0,464.0,218.0,417.0,1,-1,-1,-1
1632,3,853.0,468.0,229.0,415.0,1,-1,-1,-1
1633,3,852.0,472.0,234.0,411.0,1,-1,-1,-1
1634,3,858.0,478.0,229.0,406.0,1,-1,-1,-1
1635,3,859.0,484.0,233.0,399.0,1,-1,-1,-1
1636,3,859.0,490.0,244.0,394.0,1,-1,-1,-1
1637,3,859.0,494.0,245.0,389.0,1,-1,-1,-1
1638,3,853.0,493.0,251.0,388.0,1,-1,-1,-1
1639,3,849.0,491.0,255.0,386.0,1,-1,-1,-1
1640,3,851.0,497.0,254.0,379.0,1,-1,-1,-1
1641,3,852.0,496.0,254.0,381.0,1,-1,-1,-1
1642,3,854.0,496.0,252.0,380.0,1,-1,-1,-1
1643,3,855.0,496.0,257.0,381.0,1,-1,-1,-1
1644,3,855.0,497.0,258.0,381.0,1,-1,-1,-1
1645,3,847.0,493.0,272.0,385.0,1,-1,-1,-1
1646,3,840.0,487.0,281.0,383.0,1,-1,-1,-1
1647,3,841.0,483.0,288.0,388.0,1,-1,-1,-1
1648,3,838.0,482.0,289.0,392.0,1,-1,-1,-1
1649,3,840.0,484.0,292.0,396.0,1,-1,-1,-1
1650,3,841.0,487.0,298.0,394.0,1,-1,-1,-1
1651,3,839.0,491.0,291.0,393.0,1,-1,-1,-1
1652,3,841.0,487.0,291.0,398.0,1,-1,-1,-1
1653,3,843.0,493.0,290.0,392.0,1,-1,-1,-1
1654,3,842.0,495.0,288.0,389.0,1,-1,-1,-1
1655,3,842.0,500.0,288.0,385.0,1,-1,-1,-1
1656,3,840.0,504.0,294.0,381.0,1,-1,-1,-1
1657,3,847.0,501.0,289.0,385.0,1,-1,-1,-1
1658,3,835.0,498.0,291.0,390.0,1,-1,-1,-1
1659,3,825.0,490.0,292.0,399.0,1,-1,-1,-1
1660,3,818.0,482.0,280.0,404.0,1,-1,-1,-1
1661,3,833.0,477.0,260.0,409.0,1,-1,-1,-1
1662,3,839.0,473.0,247.0,406.0,1,-1,-1,-1
1663,3,821.0,464.0,254.0,414.0,1,-1,-1,-1
1664,3,822.0,456.0,240.0,423.0,1,-1,-1,-1
1665,3,817.0,452.0,240.0,428.0,1,-1,-1,-1
1666,3,824.0,453.0,238.0,426.0,1,-1,-1,-1
1667,3,837.0,455.0,231.0,422.0,1,-1,-1,-1
1668,3,831.0,455.0,237.0,421.0,1,-1,-1,-1
1669,3,823.0,460.0,255.0,425.0,1,-1,-1,-1
1670,3,817.0,463.0,289.0,424.0,1,-1,-1,-1
1671,3,810.0,464.0,308.0,423.0,1,-1,-1,-1
1672,3,804.0,467.0,332.0,416.0,1,-1,-1,-1
1673,3,805.0,463.0,328.0,416.0,1,-1,-1,-1
1674,3,804.0,464.0,319.0,421.0,1,-1,-1,-1
1675,3,809.0,461.0,308.0,424.0,1,-1,-1,-1
1676,3,813.0,462.0,290.0,422.0,1,-1,-1,-1
1677,3,816.0,461.0,285.0,418.0,1,-1,-1,-1
1678,3,819.0,460.0,270.0,413.0,1,-1,-1,-1
1679,3,822.0,462.0,256.0,410.0,1,-1,-1,-1
1680,3,832.0,459.0,239.0,412.0,1,-1,-1,-1
1681,3,836.0,459.0,233.0,413.0,1,-1,-1,-1
1682,3,835.0,462.0,235.0,412.0,1,-1,-1,-1
1683,3,832.0,461.0,243.0,415.0,1,-1,-1,-1
1684,3,834.0,470.0,248.0,410.0,1,-1,-1,-1
1685,3,834.0,475.0,253.0,405.0,1,-1,-1,-1
1686,3,833.0,476.0,260.0,408.0,1,-1,-1,-1
1687,3,832.0,480.0,264.0,405.0,1,-1,-1,-1
1688,3,831.0,481.0,269.0,409.0,1,-1,-1,-1
1689,3,830.0,480.0,266.0,410.0,1,-1,-1,-1
1690,3,831.0,478.0,264.0,409.0,1,-1,-1,-1
1691,3,832.0,476.0,257.0,408.0,1,-1,-1,-1
1692,3,835.0,472.0,249.0,407.0,1,-1,-1,-1
1693,3,837.0,470.0,239.0,406.0,1,-1,-1,-1
1694,3,833.0,469.0,238.0,410.0,1,-1,-1,-1
1695,3,835.0,466.0,229.0,411.0,1,-1,-1,-1
1696,3,832.0,461.0,228.0,426.0,1,-1,-1,-1
1697,3,829.0,463.0,220.0,424.0,1,-1,-1,-1
1698,3,827.0,463.0,213.0,425.0,1,-1,-1,-1
1699,3,830.0,466.0,200.0,422.0,1,-1,-1,-1
1700,3,835.0,471.0,192.0,417.0,1,-1,-1,-1
1701,3,833.0,476.0,197.0,413.0,1,-1,-1,-1
1702,3,830.0,482.0,204.0,408.0,1,-1,-1,-1
1703,3,827.0,485.0,213.0,406.0,1,-1,-1,-1
1704,3,820.0,487.0,223.0,404.0,1,-1,-1,-1
1705,3,817.0,490.0,239.0,400.0,1,-1,-1,-1
1706,3,808.0,494.0,254.0,394.0,1,-1,-1,-1
1707,3,807.0,499.0,260.0,387.0,1,-1,-1,-1
1708,3,807.0,502.0,262.0,381.0,1,-1,-1,-1
1709,3,805.0,501.0,264.0,389.0,1,-1,-1,-1
1710,3,803.0,499.0,266.0,390.0,1,-1,-1,-1
1711,3,806.0,496.0,262.0,395.0,1,-1,-1,-1
1712,3,804.0,496.0,264.0,394.0,1,-1,-1,-1
1713,3,807.0,494.0,261.0,389.0,1,-1,-1,-1
1714,3,808.0,494.0,256.0,387.0,1,-1,-1,-1
1715,3,805.0,498.0,257.0,381.0,1,-1,-1,-1
1716,3,806.0,499.0,254.0,380.0,1,-1,-1,-1
1717,3,804.0,503.0,255.0,373.0,1,-1,-1,-1
1718,3,809.0,503.0,249.0,373.0,1,-1,-1,-1
1719,3,805.0,505.0,252.0,374.0,1,-1,-1,-1
1720,3,809.0,506.0,246.0,374.0,1,-1,-1,-1
1721,3,810.0,508.0,246.0,371.0,1,-1,-1,-1
1722,3,816.0,508.0,238.0,369.0,1,-1,-1,-1
1723,3,820.0,503.0,233.0,375.0,1,-1,-1,-1
1724,3,828.0,497.0,224.0,380.0,1,-1,-1,-1
1725,3,835.0,487.0,209.0,388.0,1,-1,-1,-1
1726,3,832.0,486.0,209.0,391.0,1,-1,-1,-1
1727,3,834.0,481.0,202.0,401.0,1,-1,-1,-1
1728,3,834.0,473.0,204.0,411.0,1,-1,-1,-1
1729,3,839.0,469.0,191.0,417.0,1,-1,-1,-1
1730,3,839.0,465.0,185.0,423.0,1,-1,-1,-1
1731,3,838.0,464.0,181.0,426.0,1,-1,-1,-1
1732,3,842.0,467.0,172.0,423.0,1,-1,-1,-1
1733,3,840.0,469.0,183.0,422.0,1,-1,-1,-1
1734,3,842.0,471.0,182.0,420.0,1,-1,-1,-1
1735,3,840.0,469.0,185.0,422.0,1,-1,-1,-1
1736,3,837.0,466.0,191.0,422.0,1,-1,-1,-1
1737,3,839.0,466.0,190.0,420.0,1,-1,-1,-1
1738,3,837.0,462.0,197.0,422.0,1,-1,-1,-1
1739,3,838.0,460.0,199.0,424.0,1,-1,-1,-1
1740,3,840.0,457.0,196.0,426.0,1,-1,-1,-1
1741,3,843.0,456.0,191.0,423.0,1,-1,-1,-1
1742,3,842.0,454.0,202.0,422.0,1,-1,-1,-1
1743,3,840.0,456.0,205.0,419.0,1,-1,-1,-1
1744,3,841.0,456.0,206.0,415.0,1,-1,-1,-1
1745,3,843.0,456.0,205.0,414.0,1,-1,-1,-1
1746,3,846.0,459.0,203.0,413.0,1,-1,-1,-1
1747,3,847.0,463.0,205.0,410.0,1,-1,-1,-1
1748,3,850.0,464.0,202.0,410.0,1,-1,-1,-1
1749,3,849.0,467.0,205.0,411.0,1,-1,-1,-1
1750,3,849.0,467.0,204.0,414.0,1,-1,-1,-1
1751,3,845.0,469.0,207.0,415.0,1,-1,-1,-1
1752,3,845.0,468.0,208.0,417.0,1,-1,-1,-1
1753,3,845.0,465.0,208.0,420.0,1,-1,-1,-1
1754,3,843.0,465.0,210.0,420.0,1,-1,-1,-1
1755,3,843.0,465.0,210.0,420.0,1,-1,-1,-1
1756,3,844.0,463.0,207.0,418.0,1,-1,-1,-1
1757,3,849.0,458.0,200.0,418.0,1,-1,-1,-1
1758,3,852.0,455.0,195.0,418.0,1,-1,-1,-1
1759,3,847.0,455.0,200.0,422.0,1,-1,-1,-1
1760,3,843.0,456.0,208.0,422.0,1,-1,-1,-1
1761,3,840.0,459.0,215.0,421.0,1,-1,-1,-1
1762,3,837.0,460.0,219.0,419.0,1,-1,-1,-1
1763,3,834.0,457.0,225.0,428.0,1,-1,-1,-1
1764,3,827.0,462.0,231.0,419.0,1,-1,-1,-1
1765,3,825.0,465.0,239.0,414.0,1,-1,-1,-1
1766,3,822.0,474.0,246.0,405.0,1,-1,-1,-1
1767,3,823.0,483.0,250.0,395.0,1,-1,-1,-1
1768,3,824.0,484.0,251.0,392.0,1,-1,-1,-1
1769,3,824.0,481.0,255.0,397.0,1,-1,-1,-1
1770,3,824.0,482.0,261.0,397.0,1,-1,-1,-1
1771,3,824.0,482.0,266.0,404.0,1,-1,-1,-1
1772,3,825.0,483.0,263.0,405.0,1,-1,-1,-1
1773,3,822.0,484.0,267.0,403.0,1,-1,-1,-1
1774,3,824.0,485.0,261.0,403.0,1,-1,-1,-1
1775,3,821.0,490.0,265.0,394.0,1,-1,-1,-1
1776,3,820.0,490.0,266.0,397.0,1,-1,-1,-1
1777,3,820.0,491.0,260.0,393.0,1,-1,-1,-1
1778,3,818.0,490.0,258.0,397.0,1,-1,-1,-1
1779,3,814.0,489.0,260.0,399.0,1,-1,-1,-1
1780,3,813.0,490.0,259.0,404.0,1,-1,-1,-1
1781,3,812.0,494.0,258.0,397.0,1,-1,-1,-1
1782,3,810.0,494.0,257.0,400.0,1,-1,-1,-1
1783,3,811.0,494.0,253.0,397.0,1,-1,-1,-1
1784,3,812.0,492.0,249.0,397.0,1,-1,-1,-1
1785,3,814.0,491.0,246.0,400.0,1,-1,-1,-1
1786,3,816.0,488.0,239.0,403.0,1,-1,-1,-1
1787,3,819.0,482.0,232.0,407.0,1,-1,-1,-1
1788,3,819.0,476.0,228.0,409.0,1,-1,-1,-1
1789,3,818.0,468.0,222.0,419.0,1,-1,-1,-1
1790,3,819.0,461.0,214.0,422.0,1,-1,-1,-1
1791,3,821.0,458.0,211.0,423.0,1,-1,-1,-1
1792,3,822.0,455.0,207.0,426.0,1,-1,-1,-1
1793,3,822.0,452.0,206.0,429.0,1,-1,-1,-1
1794,3,825.0,451.0,202.0,431.0,1,-1,-1,-1
1795,3,825.0,452.0,200.0,431.0,1,-1,-1,-1
1796,3,825.0,452.0,203.0,432.0,1,-1,-1,-1
1797,3,823.0,455.0,205.0,427.0,1,-1,-1,-1
1798,3,831.0,459.0,198.0,423.0,1,-1,-1,-1
1799,3,836.0,462.0,193.0,421.0,1,-1,-1,-1
1800,3,831.0,470.0,201.0,413.0,1,-1,-1,-1
1801,3,823.0,472.0,210.0,408.0,1,-1,-1,-1
1802,3,820.0,472.0,215.0,407.0,1,-1,-1,-1
1803,3,817.0,472.0,221.0,405.0,1,-1,-1,-1
1804,3,819.0,470.0,219.0,405.0,1,-1,-1,-1
1805,3,815.0,467.0,226.0,410.0,1,-1,-1,-1
1806,3,815.0,464.0,224.0,409.0,1,-1,-1,-1
1807,3,819.0,461.0,219.0,414.0,1,-1,-1,-1
1808,3,824.0,458.0,214.0,418.0,1,-1,-1,-1
1809,3,831.0,458.0,205.0,419.0,1,-1,-1,-1
1810,3,836.0,456.0,202.0,421.0,1,-1,-1,-1
1811,3,842.0,455.0,196.0,423.0,1,-1,-1,-1
1812,3,846.0,455.0,195.0,427.0,1,-1,-1,-1
1813,3,848.0,458.0,190.0,422.0,1,-1,-1,-1
1814,3,845.0,460.0,192.0,412.0,1,-1,-1,-1
1815,3,844.0,469.0,189.0,401.0,1,-1,-1,-1
1816,3,837.0,472.0,189.0,399.0,1,-1,-1,-1
1817,3,825.0,478.0,198.0,390.0,1,-1,-1,-1
1818,3,819.0,482.0,204.0,389.0,1,-1,-1,-1
1819,3,809.0,481.0,215.0,391.0,1,-1,-1,-1
1820,3,802.0,479.0,221.0,395.0,1,-1,-1,-1
1821,3,797.0,478.0,231.0,396.0,1,-1,-1,-1
1822,3,793.0,474.0,233.0,399.0,1,-1,-1,-1
1823,3,795.0,466.0,233.0,408.0,1,-1,-1,-1
1824,3,795.0,456.0,230.0,417.0,1,-1,-1,-1
1825,3,792.0,449.0,234.0,424.0,1,-1,-1,-1
1826,3,791.0,443.0,232.0,430.0,1,-1,-1,-1
1827,3,787.0,438.0,235.0,438.0,1,-1,-1,-1
1828,3,782.0,432.0,243.0,444.0,1,-1,-1,-1
1829,3,782.0,430.0,243.0,451.0,1,-1,-1,-1
1830,3,782.0,420.0,244.0,464.0,1,-1,-1,-1
1831,3,780.0,421.0,249.0,463.0,1,-1,-1,-1
1832,3,782.0,407.0,254.0,481.0,1,-1,-1,-1
1833,3,778.0,405.0,264.0,484.0,1,-1,-1,-1
1834,3,775.0,400.0,271.0,488.0,1,-1,-1,-1
1835,3,774.0,401.0,273.0,486.0,1,-1,-1,-1
1836,3,771.0,410.0,279.0,478.0,1,-1,-1,-1
1837,3,766.0,427.0,285.0,461.0,1,-1,-1,-1
1838,3,771.0,426.0,281.0,462.0,1,-1,-1,-1
1839,3,776.0,437.0,274.0,451.0,1,-1,-1,-1
1840,3,780.0,441.0,265.0,448.0,1,-1,-1,-1
1841,3,782.0,439.0,263.0,450.0,1,-1,-1,-1
1842,3,789.0,444.0,256.0,444.0,1,-1,-1,-1
1843,3,790.0,449.0,254.0,438.0,1,-1,-1,-1
1844,3,794.0,448.0,252.0,440.0,1,-1,-1,-1
1845,3,795.0,448.0,251.0,440.0,1,-1,-1,-1
1846,3,796.0,448.0,249.0,439.0,1,-1,-1,-1
1847,3,798.0,449.0,247.0,439.0,1,-1,-1,-1
1848,3,792.0,454.0,255.0,434.0,1,-1,-1,-1
1849,3,788.0,455.0,258.0,433.0,1,-1,-1,-1
1850,3,792.0,455.0,254.0,433.0,1,-1,-1,-1
1851,3,786.0,454.0,260.0,435.0,1,-1,-1,-1
1852,3,792.0,456.0,254.0,432.0,1,-1,-1,-1
1853,3,797.0,455.0,250.0,434.0,1,-1,-1,-1
1854,3,800.0,455.0,246.0,434.0,1,-1,-1,-1
1855,3,812.0,457.0,233.0,432.0,1,-1,-1,-1
1856,3,824.0,460.0,214.0,428.0,1,-1,-1,-1
1857,3,828.0,463.0,211.0,425.0,1,-1,-1,-1
1858,3,833.0,469.0,205.0,418.0,1,-1,-1,-1
1859,3,834.0,474.0,201.0,412.0,1,-1,-1,-1
1860,3,828.0,480.0,210.0,409.0,1,-1,-1,-1
1861,3,820.0,491.0,221.0,398.0,1,-1,-1,-1
1862,3,819.0,500.0,228.0,391.0,1,-1,-1,-1
1863,3,813.0,511.0,241.0,382.0,1,-1,-1,-1
1864,3,815.0,520.0,240.0,375.0,1,-1,-1,-1
1865,3,813.0,525.0,242.0,370.0,1,-1,-1,-1
1866,3,812.0,532.0,241.0,365.0,1,-1,-1,-1
1867,3,810.0,538.0,242.0,359.0,1,-1,-1,-1
1868,3,811.0,538.0,232.0,358.0,1,-1,-1,-1
1869,3,812.0,537.0,228.0,357.0,1,-1,-1,-1
1870,3,814.0,533.0,220.0,359.0,1,-1,-1,-1
1871,3,814.0,530.0,217.0,363.0,1,-1,-1,-1
1872,3,811.0,524.0,217.0,374.0,1,-1,-1,-1
1873,3,812.0,519.0,210.0,377.0,1,-1,-1,-1
1874,3,816.0,516.0,203.0,378.0,1,-1,-1,-1
1875,3,818.0,513.0,191.0,378.0,1,-1,-1,-1
1876,3,816.0,509.0,189.0,383.0,1,-1,-1,-1
1877,3,812.0,496.0,193.0,392.0,1,-1,-1,-1
1878,3,810.0,485.0,195.0,397.0,1,-1,-1,-1
1879,3,809.0,481.0,199.0,402.0,1,-1,-1,-1
1880,3,804.0,470.0,206.0,410.0,1,-1,-1,-1
1881,3,805.0,464.0,208.0,413.0,1,-1,-1,-1
1882,3,803.0,460.0,216.0,415.0,1,-1,-1,-1
1883,3,803.0,452.0,220.0,424.0,1,-1,-1,-1
1884,3,810.0,442.0,215.0,437.0,1,-1,-1,-1
1885,3,810.0,437.0,217.0,444.0,1,-1,-1,-1
1886,3,812.0,433.0,217.0,449.0,1,-1,-1,-1
1887,3,815.0,428.0,217.0,455.0,1,-1,-1,-1
1888,3,819.0,422.0,217.0,463.0,1,-1,-1,-1
1889,3,822.0,417.0,223.0,470.0,1,-1,-1,-1
1890,3,824.0,409.0,230.0,479.0,1,-1,-1,-1
1891,3,828.0,407.0,230.0,479.0,1,-1,-1,-1
1892,3,831.0,408.0,234.0,479.0,1,-1,-1,-1
1893,3,836.0,406.0,235.0,483.0,1,-1,-1,-1
1894,3,842.0,413.0,246.0,479.0,1,-1,-1,-1
1895,3,843.0,409.0,250.0,488.0,1,-1,-1,-1
1896,3,847.0,409.0,253.0,498.0,1,-1,-1,-1
1897,3,849.0,417.0,256.0,491.0,1,-1,-1,-1
1898,3,848.0,414.0,267.0,497.0,1,-1,-1,-1
1899,3,848.0,423.0,271.0,485.0,1,-1,-1,-1
1900,3,849.0,424.0,275.0,484.0,1,-1,-1,-1
1901,3,852.0,428.0,276.0,481.0,1,-1,-1,-1
1902,3,850.0,426.0,272.0,480.0,1,-1,-1,-1
1903,3,848.0,425.0,273.0,480.0,1,-1,-1,-1
1904,3,847.0,425.0,269.0,482.0,1,-1,-1,-1
1905,3,848.0,424.0,260.0,482.0,1,-1,-1,-1
1906,3,847.0,421.0,261.0,482.0,1,-1,-1,-1
1907,3,847.0,424.0,252.0,482.0,1,-1,-1,-1
1908,3,847.0,422.0,236.0,485.0,1,-1,-1,-1
1909,3,849.0,423.0,235.0,485.0,1,-1,-1,-1
1910,3,845.0,424.0,224.0,486.0,1,-1,-1,-1
1911,3,850.0,427.0,203.0,484.0,1,-1,-1,-1
1912,3,841.0,432.0,204.0,477.0,1,-1,-1,-1
1913,3,843.0,438.0,192.0,465.0,1,-1,-1,-1
1914,3,844.0,441.0,187.0,457.0,1,-1,-1,-1
1915,3,845.0,443.0,188.0,454.0,1,-1,-1,-1
1916,3,846.0,445.0,191.0,451.0,1,-1,-1,-1
1917,3,845.0,445.0,192.0,451.0,1,-1,-1,-1
1918,3,848.0,444.0,189.0,449.0,1,-1,-1,-1
1919,3,846.0,446.0,193.0,448.0,1,-1,-1,-1
1920,3,844.0,447.0,197.0,447.0,1,-1,-1,-1
1921,3,835.0,448.0,212.0,449.0,1,-1,-1,-1
1922,3,845.0,448.0,209.0,448.0,1,-1,-1,-1
1923,3,842.0,449.0,214.0,450.0,1,-1,-1,-1
1924,3,839.0,451.0,221.0,450.0,1,-1,-1,-1
1925,3,837.0,453.0,229.0,454.0,1,-1,-1,-1
1926,3,838.0,457.0,234.0,449.0,1,-1,-1,-1
1927,3,840.0,461.0,237.0,449.0,1,-1,-1,-1
1928,3,838.0,465.0,245.0,447.0,1,-1,-1,-1
1929,3,837.0,469.0,248.0,448.0,1,-1,-1,-1
1930,3,836.0,472.0,252.0,444.0,1,-1,-1,-1
1931,3,836.0,474.0,254.0,441.0,1,-1,-1,-1
1932,3,835.0,475.0,258.0,439.0,1,-1,-1,-1
1933,3,837.0,474.0,260.0,440.0,1,-1,-1,-1
1934,3,837.0,474.0,261.0,440.0,1,-1,-1,-1
1935,3,840.0,471.0,259.0,444.0,1,-1,-1,-1
1936,3,840.0,466.0,256.0,447.0,1,-1,-1,-1
1937,3,838.0,461.0,253.0,455.0,1,-1,-1,-1
1938,3,842.0,458.0,242.0,457.0,1,-1,-1,-1
1939,3,847.0,451.0,238.0,463.0,1,-1,-1,-1
1940,3,851.0,446.0,236.0,469.0,1,-1,-1,-1
1941,3,850.0,444.0,236.0,470.0,1,-1,-1,-1
1942,3,851.0,443.0,218.0,466.0,1,-1,-1,-1
1943,3,852.0,437.0,206.0,467.0,1,-1,-1,-1
1944,3,853.0,440.0,200.0,461.0,1,-1,-1,-1
1945,3,850.0,440.0,200.0,455.0,1,-1,-1,-1
1946,3,846.0,437.0,203.0,460.0,1,-1,-1,-1
1947,3,842.0,433.0,208.0,463.0,1,-1,-1,-1
1948,3,841.0,428.0,211.0,469.0,1,-1,-1,-1
1949,3,840.0,424.0,215.0,479.0,1,-1,-1,-1
1950,3,833.0,423.0,218.0,470.0,1,-1,-1,-1
1951,3,828.0,419.0,221.0,473.0,1,-1,-1,-1
1952,3,827.0,409.0,222.0,480.0,1,-1,-1,-1
1953,3,824.0,401.0,226.0,496.0,1,-1,-1,-1
1954,3,821.0,396.0,227.0,505.0,1,-1,-1,-1
1955,3,819.0,394.0,227.0,494.0,1,-1,-1,-1
1956,3,818.0,391.0,228.0,499.0,1,-1,-1,-1
1957,3,815.0,387.0,230.0,504.0,1,-1,-1,-1
1958,3,812.0,384.0,230.0,507.0,1,-1,-1,-1
1959,3,806.0,385.0,239.0,514.0,1,-1,-1,-1
1960,3,796.0,385.0,256.0,527.0,1,-1,-1,-1
1961,3,790.0,386.0,266.0,527.0,1,-1,-1,-1
1962,3,788.0,384.0,271.0,535.0,1,-1,-1,-1
1963,3,781.0,385.0,283.0,539.0,1,-1,-1,-1
1964,3,775.0,386.0,288.0,537.0,1,-1,-1,-1
1965,3,776.0,394.0,295.0,527.0,1,-1,-1,-1
1966,3,765.0,400.0,312.0,520.0,1,-1,-1,-1
1967,3,757.0,410.0,321.0,507.0,1,-1,-1,-1
1968,3,756.0,418.0,327.0,498.0,1,-1,-1,-1
1969,3,759.0,418.0,325.0,499.0,1,-1,-1,-1
1970,3,768.0,421.0,316.0,498.0,1,-1,-1,-1
1971,3,774.0,424.0,313.0,497.0,1,-1,-1,-1
1972,3,788.0,420.0,281.0,499.0,1,-1,-1,-1
1973,3,793.0,419.0,275.0,500.0,1,-1,-1,-1
1974,3,798.0,417.0,258.0,503.0,1,-1,-1,-1
1975,3,796.0,416.0,251.0,507.0,1,-1,-1,-1
1976,3,794.0,416.0,248.0,514.0,1,-1,-1,-1
1977,3,797.0,415.0,234.0,508.0,1,-1,-1,-1
1978,3,800.0,419.0,229.0,497.0,1,-1,-1,-1
1979,3,801.0,422.0,230.0,492.0,1,-1,-1,-1
1980,3,803.0,425.0,229.0,481.0,1,-1,-1,-1
1981,3,806.0,422.0,226.0,480.0,1,-1,-1,-1
1982,3,807.0,420.0,227.0,479.0,1,-1,-1,-1
1983,3,809.0,412.0,229.0,483.0,1,-1,-1,-1
1984,3,807.0,408.0,231.0,485.0,1,-1,-1,-1
1985,3,809.0,406.0,229.0,486.0,1,-1,-1,-1
1986,3,811.0,404.0,228.0,489.0,1,-1,-1,-1
1987,3,805.0,402.0,235.0,496.0,1,-1,-1,-1
1988,3,800.0,401.0,242.0,505.0,1,-1,-1,-1
1989,3,792.0,397.0,250.0,514.0,1,-1,-1,-1
1990,3,791.0,399.0,252.0,508.0,1,-1,-1,-1
1991,3,786.0,400.0,263.0,513.0,1,-1,-1,-1
1992,3,782.0,402.0,271.0,518.0,1,-1,-1,-1
1993,3,779.0,414.0,279.0,513.0,1,-1,-1,-1
1994,3,775.0,417.0,289.0,510.0,1,-1,-1,-1
1995,3,772.0,418.0,292.0,499.0,1,-1,-1,-1
1996,3,769.0,422.0,306.0,500.0,1,-1,-1,-1
1997,3,771.0,430.0,309.0,498.0,1,-1,-1,-1
1998,3,767.0,437.0,315.0,490.0,1,-1,-1,-1
1999,3,768.0,440.0,318.0,489.0,1,-1,-1,-1
2000,3,769.0,443.0,315.0,484.0,1,-1,-1,-1
2001,3,770.0,440.0,313.0,488.0,1,-1,-1,-1
2002,3,773.0,436.0,304.0,492.0,1,-1,-1,-1
2003,3,766.0,426.0,314.0,502.0,1,-1,-1,-1
2004,3,769.0,420.0,307.0,512.0,1,-1,-1,-1
2005,3,768.0,412.0,310.0,518.0,1,-1,-1,-1
2006,3,765.0,400.0,320.0,527.0,1,-1,-1,-1
2007,3,763.0,391.0,322.0,533.0,1,-1,-1,-1
2008,3,762.0,390.0,324.0,531.0,1,-1,-1,-1
2009,3,767.0,387.0,313.0,531.0,1,-1,-1,-1
2010,3,779.0,381.0,284.0,531.0,1,-1,-1,-1
2011,3,801.0,379.0,255.0,521.0,1,-1,-1,-1
2012,3,817.0,373.0,231.0,529.0,1,-1,-1,-1
2013,3,834.0,360.0,206.0,543.0,1,-1,-1,-1
2014,3,834.0,356.0,200.0,553.0,1,-1,-1,-1
2015,3,825.0,359.0,202.0,548.0,1,-1,-1,-1
2016,3,815.0,360.0,208.0,544.0,1,-1,-1,-1
2017,3,805.0,362.0,216.0,537.0,1,-1,-1,-1
2018,3,798.0,356.0,236.0,539.0,1,-1,-1,-1
2019,3,791.0,354.0,278.0,538.0,1,-1,-1,-1
2020,3,793.0,375.0,293.0,527.0,1,-1,-1,-1
2021,3,789.0,365.0,306.0,541.0,1,-1,-1,-1
2022,3,791.0,376.0,308.0,535.0,1,-1,-1,-1
2023,3,801.0,381.0,294.0,532.0,1,-1,-1,-1
2024,3,818.0,398.0,263.0,520.0,1,-1,-1,-1
2025,3,832.0,402.0,235.0,510.0,1,-1,-1,-1
2026,3,846.0,402.0,214.0,503.0,1,-1,-1,-1
2027,3,847.0,395.0,189.0,507.0,1,-1,-1,-1
2028,3,838.0,390.0,187.0,509.0,1,-1,-1,-1
2029,3,829.0,391.0,195.0,499.0,1,-1,-1,-1
2030,3,823.0,392.0,204.0,501.0,1,-1,-1,-1
2031,3,824.0,395.0,202.0,496.0,1,-1,-1,-1
2032,3,830.0,396.0,193.0,496.0,1,-1,-1,-1
2033,3,836.0,394.0,184.0,492.0,1,-1,-1,-1
2034,3,840.0,392.0,186.0,516.0,1,-1,-1,-1
2035,3,841.0,391.0,190.0,521.0,1,-1,-1,-1
2036,3,836.0,387.0,201.0,528.0,1,-1,-1,-1
2037,3,827.0,386.0,211.0,531.0,1,-1,-1,-1
2038,3,814.0,383.0,218.0,535.0,1,-1,-1,-1
2039,3,808.0,382.0,220.0,530.0,1,-1,-1,-1
2040,3,808.0,383.0,211.0,532.0,1,-1,-1,-1
2041,3,804.0,380.0,214.0,541.0,1,-1,-1,-1
2042,3,810.0,376.0,208.0,545.0,1,-1,-1,-1
2043,3,810.0,374.0,211.0,546.0,1,-1,-1,-1
2044,3,813.0,377.0,209.0,535.0,1,-1,-1,-1
2045,3,819.0,375.0,203.0,539.0,1,-1,-1,-1
2046,3,823.0,374.0,197.0,539.0,1,-1,-1,-1
2047,3,811.0,375.0,206.0,536.0,1,-1,-1,-1
2048,3,798.0,378.0,214.0,534.0,1,-1,-1,-1
2049,3,800.0,377.0,211.0,541.0,1,-1,-1,-1
2050,3,809.0,375.0,200.0,543.0,1,-1,-1,-1
2051,3,809.0,377.0,199.0,539.0,1,-1,-1,-1
2052,3,804.0,378.0,200.0,535.0,1,-1,-1,-1
2053,3,802.0,379.0,201.0,526.0,1,-1,-1,-1
2054,3,808.0,380.0,200.0,527.0,1,-1,-1,-1
2055,3,811.0,379.0,208.0,530.0,1,-1,-1,-1
2056,3,817.0,381.0,213.0,528.0,1,-1,-1,-1
2057,3,825.0,381.0,207.0,529.0,1,-1,-1,-1
2058,3,826.0,386.0,205.0,531.0,1,-1,-1,-1
2059,3,822.0,388.0,206.0,531.0,1,-1,-1,-1
2060,3,817.0,386.0,202.0,530.0,1,-1,-1,-1
2061,3,817.0,384.0,195.0,530.0,1,-1,-1,-1
2062,3,813.0,383.0,188.0,533.0,1,-1,-1,-1
2063,3,808.0,384.0,185.0,537.0,1,-1,-1,-1
2064,3,808.0,385.0,188.0,536.0,1,-1,-1,-1
2065,3,809.0,388.0,193.0,529.0,1,-1,-1,-1
2066,3,812.0,399.0,194.0,512.0,1,-1,-1,-1
2067,3,819.0,397.0,191.0,515.0,1,-1,-1,-1
2068,3,826.0,401.0,190.0,510.0,1,-1,-1,-1
2069,3,822.0,401.0,199.0,511.0,1,-1,-1,-1
2070,3,818.0,404.0,211.0,509.0,1,-1,-1,-1
2071,3,811.0,403.0,219.0,508.0,1,-1,-1,-1
2072,3,796.0,399.0,238.0,510.0,1,-1,-1,-1
2073,3,785.0,389.0,243.0,531.0,1,-1,-1,-1
2074,3,780.0,388.0,254.0,527.0,1,-1,-1,-1
2075,3,774.0,381.0,258.0,530.0,1,-1,-1,-1
2076,3,780.0,378.0,250.0,537.0,1,-1,-1,-1
2077,3,787.0,377.0,242.0,534.0,1,-1,-1,-1
2078,3,789.0,370.0,233.0,545.0,1,-1,-1,-1
2079,3,793.0,364.0,224.0,553.0,1,-1,-1,-1
2080,3,803.0,359.0,208.0,565.0,1,-1,-1,-1
2081,3,806.0,355.0,203.0,571.0,1,-1,-1,-1
2082,3,802.0,355.0,207.0,557.0,1,-1,-1,-1
2083,3,792.0,358.0,214.0,543.0,1,-1,-1,-1
2084,3,786.0,358.0,218.0,536.0,1,-1,-1,-1
2085,3,778.0,353.0,226.0,541.0,1,-1,-1,-1
2086,3,772.0,351.0,237.0,545.0,1,-1,-1,-1
2087,3,763.0,343.0,252.0,558.0,1,-1,-1,-1
2088,3,756.0,337.0,259.0,568.0,1,-1,-1,-1
2089,3,760.0,330.0,253.0,585.0,1,-1,-1,-1
2090,3,763.0,319.0,248.0,599.0,1,-1,-1,-1
2091,3,767.0,317.0,244.0,601.0,1,-1,-1,-1
