1,1,451.0,362.0,297.0,593.0,1,-1,-1,-1
2,1,447.0,359.0,284.0,597.0,1,-1,-1,-1
3,1,438.0,364.0,292.0,595.0,1,-1,-1,-1
4,1,442.0,363.0,268.0,597.0,1,-1,-1,-1
5,1,440.0,361.0,251.0,599.0,1,-1,-1,-1
6,1,436.0,358.0,246.0,599.0,1,-1,-1,-1
7,1,441.0,355.0,236.0,601.0,1,-1,-1,-1
8,1,445.0,352.0,234.0,602.0,1,-1,-1,-1
9,1,439.0,351.0,240.0,603.0,1,-1,-1,-1
10,1,443.0,351.0,237.0,603.0,1,-1,-1,-1
11,1,440.0,351.0,239.0,606.0,1,-1,-1,-1
12,1,441.0,355.0,233.0,599.0,1,-1,-1,-1
13,1,419.0,358.0,253.0,597.0,1,-1,-1,-1
14,1,415.0,363.0,259.0,592.0,1,-1,-1,-1
15,1,403.0,374.0,270.0,582.0,1,-1,-1,-1
16,1,392.0,382.0,281.0,575.0,1,-1,-1,-1
17,1,382.0,390.0,295.0,568.0,1,-1,-1,-1
18,1,377.0,393.0,300.0,564.0,1,-1,-1,-1
19,1,383.0,400.0,294.0,562.0,1,-1,-1,-1
20,1,394.0,410.0,280.0,553.0,1,-1,-1,-1
21,1,394.0,409.0,278.0,553.0,1,-1,-1,-1
22,1,392.0,407.0,275.0,557.0,1,-1,-1,-1
23,1,388.0,407.0,271.0,561.0,1,-1,-1,-1
24,1,388.0,400.0,256.0,567.0,1,-1,-1,-1
25,1,384.0,395.0,250.0,572.0,1,-1,-1,-1
26,1,383.0,388.0,244.0,580.0,1,-1,-1,-1
27,1,379.0,380.0,241.0,584.0,1,-1,-1,-1
28,1,368.0,371.0,246.0,594.0,1,-1,-1,-1
29,1,370.0,362.0,238.0,596.0,1,-1,-1,-1
30,1,373.0,358.0,232.0,601.0,1,-1,-1,-1
31,1,380.0,355.0,220.0,602.0,1,-1,-1,-1
32,1,387.0,351.0,211.0,604.0,1,-1,-1,-1
33,1,396.0,348.0,198.0,607.0,1,-1,-1,-1
34,1,395.0,348.0,195.0,607.0,1,-1,-1,-1
35,1,400.0,345.0,190.0,615.0,1,-1,-1,-1
36,1,408.0,344.0,182.0,615.0,1,-1,-1,-1
37,1,407.0,346.0,185.0,613.0,1,-1,-1,-1
38,1,409.0,343.0,185.0,621.0,1,-1,-1,-1
39,1,407.0,341.0,188.0,624.0,1,-1,-1,-1
40,1,407.0,341.0,192.0,627.0,1,-1,-1,-1
41,1,406.0,348.0,196.0,614.0,1,-1,-1,-1
42,1,408.0,353.0,199.0,612.0,1,-1,-1,-1
43,1,405.0,355.0,208.0,609.0,1,-1,-1,-1
44,1,400.0,362.0,214.0,603.0,1,-1,-1,-1
45,1,398.0,368.0,220.0,597.0,1,-1,-1,-1
46,1,392.0,378.0,230.0,584.0,1,-1,-1,-1
47,1,389.0,387.0,238.0,582.0,1,-1,-1,-1
48,1,389.0,395.0,238.0,573.0,1,-1,-1,-1
49,1,385.0,401.0,242.0,569.0,1,-1,-1,-1
50,1,392.0,410.0,236.0,561.0,1,-1,-1,-1
51,1,390.0,415.0,247.0,553.0,1,-1,-1,-1
52,1,390.0,418.0,251.0,550.0,1,-1,-1,-1
53,1,389.0,418.0,259.0,546.0,1,-1,-1,-1
54,1,393.0,418.0,260.0,544.0,1,-1,-1,-1
55,1,395.0,416.0,267.0,544.0,1,-1,-1,-1
56,1,398.0,411.0,273.0,546.0,1,-1,-1,-1
57,1,400.0,406.0,280.0,548.0,1,-1,-1,-1
58,1,401.0,397.0,284.0,557.0,1,-1,-1,-1
59,1,403.0,388.0,287.0,567.0,1,-1,-1,-1
60,1,409.0,384.0,285.0,572.0,1,-1,-1,-1
61,1,410.0,379.0,287.0,582.0,1,-1,-1,-1
62,1,416.0,363.0,283.0,595.0,1,-1,-1,-1
63,1,416.0,360.0,284.0,594.0,1,-1,-1,-1
64,1,418.0,358.0,287.0,595.0,1,-1,-1,-1
65,1,417.0,356.0,289.0,600.0,1,-1,-1,-1
66,1,420.0,358.0,301.0,598.0,1,-1,-1,-1
67,1,422.0,360.0,303.0,594.0,1,-1,-1,-1
68,1,426.0,365.0,299.0,591.0,1,-1,-1,-1
69,1,435.0,367.0,289.0,588.0,1,-1,-1,-1
70,1,446.0,373.0,278.0,579.0,1,-1,-1,-1
71,1,455.0,377.0,267.0,573.0,1,-1,-1,-1
72,1,467.0,377.0,261.0,566.0,1,-1,-1,-1
73,1,476.0,375.0,259.0,564.0,1,-1,-1,-1
74,1,481.0,373.0,254.0,566.0,1,-1,-1,-1
75,1,488.0,375.0,248.0,559.0,1,-1,-1,-1
76,1,494.0,379.0,242.0,553.0,1,-1,-1,-1
77,1,517.0,389.0,220.0,534.0,1,-1,-1,-1
78,1,528.0,393.0,211.0,533.0,1,-1,-1,-1
79,1,532.0,393.0,207.0,527.0,1,-1,-1,-1
80,1,550.0,403.0,188.0,508.0,1,-1,-1,-1
81,1,559.0,412.0,187.0,497.0,1,-1,-1,-1
82,1,563.0,415.0,189.0,492.0,1,-1,-1,-1
83,1,564.0,422.0,190.0,484.0,1,-1,-1,-1
84,1,564.0,426.0,188.0,478.0,1,-1,-1,-1
85,1,567.0,427.0,184.0,471.0,1,-1,-1,-1
86,1,568.0,427.0,185.0,474.0,1,-1,-1,-1
87,1,570.0,424.0,185.0,479.0,1,-1,-1,-1
88,1,572.0,421.0,182.0,485.0,1,-1,-1,-1
89,1,572.0,418.0,180.0,484.0,1,-1,-1,-1
90,1,571.0,412.0,180.0,490.0,1,-1,-1,-1
91,1,569.0,403.0,181.0,493.0,1,-1,-1,-1
92,1,568.0,396.0,179.0,498.0,1,-1,-1,-1
93,1,570.0,391.0,175.0,502.0,1,-1,-1,-1
94,1,569.0,390.0,172.0,501.0,1,-1,-1,-1
95,1,568.0,384.0,170.0,504.0,1,-1,-1,-1
96,1,567.0,382.0,169.0,512.0,1,-1,-1,-1
97,1,567.0,377.0,165.0,517.0,1,-1,-1,-1
98,1,571.0,376.0,164.0,519.0,1,-1,-1,-1
99,1,565.0,373.0,163.0,527.0,1,-1,-1,-1
100,1,566.0,374.0,161.0,535.0,1,-1,-1,-1
101,1,566.0,374.0,159.0,541.0,1,-1,-1,-1
102,1,566.0,377.0,158.0,534.0,1,-1,-1,-1
103,1,566.0,376.0,158.0,538.0,1,-1,-1,-1
104,1,567.0,377.0,156.0,540.0,1,-1,-1,-1
105,1,574.0,377.0,157.0,540.0,1,-1,-1,-1
106,1,573.0,376.0,159.0,536.0,1,-1,-1,-1
107,1,572.0,376.0,160.0,532.0,1,-1,-1,-1
108,1,563.0,379.0,161.0,534.0,1,-1,-1,-1
109,1,563.0,381.0,164.0,532.0,1,-1,-1,-1
110,1,560.0,387.0,170.0,525.0,1,-1,-1,-1
111,1,560.0,394.0,173.0,509.0,1,-1,-1,-1
112,1,559.0,400.0,179.0,498.0,1,-1,-1,-1
113,1,553.0,409.0,186.0,485.0,1,-1,-1,-1
114,1,552.0,418.0,187.0,479.0,1,-1,-1,-1
115,1,553.0,425.0,184.0,469.0,1,-1,-1,-1
116,1,551.0,431.0,182.0,463.0,1,-1,-1,-1
117,1,549.0,435.0,181.0,461.0,1,-1,-1,-1
118,1,548.0,438.0,178.0,458.0,1,-1,-1,-1
119,1,546.0,436.0,179.0,462.0,1,-1,-1,-1
120,1,542.0,434.0,180.0,467.0,1,-1,-1,-1
121,1,537.0,430.0,183.0,472.0,1,-1,-1,-1
122,1,529.0,426.0,188.0,479.0,1,-1,-1,-1
123,1,520.0,419.0,196.0,490.0,1,-1,-1,-1
124,1,510.0,406.0,207.0,510.0,1,-1,-1,-1
125,1,504.0,402.0,209.0,522.0,1,-1,-1,-1
126,1,487.0,394.0,228.0,535.0,1,-1,-1,-1
127,1,467.0,391.0,247.0,544.0,1,-1,-1,-1
128,1,458.0,382.0,257.0,549.0,1,-1,-1,-1
129,1,439.0,376.0,273.0,566.0,1,-1,-1,-1
130,1,426.0,371.0,284.0,582.0,1,-1,-1,-1
131,1,417.0,363.0,291.0,593.0,1,-1,-1,-1
132,1,399.0,357.0,304.0,615.0,1,-1,-1,-1
133,1,385.0,356.0,319.0,618.0,1,-1,-1,-1
134,1,379.0,361.0,317.0,614.0,1,-1,-1,-1
135,1,381.0,358.0,291.0,618.0,1,-1,-1,-1
136,1,365.0,360.0,315.0,612.0,1,-1,-1,-1
137,1,361.0,361.0,309.0,612.0,1,-1,-1,-1
138,1,372.0,367.0,271.0,604.0,1,-1,-1,-1
139,1,372.0,369.0,258.0,603.0,1,-1,-1,-1
140,1,372.0,375.0,247.0,598.0,1,-1,-1,-1
141,1,372.0,381.0,243.0,588.0,1,-1,-1,-1
142,1,369.0,390.0,240.0,576.0,1,-1,-1,-1
143,1,369.0,395.0,234.0,572.0,1,-1,-1,-1
144,1,368.0,398.0,229.0,575.0,1,-1,-1,-1
145,1,363.0,404.0,227.0,572.0,1,-1,-1,-1
146,1,351.0,408.0,232.0,572.0,1,-1,-1,-1
147,1,345.0,410.0,230.0,568.0,1,-1,-1,-1
148,1,341.0,408.0,230.0,572.0,1,-1,-1,-1
149,1,333.0,403.0,233.0,580.0,1,-1,-1,-1
150,1,327.0,398.0,230.0,587.0,1,-1,-1,-1
151,1,313.0,391.0,232.0,592.0,1,-1,-1,-1
152,1,303.0,381.0,233.0,604.0,1,-1,-1,-1
153,1,281.0,376.0,255.0,606.0,1,-1,-1,-1
154,1,270.0,370.0,271.0,609.0,1,-1,-1,-1
155,1,259.0,362.0,276.0,616.0,1,-1,-1,-1
156,1,240.0,350.0,286.0,631.0,1,-1,-1,-1
157,1,232.0,344.0,295.0,641.0,1,-1,-1,-1
158,1,227.0,336.0,287.0,651.0,1,-1,-1,-1
159,1,220.0,333.0,294.0,653.0,1,-1,-1,-1
160,1,210.0,332.0,295.0,655.0,1,-1,-1,-1
161,1,206.0,339.0,291.0,655.0,1,-1,-1,-1
162,1,199.0,335.0,295.0,666.0,1,-1,-1,-1
163,1,188.0,332.0,314.0,666.0,1,-1,-1,-1
164,1,184.0,337.0,313.0,660.0,1,-1,-1,-1
165,1,182.0,341.0,309.0,657.0,1,-1,-1,-1
166,1,177.0,336.0,301.0,664.0,1,-1,-1,-1
167,1,172.0,339.0,291.0,660.0,1,-1,-1,-1
168,1,170.0,336.0,277.0,661.0,1,-1,-1,-1
169,1,170.0,338.0,268.0,659.0,1,-1,-1,-1
170,1,165.0,345.0,255.0,660.0,1,-1,-1,-1
171,1,157.0,357.0,249.0,645.0,1,-1,-1,-1
172,1,150.0,368.0,247.0,638.0,1,-1,-1,-1
173,1,146.0,379.0,242.0,627.0,1,-1,-1,-1
174,1,140.0,393.0,232.0,616.0,1,-1,-1,-1
175,1,134.0,400.0,234.0,611.0,1,-1,-1,-1
176,1,125.0,408.0,242.0,607.0,1,-1,-1,-1
177,1,122.0,406.0,252.0,607.0,1,-1,-1,-1
178,1,114.0,415.0,260.0,594.0,1,-1,-1,-1
179,1,105.0,423.0,264.0,583.0,1,-1,-1,-1
180,1,97.0,423.0,269.0,582.0,1,-1,-1,-1
181,1,91.0,408.0,275.0,598.0,1,-1,-1,-1
182,1,80.0,406.0,286.0,600.0,1,-1,-1,-1
183,1,71.0,390.0,291.0,617.0,1,-1,-1,-1
184,1,60.0,387.0,312.0,616.0,1,-1,-1,-1
185,1,46.0,379.0,330.0,620.0,1,-1,-1,-1
186,1,16.0,369.0,366.0,643.0,1,-1,-1,-1
187,1,2.0,360.0,379.0,660.0,1,-1,-1,-1
188,1,0.0,353.0,380.0,665.0,1,-1,-1,-1
189,1,0.0,346.0,378.0,670.0,1,-1,-1,-1
190,1,0.0,330.0,374.0,678.0,1,-1,-1,-1
191,1,1.0,318.0,375.0,694.0,1,-1,-1,-1
192,1,2.0,312.0,371.0,701.0,1,-1,-1,-1
193,1,2.0,310.0,363.0,708.0,1,-1,-1,-1
194,1,2.0,307.0,366.0,711.0,1,-1,-1,-1
195,1,3.0,305.0,354.0,716.0,1,-1,-1,-1
196,1,4.0,304.0,345.0,716.0,1,-1,-1,-1
197,1,4.0,303.0,335.0,717.0,1,-1,-1,-1
198,1,4.0,304.0,325.0,715.0,1,-1,-1,-1
199,1,5.0,307.0,314.0,711.0,1,-1,-1,-1
200,1,4.0,307.0,293.0,709.0,1,-1,-1,-1
201,1,5.0,305.0,285.0,708.0,1,-1,-1,-1
202,1,2.0,318.0,243.0,687.0,1,-1,-1,-1
203,1,1.0,316.0,242.0,694.0,1,-1,-1,-1
204,1,0.0,324.0,245.0,689.0,1,-1,-1,-1
205,1,0.0,329.0,239.0,676.0,1,-1,-1,-1
206,1,0.0,345.0,238.0,649.0,1,-1,-1,-1
207,1,0.0,348.0,233.0,639.0,1,-1,-1,-1
208,1,0.0,361.0,217.0,618.0,1,-1,-1,-1
209,1,0.0,371.0,211.0,587.0,1,-1,-1,-1
210,1,0.0,379.0,214.0,568.0,1,-1,-1,-1
211,1,0.0,379.0,206.0,556.0,1,-1,-1,-1
212,1,0.0,382.0,199.0,550.0,1,-1,-1,-1
213,1,0.0,383.0,198.0,546.0,1,-1,-1,-1
214,1,0.0,387.0,185.0,542.0,1,-1,-1,-1
215,1,0.0,386.0,182.0,534.0,1,-1,-1,-1
216,1,0.0,392.0,174.0,538.0,1,-1,-1,-1
217,1,0.0,388.0,172.0,545.0,1,-1,-1,-1
218,1,0.0,383.0,167.0,557.0,1,-1,-1,-1
219,1,0.0,372.0,167.0,576.0,1,-1,-1,-1
220,1,0.0,367.0,165.0,591.0,1,-1,-1,-1
221,1,0.0,361.0,165.0,613.0,1,-1,-1,-1
222,1,0.0,355.0,166.0,619.0,1,-1,-1,-1
223,1,0.0,353.0,157.0,637.0,1,-1,-1,-1
224,1,0.0,361.0,157.0,628.0,1,-1,-1,-1
225,1,0.0,363.0,151.0,629.0,1,-1,-1,-1
239,1,0.0,350.0,139.0,645.0,1,-1,-1,-1
240,1,0.0,359.0,138.0,626.0,1,-1,-1,-1
241,1,0.0,367.0,140.0,607.0,1,-1,-1,-1
242,1,0.0,379.0,140.0,592.0,1,-1,-1,-1
243,1,0.0,383.0,144.0,584.0,1,-1,-1,-1
244,1,0.0,384.0,145.0,582.0,1,-1,-1,-1
245,1,0.0,390.0,145.0,569.0,1,-1,-1,-1
246,1,0.0,400.0,156.0,569.0,1,-1,-1,-1
247,1,2.0,401.0,166.0,566.0,1,-1,-1,-1
248,1,4.0,402.0,182.0,566.0,1,-1,-1,-1
249,1,1.0,400.0,202.0,561.0,1,-1,-1,-1
250,1,0.0,400.0,206.0,550.0,1,-1,-1,-1
251,1,0.0,390.0,220.0,557.0,1,-1,-1,-1
252,1,0.0,378.0,244.0,579.0,1,-1,-1,-1
253,1,0.0,366.0,261.0,595.0,1,-1,-1,-1
254,1,0.0,354.0,269.0,612.0,1,-1,-1,-1
255,1,0.0,352.0,297.0,638.0,1,-1,-1,-1
256,1,0.0,336.0,326.0,644.0,1,-1,-1,-1
257,1,0.0,326.0,345.0,642.0,1,-1,-1,-1
258,1,0.0,315.0,357.0,663.0,1,-1,-1,-1
259,1,0.0,317.0,362.0,669.0,1,-1,-1,-1
260,1,0.0,317.0,365.0,678.0,1,-1,-1,-1
261,1,0.0,315.0,363.0,677.0,1,-1,-1,-1
262,1,0.0,316.0,364.0,669.0,1,-1,-1,-1
263,1,0.0,318.0,365.0,668.0,1,-1,-1,-1
264,1,0.0,317.0,363.0,672.0,1,-1,-1,-1
265,1,0.0,320.0,364.0,672.0,1,-1,-1,-1
266,1,0.0,322.0,366.0,678.0,1,-1,-1,-1
267,1,4.0,322.0,358.0,689.0,1,-1,-1,-1
268,1,9.0,328.0,350.0,673.0,1,-1,-1,-1
269,1,13.0,330.0,349.0,676.0,1,-1,-1,-1
270,1,29.0,337.0,333.0,662.0,1,-1,-1,-1
271,1,42.0,341.0,315.0,648.0,1,-1,-1,-1
272,1,34.0,350.0,325.0,641.0,1,-1,-1,-1
273,1,30.0,359.0,324.0,631.0,1,-1,-1,-1
274,1,52.0,368.0,318.0,617.0,1,-1,-1,-1
275,1,73.0,377.0,294.0,607.0,1,-1,-1,-1
276,1,99.0,391.0,266.0,585.0,1,-1,-1,-1
277,1,106.0,399.0,261.0,568.0,1,-1,-1,-1
278,1,116.0,406.0,261.0,561.0,1,-1,-1,-1
279,1,117.0,411.0,270.0,557.0,1,-1,-1,-1
280,1,118.0,417.0,273.0,556.0,1,-1,-1,-1
281,1,119.0,414.0,282.0,567.0,1,-1,-1,-1
282,1,122.0,423.0,291.0,554.0,1,-1,-1,-1
283,1,123.0,421.0,295.0,555.0,1,-1,-1,-1
284,1,127.0,417.0,288.0,561.0,1,-1,-1,-1
285,1,129.0,406.0,295.0,570.0,1,-1,-1,-1
286,1,131.0,397.0,294.0,575.0,1,-1,-1,-1
287,1,136.0,390.0,294.0,579.0,1,-1,-1,-1
288,1,139.0,382.0,294.0,587.0,1,-1,-1,-1
289,1,142.0,372.0,292.0,596.0,1,-1,-1,-1
290,1,148.0,361.0,286.0,607.0,1,-1,-1,-1
291,1,145.0,365.0,289.0,607.0,1,-1,-1,-1
292,1,136.0,361.0,303.0,625.0,1,-1,-1,-1
293,1,136.0,359.0,309.0,634.0,1,-1,-1,-1
294,1,129.0,358.0,317.0,645.0,1,-1,-1,-1
295,1,127.0,357.0,321.0,644.0,1,-1,-1,-1
296,1,124.0,354.0,323.0,646.0,1,-1,-1,-1
297,1,125.0,351.0,317.0,649.0,1,-1,-1,-1
298,1,126.0,352.0,307.0,648.0,1,-1,-1,-1
299,1,127.0,350.0,296.0,649.0,1,-1,-1,-1
300,1,121.0,347.0,303.0,653.0,1,-1,-1,-1
301,1,129.0,351.0,280.0,651.0,1,-1,-1,-1
302,1,131.0,347.0,261.0,656.0,1,-1,-1,-1
303,1,138.0,349.0,246.0,648.0,1,-1,-1,-1
304,1,143.0,361.0,240.0,627.0,1,-1,-1,-1
305,1,140.0,373.0,246.0,611.0,1,-1,-1,-1
306,1,139.0,380.0,244.0,599.0,1,-1,-1,-1
307,1,134.0,387.0,256.0,580.0,1,-1,-1,-1
308,1,134.0,394.0,262.0,572.0,1,-1,-1,-1
309,1,132.0,411.0,263.0,552.0,1,-1,-1,-1
310,1,131.0,418.0,264.0,545.0,1,-1,-1,-1
311,1,132.0,427.0,259.0,534.0,1,-1,-1,-1
312,1,128.0,432.0,259.0,527.0,1,-1,-1,-1
313,1,125.0,433.0,254.0,525.0,1,-1,-1,-1
314,1,125.0,432.0,252.0,527.0,1,-1,-1,-1
315,1,126.0,429.0,245.0,531.0,1,-1,-1,-1
316,1,122.0,424.0,244.0,535.0,1,-1,-1,-1
317,1,119.0,415.0,248.0,550.0,1,-1,-1,-1
318,1,105.0,403.0,261.0,562.0,1,-1,-1,-1
319,1,93.0,391.0,272.0,585.0,1,-1,-1,-1
320,1,72.0,385.0,295.0,592.0,1,-1,-1,-1
321,1,29.0,370.0,341.0,606.0,1,-1,-1,-1
322,1,30.0,356.0,335.0,620.0,1,-1,-1,-1
323,1,17.0,354.0,352.0,621.0,1,-1,-1,-1
324,1,13.0,351.0,354.0,624.0,1,-1,-1,-1
325,1,11.0,350.0,352.0,629.0,1,-1,-1,-1
326,1,12.0,331.0,342.0,639.0,1,-1,-1,-1
327,1,0.0,321.0,349.0,665.0,1,-1,-1,-1
328,1,0.0,323.0,344.0,659.0,1,-1,-1,-1
329,1,0.0,321.0,345.0,673.0,1,-1,-1,-1
330,1,0.0,324.0,335.0,665.0,1,-1,-1,-1
331,1,0.0,321.0,310.0,670.0,1,-1,-1,-1
332,1,0.0,322.0,308.0,679.0,1,-1,-1,-1
333,1,0.0,324.0,289.0,668.0,1,-1,-1,-1
334,1,1.0,344.0,270.0,637.0,1,-1,-1,-1
335,1,0.0,353.0,251.0,629.0,1,-1,-1,-1
336,1,0.0,356.0,248.0,627.0,1,-1,-1,-1
337,1,0.0,359.0,235.0,626.0,1,-1,-1,-1
338,1,0.0,356.0,219.0,635.0,1,-1,-1,-1
339,1,0.0,360.0,211.0,636.0,1,-1,-1,-1
340,1,0.0,369.0,204.0,629.0,1,-1,-1,-1
341,1,0.0,376.0,200.0,621.0,1,-1,-1,-1
342,1,0.0,375.0,192.0,625.0,1,-1,-1,-1
343,1,0.0,383.0,187.0,612.0,1,-1,-1,-1
344,1,0.0,391.0,183.0,599.0,1,-1,-1,-1
345,1,0.0,406.0,182.0,582.0,1,-1,-1,-1
346,1,0.0,414.0,188.0,559.0,1,-1,-1,-1
347,1,0.0,425.0,182.0,547.0,1,-1,-1,-1
348,1,0.0,421.0,179.0,539.0,1,-1,-1,-1
349,1,0.0,421.0,178.0,537.0,1,-1,-1,-1
350,1,0.0,420.0,178.0,535.0,1,-1,-1,-1
351,1,0.0,412.0,177.0,542.0,1,-1,-1,-1
352,1,0.0,395.0,177.0,567.0,1,-1,-1,-1
353,1,0.0,381.0,177.0,585.0,1,-1,-1,-1
354,1,0.0,360.0,171.0,607.0,1,-1,-1,-1
355,1,0.0,350.0,163.0,619.0,1,-1,-1,-1
356,1,0.0,339.0,157.0,633.0,1,-1,-1,-1
373,1,0.0,386.0,137.0,620.0,1,-1,-1,-1
375,1,0.0,417.0,148.0,579.0,1,-1,-1,-1
376,1,0.0,417.0,154.0,568.0,1,-1,-1,-1
378,1,0.0,427.0,184.0,550.0,1,-1,-1,-1
380,1,0.0,412.0,202.0,557.0,1,-1,-1,-1
381,1,2.0,409.0,215.0,558.0,1,-1,-1,-1
382,1,1.0,401.0,227.0,564.0,1,-1,-1,-1
383,1,2.0,396.0,245.0,574.0,1,-1,-1,-1
384,1,2.0,387.0,258.0,584.0,1,-1,-1,-1
385,1,3.0,376.0,274.0,601.0,1,-1,-1,-1
386,1,2.0,366.0,290.0,615.0,1,-1,-1,-1
387,1,0.0,348.0,296.0,633.0,1,-1,-1,-1
388,1,0.0,344.0,317.0,637.0,1,-1,-1,-1
389,1,0.0,340.0,331.0,642.0,1,-1,-1,-1
390,1,0.0,342.0,343.0,635.0,1,-1,-1,-1
391,1,0.0,334.0,348.0,649.0,1,-1,-1,-1
392,1,0.0,335.0,355.0,644.0,1,-1,-1,-1
393,1,0.0,338.0,360.0,647.0,1,-1,-1,-1
394,1,0.0,343.0,361.0,647.0,1,-1,-1,-1
395,1,0.0,345.0,362.0,643.0,1,-1,-1,-1
396,1,0.0,348.0,357.0,648.0,1,-1,-1,-1
397,1,0.0,346.0,355.0,660.0,1,-1,-1,-1
398,1,0.0,346.0,357.0,658.0,1,-1,-1,-1
399,1,0.0,350.0,363.0,654.0,1,-1,-1,-1
400,1,9.0,351.0,358.0,650.0,1,-1,-1,-1
401,1,46.0,355.0,321.0,638.0,1,-1,-1,-1
402,1,66.0,361.0,313.0,624.0,1,-1,-1,-1
403,1,95.0,367.0,296.0,609.0,1,-1,-1,-1
404,1,112.0,376.0,281.0,596.0,1,-1,-1,-1
405,1,130.0,384.0,264.0,584.0,1,-1,-1,-1
406,1,145.0,394.0,255.0,577.0,1,-1,-1,-1
407,1,154.0,401.0,250.0,573.0,1,-1,-1,-1
408,1,166.0,408.0,243.0,561.0,1,-1,-1,-1
409,1,168.0,411.0,250.0,556.0,1,-1,-1,-1
410,1,174.0,413.0,248.0,554.0,1,-1,-1,-1
411,1,175.0,410.0,252.0,551.0,1,-1,-1,-1
412,1,177.0,403.0,251.0,560.0,1,-1,-1,-1
413,1,182.0,396.0,249.0,575.0,1,-1,-1,-1
414,1,184.0,387.0,249.0,580.0,1,-1,-1,-1
415,1,190.0,379.0,247.0,586.0,1,-1,-1,-1
416,1,195.0,373.0,246.0,597.0,1,-1,-1,-1
417,1,199.0,366.0,252.0,600.0,1,-1,-1,-1
418,1,207.0,364.0,249.0,608.0,1,-1,-1,-1
419,1,214.0,361.0,246.0,615.0,1,-1,-1,-1
420,1,222.0,358.0,239.0,616.0,1,-1,-1,-1
421,1,226.0,358.0,241.0,617.0,1,-1,-1,-1
422,1,228.0,359.0,247.0,618.0,1,-1,-1,-1
423,1,237.0,360.0,243.0,615.0,1,-1,-1,-1
424,1,239.0,358.0,243.0,608.0,1,-1,-1,-1
425,1,242.0,360.0,243.0,603.0,1,-1,-1,-1
426,1,245.0,363.0,245.0,598.0,1,-1,-1,-1
427,1,245.0,366.0,248.0,595.0,1,-1,-1,-1
428,1,247.0,370.0,249.0,586.0,1,-1,-1,-1
429,1,250.0,373.0,251.0,579.0,1,-1,-1,-1
430,1,253.0,377.0,251.0,570.0,1,-1,-1,-1
431,1,261.0,384.0,245.0,562.0,1,-1,-1,-1
432,1,268.0,392.0,241.0,553.0,1,-1,-1,-1
433,1,282.0,393.0,231.0,545.0,1,-1,-1,-1
434,1,295.0,397.0,221.0,534.0,1,-1,-1,-1
435,1,298.0,415.0,219.0,509.0,1,-1,-1,-1
436,1,312.0,421.0,209.0,499.0,1,-1,-1,-1
437,1,320.0,425.0,205.0,500.0,1,-1,-1,-1
438,1,328.0,430.0,200.0,492.0,1,-1,-1,-1
439,1,338.0,432.0,196.0,481.0,1,-1,-1,-1
440,1,345.0,432.0,193.0,478.0,1,-1,-1,-1
441,1,351.0,429.0,190.0,486.0,1,-1,-1,-1
442,1,355.0,426.0,190.0,489.0,1,-1,-1,-1
443,1,356.0,422.0,194.0,488.0,1,-1,-1,-1
444,1,358.0,420.0,199.0,486.0,1,-1,-1,-1
445,1,361.0,408.0,208.0,497.0,1,-1,-1,-1
446,1,360.0,400.0,217.0,505.0,1,-1,-1,-1
447,1,364.0,396.0,217.0,510.0,1,-1,-1,-1
448,1,367.0,391.0,219.0,512.0,1,-1,-1,-1
449,1,368.0,380.0,226.0,522.0,1,-1,-1,-1
450,1,366.0,377.0,235.0,526.0,1,-1,-1,-1
451,1,367.0,370.0,240.0,533.0,1,-1,-1,-1
452,1,368.0,369.0,246.0,534.0,1,-1,-1,-1
453,1,369.0,366.0,253.0,536.0,1,-1,-1,-1
454,1,373.0,365.0,254.0,538.0,1,-1,-1,-1
455,1,377.0,364.0,258.0,539.0,1,-1,-1,-1
456,1,377.0,364.0,266.0,538.0,1,-1,-1,-1
457,1,380.0,364.0,266.0,541.0,1,-1,-1,-1
458,1,385.0,365.0,263.0,541.0,1,-1,-1,-1
459,1,391.0,369.0,256.0,536.0,1,-1,-1,-1
460,1,396.0,370.0,253.0,538.0,1,-1,-1,-1
461,1,400.0,372.0,249.0,533.0,1,-1,-1,-1
462,1,403.0,374.0,239.0,531.0,1,-1,-1,-1
463,1,404.0,378.0,238.0,529.0,1,-1,-1,-1
464,1,410.0,379.0,231.0,526.0,1,-1,-1,-1
465,1,408.0,380.0,234.0,527.0,1,-1,-1,-1
466,1,412.0,386.0,232.0,519.0,1,-1,-1,-1
467,1,420.0,392.0,230.0,506.0,1,-1,-1,-1
468,1,430.0,400.0,234.0,492.0,1,-1,-1,-1
469,1,442.0,410.0,228.0,479.0,1,-1,-1,-1
470,1,453.0,419.0,235.0,468.0,1,-1,-1,-1
471,1,462.0,428.0,238.0,455.0,1,-1,-1,-1
472,1,465.0,433.0,240.0,448.0,1,-1,-1,-1
473,1,472.0,437.0,245.0,447.0,1,-1,-1,-1
474,1,470.0,439.0,257.0,444.0,1,-1,-1,-1
475,1,466.0,445.0,268.0,437.0,1,-1,-1,-1
476,1,462.0,446.0,275.0,436.0,1,-1,-1,-1
477,1,464.0,441.0,276.0,440.0,1,-1,-1,-1
478,1,464.0,437.0,276.0,444.0,1,-1,-1,-1
479,1,460.0,431.0,282.0,451.0,1,-1,-1,-1
480,1,462.0,427.0,279.0,457.0,1,-1,-1,-1
481,1,463.0,424.0,274.0,458.0,1,-1,-1,-1
482,1,471.0,409.0,265.0,470.0,1,-1,-1,-1
483,1,471.0,402.0,263.0,474.0,1,-1,-1,-1
484,1,472.0,398.0,257.0,478.0,1,-1,-1,-1
485,1,474.0,393.0,245.0,483.0,1,-1,-1,-1
486,1,475.0,388.0,235.0,491.0,1,-1,-1,-1
487,1,477.0,386.0,221.0,501.0,1,-1,-1,-1
488,1,476.0,385.0,213.0,505.0,1,-1,-1,-1
489,1,479.0,378.0,197.0,521.0,1,-1,-1,-1
490,1,483.0,377.0,180.0,525.0,1,-1,-1,-1
491,1,485.0,376.0,170.0,525.0,1,-1,-1,-1
492,1,492.0,379.0,163.0,520.0,1,-1,-1,-1
493,1,494.0,380.0,161.0,522.0,1,-1,-1,-1
494,1,490.0,387.0,170.0,514.0,1,-1,-1,-1
495,1,488.0,390.0,175.0,510.0,1,-1,-1,-1
496,1,485.0,395.0,177.0,502.0,1,-1,-1,-1
497,1,479.0,400.0,184.0,500.0,1,-1,-1,-1
498,1,477.0,403.0,187.0,495.0,1,-1,-1,-1
499,1,476.0,415.0,188.0,486.0,1,-1,-1,-1
500,1,473.0,421.0,191.0,479.0,1,-1,-1,-1
501,1,471.0,426.0,193.0,469.0,1,-1,-1,-1
502,1,470.0,429.0,201.0,464.0,1,-1,-1,-1
503,1,466.0,432.0,214.0,461.0,1,-1,-1,-1
504,1,466.0,440.0,227.0,452.0,1,-1,-1,-1
505,1,461.0,445.0,236.0,445.0,1,-1,-1,-1
506,1,450.0,445.0,249.0,444.0,1,-1,-1,-1
507,1,437.0,444.0,263.0,445.0,1,-1,-1,-1
508,1,425.0,443.0,281.0,446.0,1,-1,-1,-1
509,1,416.0,432.0,289.0,463.0,1,-1,-1,-1
510,1,404.0,423.0,298.0,470.0,1,-1,-1,-1
511,1,399.0,417.0,293.0,476.0,1,-1,-1,-1
512,1,390.0,406.0,287.0,487.0,1,-1,-1,-1
513,1,385.0,398.0,279.0,495.0,1,-1,-1,-1
514,1,377.0,392.0,272.0,505.0,1,-1,-1,-1
515,1,372.0,381.0,267.0,524.0,1,-1,-1,-1
516,1,365.0,378.0,258.0,526.0,1,-1,-1,-1
517,1,355.0,371.0,265.0,541.0,1,-1,-1,-1
518,1,346.0,364.0,274.0,546.0,1,-1,-1,-1
519,1,340.0,362.0,279.0,560.0,1,-1,-1,-1
520,1,332.0,359.0,280.0,566.0,1,-1,-1,-1
521,1,317.0,367.0,295.0,579.0,1,-1,-1,-1
522,1,304.0,364.0,310.0,596.0,1,-1,-1,-1
523,1,313.0,361.0,278.0,606.0,1,-1,-1,-1
524,1,303.0,363.0,283.0,605.0,1,-1,-1,-1
525,1,292.0,363.0,291.0,611.0,1,-1,-1,-1
526,1,288.0,365.0,293.0,606.0,1,-1,-1,-1
527,1,277.0,375.0,297.0,599.0,1,-1,-1,-1
528,1,277.0,385.0,291.0,591.0,1,-1,-1,-1
529,1,270.0,390.0,304.0,582.0,1,-1,-1,-1
530,1,271.0,396.0,300.0,574.0,1,-1,-1,-1
531,1,266.0,405.0,301.0,563.0,1,-1,-1,-1
532,1,253.0,418.0,314.0,547.0,1,-1,-1,-1
533,1,248.0,424.0,314.0,545.0,1,-1,-1,-1
534,1,243.0,430.0,306.0,538.0,1,-1,-1,-1
535,1,244.0,428.0,293.0,541.0,1,-1,-1,-1
536,1,246.0,430.0,275.0,543.0,1,-1,-1,-1
537,1,248.0,439.0,262.0,535.0,1,-1,-1,-1
538,1,245.0,442.0,252.0,532.0,1,-1,-1,-1
539,1,234.0,441.0,257.0,538.0,1,-1,-1,-1
540,1,220.0,432.0,271.0,548.0,1,-1,-1,-1
541,1,208.0,424.0,285.0,553.0,1,-1,-1,-1
542,1,194.0,418.0,301.0,564.0,1,-1,-1,-1
543,1,188.0,407.0,309.0,571.0,1,-1,-1,-1
544,1,179.0,394.0,318.0,581.0,1,-1,-1,-1
545,1,164.0,381.0,329.0,592.0,1,-1,-1,-1
546,1,154.0,371.0,334.0,608.0,1,-1,-1,-1
547,1,145.0,358.0,334.0,620.0,1,-1,-1,-1
548,1,136.0,352.0,350.0,627.0,1,-1,-1,-1
549,1,124.0,351.0,360.0,637.0,1,-1,-1,-1
550,1,115.0,339.0,366.0,655.0,1,-1,-1,-1
551,1,107.0,333.0,370.0,665.0,1,-1,-1,-1
552,1,97.0,327.0,373.0,667.0,1,-1,-1,-1
553,1,90.0,329.0,368.0,671.0,1,-1,-1,-1
554,1,82.0,326.0,365.0,674.0,1,-1,-1,-1
555,1,73.0,333.0,364.0,674.0,1,-1,-1,-1
556,1,59.0,333.0,359.0,677.0,1,-1,-1,-1
557,1,57.0,332.0,347.0,679.0,1,-1,-1,-1
558,1,51.0,338.0,324.0,674.0,1,-1,-1,-1
559,1,21.0,342.0,340.0,675.0,1,-1,-1,-1
560,1,13.0,348.0,335.0,669.0,1,-1,-1,-1
561,1,8.0,356.0,335.0,663.0,1,-1,-1,-1
562,1,12.0,357.0,286.0,661.0,1,-1,-1,-1
563,1,7.0,373.0,264.0,646.0,1,-1,-1,-1
564,1,3.0,380.0,259.0,643.0,1,-1,-1,-1
565,1,4.0,392.0,254.0,634.0,1,-1,-1,-1
566,1,1.0,399.0,247.0,630.0,1,-1,-1,-1
567,1,0.0,414.0,240.0,620.0,1,-1,-1,-1
568,1,0.0,427.0,237.0,618.0,1,-1,-1,-1
569,1,0.0,420.0,231.0,622.0,1,-1,-1,-1
570,1,0.0,422.0,230.0,602.0,1,-1,-1,-1
571,1,0.0,420.0,223.0,608.0,1,-1,-1,-1
572,1,0.0,388.0,222.0,627.0,1,-1,-1,-1
573,1,0.0,386.0,205.0,629.0,1,-1,-1,-1
574,1,0.0,379.0,198.0,640.0,1,-1,-1,-1
575,1,1.0,370.0,186.0,645.0,1,-1,-1,-1
576,1,1.0,360.0,177.0,651.0,1,-1,-1,-1
577,1,2.0,356.0,171.0,655.0,1,-1,-1,-1
583,1,0.0,313.0,87.0,323.0,1,-1,-1,-1
659,1,0.0,445.0,165.0,255.0,1,-1,-1,-1
661,1,0.0,461.0,164.0,307.0,1,-1,-1,-1
663,1,0.0,444.0,152.0,584.0,1,-1,-1,-1
668,1,0.0,376.0,139.0,654.0,1,-1,-1,-1
670,1,2.0,371.0,159.0,657.0,1,-1,-1,-1
672,1,3.0,361.0,178.0,670.0,1,-1,-1,-1
673,1,1.0,368.0,213.0,658.0,1,-1,-1,-1
674,1,0.0,354.0,234.0,673.0,1,-1,-1,-1
675,1,0.0,341.0,250.0,669.0,1,-1,-1,-1
676,1,0.0,338.0,269.0,674.0,1,-1,-1,-1
677,1,6.0,316.0,283.0,701.0,1,-1,-1,-1
678,1,2.0,315.0,303.0,707.0,1,-1,-1,-1
679,1,1.0,314.0,323.0,702.0,1,-1,-1,-1
680,1,0.0,315.0,336.0,693.0,1,-1,-1,-1
681,1,1.0,317.0,346.0,680.0,1,-1,-1,-1
682,1,3.0,317.0,358.0,676.0,1,-1,-1,-1
683,1,3.0,320.0,364.0,670.0,1,-1,-1,-1
684,1,1.0,329.0,367.0,662.0,1,-1,-1,-1
685,1,1.0,333.0,369.0,659.0,1,-1,-1,-1
686,1,0.0,338.0,372.0,655.0,1,-1,-1,-1
687,1,0.0,337.0,379.0,655.0,1,-1,-1,-1
688,1,5.0,339.0,376.0,647.0,1,-1,-1,-1
689,1,11.0,348.0,380.0,637.0,1,-1,-1,-1
690,1,36.0,348.0,364.0,629.0,1,-1,-1,-1
691,1,80.0,360.0,317.0,618.0,1,-1,-1,-1
692,1,102.0,366.0,295.0,608.0,1,-1,-1,-1
693,1,133.0,368.0,280.0,608.0,1,-1,-1,-1
694,1,159.0,380.0,269.0,594.0,1,-1,-1,-1
695,1,181.0,380.0,264.0,591.0,1,-1,-1,-1
696,1,188.0,381.0,271.0,593.0,1,-1,-1,-1
697,1,192.0,381.0,281.0,593.0,1,-1,-1,-1
698,1,194.0,377.0,284.0,601.0,1,-1,-1,-1
699,1,205.0,379.0,285.0,595.0,1,-1,-1,-1
700,1,215.0,374.0,299.0,600.0,1,-1,-1,-1
701,1,218.0,369.0,312.0,600.0,1,-1,-1,-1
702,1,229.0,362.0,305.0,610.0,1,-1,-1,-1
703,1,238.0,348.0,307.0,614.0,1,-1,-1,-1
704,1,243.0,346.0,311.0,614.0,1,-1,-1,-1
705,1,246.0,340.0,302.0,615.0,1,-1,-1,-1
706,1,254.0,338.0,301.0,616.0,1,-1,-1,-1
707,1,263.0,340.0,292.0,610.0,1,-1,-1,-1
708,1,282.0,336.0,264.0,610.0,1,-1,-1,-1
709,1,292.0,336.0,257.0,588.0,1,-1,-1,-1
710,1,292.0,337.0,251.0,583.0,1,-1,-1,-1
711,1,292.0,336.0,252.0,580.0,1,-1,-1,-1
712,1,291.0,337.0,260.0,584.0,1,-1,-1,-1
713,1,291.0,344.0,279.0,600.0,1,-1,-1,-1
714,1,295.0,348.0,293.0,613.0,1,-1,-1,-1
715,1,312.0,350.0,304.0,608.0,1,-1,-1,-1
716,1,317.0,363.0,309.0,601.0,1,-1,-1,-1
717,1,318.0,371.0,315.0,590.0,1,-1,-1,-1
718,1,319.0,371.0,338.0,589.0,1,-1,-1,-1
719,1,322.0,376.0,352.0,581.0,1,-1,-1,-1
720,1,328.0,371.0,351.0,589.0,1,-1,-1,-1
721,1,335.0,363.0,306.0,619.0,1,-1,-1,-1
722,1,349.0,367.0,321.0,593.0,1,-1,-1,-1
723,1,353.0,365.0,304.0,589.0,1,-1,-1,-1
724,1,358.0,362.0,285.0,585.0,1,-1,-1,-1
725,1,363.0,363.0,273.0,581.0,1,-1,-1,-1
726,1,366.0,368.0,260.0,582.0,1,-1,-1,-1
727,1,372.0,374.0,236.0,575.0,1,-1,-1,-1
728,1,381.0,373.0,218.0,576.0,1,-1,-1,-1
729,1,379.0,381.0,225.0,577.0,1,-1,-1,-1
730,1,383.0,386.0,225.0,570.0,1,-1,-1,-1
731,1,390.0,392.0,228.0,566.0,1,-1,-1,-1
732,1,397.0,396.0,233.0,561.0,1,-1,-1,-1
733,1,401.0,399.0,255.0,555.0,1,-1,-1,-1
734,1,406.0,399.0,272.0,551.0,1,-1,-1,-1
735,1,407.0,400.0,284.0,550.0,1,-1,-1,-1
736,1,406.0,397.0,284.0,555.0,1,-1,-1,-1
737,1,400.0,392.0,296.0,560.0,1,-1,-1,-1
738,1,396.0,387.0,299.0,566.0,1,-1,-1,-1
739,1,392.0,382.0,300.0,574.0,1,-1,-1,-1
740,1,388.0,377.0,295.0,577.0,1,-1,-1,-1
741,1,387.0,367.0,287.0,590.0,1,-1,-1,-1
742,1,378.0,365.0,290.0,588.0,1,-1,-1,-1
743,1,368.0,364.0,303.0,594.0,1,-1,-1,-1
744,1,366.0,359.0,309.0,597.0,1,-1,-1,-1
745,1,362.0,359.0,323.0,594.0,1,-1,-1,-1
746,1,356.0,362.0,336.0,589.0,1,-1,-1,-1
747,1,357.0,364.0,346.0,583.0,1,-1,-1,-1
748,1,357.0,369.0,353.0,574.0,1,-1,-1,-1
749,1,360.0,370.0,357.0,574.0,1,-1,-1,-1
750,1,363.0,371.0,357.0,580.0,1,-1,-1,-1
751,1,367.0,375.0,360.0,576.0,1,-1,-1,-1
752,1,367.0,382.0,363.0,569.0,1,-1,-1,-1
753,1,369.0,388.0,365.0,559.0,1,-1,-1,-1
754,1,371.0,392.0,368.0,553.0,1,-1,-1,-1
755,1,372.0,401.0,370.0,544.0,1,-1,-1,-1
756,1,375.0,406.0,371.0,539.0,1,-1,-1,-1
757,1,383.0,405.0,365.0,537.0,1,-1,-1,-1
758,1,382.0,412.0,369.0,533.0,1,-1,-1,-1
759,1,394.0,418.0,356.0,525.0,1,-1,-1,-1
760,1,415.0,421.0,329.0,521.0,1,-1,-1,-1
761,1,428.0,425.0,309.0,518.0,1,-1,-1,-1
762,1,443.0,429.0,285.0,516.0,1,-1,-1,-1
763,1,452.0,433.0,255.0,515.0,1,-1,-1,-1
764,1,456.0,437.0,236.0,510.0,1,-1,-1,-1
765,1,456.0,438.0,227.0,507.0,1,-1,-1,-1
766,1,454.0,441.0,219.0,502.0,1,-1,-1,-1
767,1,453.0,442.0,216.0,498.0,1,-1,-1,-1
768,1,453.0,443.0,215.0,491.0,1,-1,-1,-1
769,1,456.0,441.0,210.0,485.0,1,-1,-1,-1
770,1,455.0,438.0,215.0,489.0,1,-1,-1,-1
771,1,453.0,435.0,211.0,501.0,1,-1,-1,-1
772,1,453.0,432.0,202.0,500.0,1,-1,-1,-1
773,1,449.0,422.0,204.0,509.0,1,-1,-1,-1
774,1,445.0,414.0,201.0,528.0,1,-1,-1,-1
775,1,436.0,410.0,208.0,537.0,1,-1,-1,-1
776,1,424.0,405.0,217.0,540.0,1,-1,-1,-1
777,1,413.0,399.0,228.0,546.0,1,-1,-1,-1
778,1,401.0,394.0,238.0,555.0,1,-1,-1,-1
779,1,390.0,392.0,248.0,548.0,1,-1,-1,-1
780,1,372.0,395.0,268.0,562.0,1,-1,-1,-1
781,1,364.0,393.0,274.0,565.0,1,-1,-1,-1
782,1,352.0,390.0,284.0,580.0,1,-1,-1,-1
783,1,340.0,389.0,292.0,596.0,1,-1,-1,-1
784,1,338.0,379.0,289.0,608.0,1,-1,-1,-1
785,1,339.0,383.0,284.0,596.0,1,-1,-1,-1
786,1,335.0,384.0,288.0,596.0,1,-1,-1,-1
787,1,342.0,388.0,279.0,586.0,1,-1,-1,-1
788,1,342.0,395.0,274.0,584.0,1,-1,-1,-1
789,1,339.0,395.0,275.0,579.0,1,-1,-1,-1
790,1,342.0,397.0,271.0,579.0,1,-1,-1,-1
791,1,341.0,399.0,269.0,578.0,1,-1,-1,-1
792,1,343.0,396.0,274.0,581.0,1,-1,-1,-1
793,1,342.0,401.0,273.0,576.0,1,-1,-1,-1
794,1,339.0,410.0,274.0,568.0,1,-1,-1,-1
795,1,341.0,413.0,271.0,568.0,1,-1,-1,-1
796,1,340.0,418.0,269.0,565.0,1,-1,-1,-1
797,1,338.0,418.0,269.0,567.0,1,-1,-1,-1
798,1,339.0,419.0,267.0,568.0,1,-1,-1,-1
799,1,339.0,417.0,260.0,569.0,1,-1,-1,-1
800,1,340.0,416.0,262.0,575.0,1,-1,-1,-1
801,1,339.0,415.0,264.0,576.0,1,-1,-1,-1
802,1,338.0,416.0,271.0,574.0,1,-1,-1,-1
803,1,339.0,413.0,273.0,577.0,1,-1,-1,-1
804,1,335.0,410.0,282.0,578.0,1,-1,-1,-1
805,1,337.0,405.0,284.0,584.0,1,-1,-1,-1
806,1,336.0,396.0,289.0,593.0,1,-1,-1,-1
807,1,337.0,396.0,289.0,595.0,1,-1,-1,-1
808,1,334.0,397.0,293.0,591.0,1,-1,-1,-1
809,1,336.0,395.0,295.0,589.0,1,-1,-1,-1
810,1,331.0,398.0,303.0,587.0,1,-1,-1,-1
811,1,326.0,399.0,313.0,585.0,1,-1,-1,-1
812,1,318.0,396.0,325.0,591.0,1,-1,-1,-1
813,1,307.0,399.0,343.0,592.0,1,-1,-1,-1
814,1,310.0,403.0,360.0,586.0,1,-1,-1,-1
815,1,295.0,403.0,381.0,581.0,1,-1,-1,-1
816,1,279.0,403.0,395.0,588.0,1,-1,-1,-1
817,1,273.0,404.0,405.0,587.0,1,-1,-1,-1
818,1,264.0,409.0,417.0,583.0,1,-1,-1,-1
819,1,259.0,411.0,429.0,578.0,1,-1,-1,-1
820,1,260.0,414.0,436.0,572.0,1,-1,-1,-1
821,1,269.0,419.0,426.0,564.0,1,-1,-1,-1
822,1,276.0,418.0,420.0,572.0,1,-1,-1,-1
823,1,273.0,417.0,424.0,583.0,1,-1,-1,-1
824,1,272.0,421.0,424.0,586.0,1,-1,-1,-1
825,1,279.0,425.0,416.0,578.0,1,-1,-1,-1
826,1,288.0,429.0,410.0,569.0,1,-1,-1,-1
827,1,304.0,418.0,384.0,564.0,1,-1,-1,-1
828,1,298.0,416.0,385.0,577.0,1,-1,-1,-1
829,1,321.0,425.0,359.0,554.0,1,-1,-1,-1
830,1,331.0,421.0,348.0,569.0,1,-1,-1,-1
831,1,337.0,421.0,340.0,560.0,1,-1,-1,-1
832,1,347.0,421.0,326.0,546.0,1,-1,-1,-1
833,1,351.0,415.0,322.0,551.0,1,-1,-1,-1
834,1,351.0,409.0,324.0,562.0,1,-1,-1,-1
835,1,345.0,418.0,338.0,559.0,1,-1,-1,-1
836,1,337.0,416.0,347.0,565.0,1,-1,-1,-1
837,1,330.0,414.0,355.0,569.0,1,-1,-1,-1
838,1,330.0,411.0,353.0,566.0,1,-1,-1,-1
839,1,322.0,404.0,352.0,569.0,1,-1,-1,-1
840,1,306.0,394.0,357.0,588.0,1,-1,-1,-1
841,1,302.0,394.0,362.0,585.0,1,-1,-1,-1
842,1,291.0,390.0,360.0,589.0,1,-1,-1,-1
843,1,284.0,382.0,358.0,597.0,1,-1,-1,-1
844,1,272.0,375.0,365.0,616.0,1,-1,-1,-1
845,1,270.0,377.0,365.0,621.0,1,-1,-1,-1
846,1,255.0,371.0,376.0,628.0,1,-1,-1,-1
847,1,254.0,368.0,374.0,630.0,1,-1,-1,-1
848,1,250.0,368.0,377.0,627.0,1,-1,-1,-1
849,1,245.0,373.0,384.0,621.0,1,-1,-1,-1
850,1,246.0,371.0,390.0,622.0,1,-1,-1,-1
851,1,257.0,364.0,357.0,618.0,1,-1,-1,-1
852,1,262.0,368.0,348.0,609.0,1,-1,-1,-1
853,1,263.0,367.0,344.0,604.0,1,-1,-1,-1
854,1,273.0,377.0,314.0,602.0,1,-1,-1,-1
855,1,292.0,380.0,288.0,591.0,1,-1,-1,-1
856,1,301.0,385.0,275.0,591.0,1,-1,-1,-1
857,1,307.0,387.0,260.0,593.0,1,-1,-1,-1
858,1,307.0,389.0,261.0,590.0,1,-1,-1,-1
859,1,307.0,386.0,260.0,593.0,1,-1,-1,-1
860,1,307.0,400.0,264.0,583.0,1,-1,-1,-1
861,1,310.0,405.0,264.0,580.0,1,-1,-1,-1
862,1,308.0,406.0,269.0,579.0,1,-1,-1,-1
863,1,309.0,412.0,271.0,573.0,1,-1,-1,-1
864,1,306.0,415.0,278.0,570.0,1,-1,-1,-1
865,1,309.0,410.0,270.0,573.0,1,-1,-1,-1
866,1,303.0,402.0,277.0,581.0,1,-1,-1,-1
867,1,301.0,394.0,280.0,587.0,1,-1,-1,-1
868,1,296.0,395.0,281.0,585.0,1,-1,-1,-1
869,1,287.0,388.0,284.0,604.0,1,-1,-1,-1
870,1,286.0,379.0,283.0,615.0,1,-1,-1,-1
871,1,286.0,367.0,279.0,629.0,1,-1,-1,-1
872,1,284.0,358.0,281.0,637.0,1,-1,-1,-1
873,1,285.0,342.0,282.0,647.0,1,-1,-1,-1
874,1,285.0,341.0,283.0,631.0,1,-1,-1,-1
875,1,286.0,332.0,282.0,649.0,1,-1,-1,-1
876,1,284.0,327.0,280.0,658.0,1,-1,-1,-1
877,1,283.0,321.0,285.0,662.0,1,-1,-1,-1
878,1,275.0,313.0,297.0,671.0,1,-1,-1,-1
879,1,270.0,307.0,310.0,676.0,1,-1,-1,-1
880,1,261.0,313.0,327.0,671.0,1,-1,-1,-1
881,1,256.0,316.0,340.0,671.0,1,-1,-1,-1
882,1,251.0,331.0,351.0,658.0,1,-1,-1,-1
883,1,243.0,332.0,362.0,666.0,1,-1,-1,-1
884,1,238.0,335.0,363.0,670.0,1,-1,-1,-1
885,1,230.0,334.0,362.0,672.0,1,-1,-1,-1
886,1,223.0,335.0,378.0,670.0,1,-1,-1,-1
887,1,221.0,350.0,380.0,653.0,1,-1,-1,-1
888,1,219.0,353.0,374.0,643.0,1,-1,-1,-1
889,1,215.0,356.0,379.0,641.0,1,-1,-1,-1
890,1,214.0,358.0,384.0,640.0,1,-1,-1,-1
891,1,216.0,373.0,374.0,628.0,1,-1,-1,-1
892,1,217.0,384.0,372.0,617.0,1,-1,-1,-1
893,1,216.0,396.0,361.0,598.0,1,-1,-1,-1
894,1,218.0,403.0,358.0,587.0,1,-1,-1,-1
895,1,217.0,404.0,363.0,599.0,1,-1,-1,-1
896,1,216.0,412.0,354.0,588.0,1,-1,-1,-1
897,1,214.0,406.0,335.0,588.0,1,-1,-1,-1
898,1,212.0,414.0,332.0,577.0,1,-1,-1,-1
899,1,213.0,415.0,324.0,575.0,1,-1,-1,-1
900,1,214.0,419.0,318.0,570.0,1,-1,-1,-1
901,1,214.0,425.0,311.0,566.0,1,-1,-1,-1
902,1,212.0,428.0,322.0,561.0,1,-1,-1,-1
903,1,211.0,425.0,329.0,562.0,1,-1,-1,-1
904,1,212.0,425.0,332.0,561.0,1,-1,-1,-1
905,1,212.0,428.0,336.0,559.0,1,-1,-1,-1
906,1,214.0,434.0,341.0,554.0,1,-1,-1,-1
907,1,216.0,435.0,343.0,551.0,1,-1,-1,-1
908,1,217.0,431.0,354.0,561.0,1,-1,-1,-1
909,1,216.0,433.0,367.0,563.0,1,-1,-1,-1
910,1,214.0,435.0,377.0,563.0,1,-1,-1,-1
911,1,208.0,440.0,395.0,559.0,1,-1,-1,-1
912,1,194.0,440.0,420.0,570.0,1,-1,-1,-1
913,1,178.0,434.0,440.0,575.0,1,-1,-1,-1
914,1,171.0,435.0,445.0,570.0,1,-1,-1,-1
915,1,153.0,436.0,476.0,558.0,1,-1,-1,-1
916,1,161.0,439.0,469.0,558.0,1,-1,-1,-1
917,1,146.0,442.0,492.0,543.0,1,-1,-1,-1
918,1,145.0,454.0,499.0,532.0,1,-1,-1,-1
919,1,170.0,450.0,471.0,531.0,1,-1,-1,-1
920,1,176.0,446.0,467.0,537.0,1,-1,-1,-1
921,1,175.0,446.0,474.0,545.0,1,-1,-1,-1
922,1,174.0,465.0,484.0,518.0,1,-1,-1,-1
923,1,190.0,456.0,482.0,543.0,1,-1,-1,-1
924,1,196.0,461.0,489.0,538.0,1,-1,-1,-1
925,1,196.0,473.0,488.0,525.0,1,-1,-1,-1
926,1,209.0,464.0,471.0,525.0,1,-1,-1,-1
927,1,228.0,464.0,445.0,516.0,1,-1,-1,-1
928,1,239.0,464.0,427.0,518.0,1,-1,-1,-1
929,1,246.0,462.0,410.0,519.0,1,-1,-1,-1
930,1,262.0,463.0,387.0,511.0,1,-1,-1,-1
931,1,258.0,465.0,388.0,516.0,1,-1,-1,-1
932,1,268.0,466.0,371.0,508.0,1,-1,-1,-1
933,1,272.0,462.0,362.0,516.0,1,-1,-1,-1
934,1,281.0,459.0,347.0,514.0,1,-1,-1,-1
935,1,277.0,455.0,349.0,521.0,1,-1,-1,-1
936,1,281.0,448.0,340.0,532.0,1,-1,-1,-1
937,1,285.0,446.0,332.0,532.0,1,-1,-1,-1
938,1,288.0,446.0,329.0,523.0,1,-1,-1,-1
939,1,286.0,437.0,326.0,534.0,1,-1,-1,-1
940,1,285.0,434.0,327.0,544.0,1,-1,-1,-1
941,1,293.0,430.0,318.0,529.0,1,-1,-1,-1
942,1,290.0,425.0,325.0,540.0,1,-1,-1,-1
943,1,288.0,423.0,328.0,545.0,1,-1,-1,-1
944,1,292.0,424.0,329.0,539.0,1,-1,-1,-1
945,1,295.0,424.0,330.0,535.0,1,-1,-1,-1
946,1,292.0,428.0,334.0,535.0,1,-1,-1,-1
947,1,297.0,423.0,333.0,542.0,1,-1,-1,-1
948,1,293.0,420.0,337.0,544.0,1,-1,-1,-1
949,1,294.0,426.0,337.0,545.0,1,-1,-1,-1
950,1,293.0,418.0,335.0,551.0,1,-1,-1,-1
951,1,293.0,420.0,338.0,551.0,1,-1,-1,-1
952,1,284.0,425.0,341.0,546.0,1,-1,-1,-1
953,1,282.0,428.0,334.0,543.0,1,-1,-1,-1
954,1,280.0,430.0,329.0,543.0,1,-1,-1,-1
955,1,278.0,432.0,327.0,540.0,1,-1,-1,-1
956,1,272.0,433.0,321.0,540.0,1,-1,-1,-1
957,1,270.0,435.0,314.0,534.0,1,-1,-1,-1
958,1,268.0,432.0,308.0,535.0,1,-1,-1,-1
959,1,262.0,430.0,307.0,538.0,1,-1,-1,-1
960,1,255.0,428.0,310.0,545.0,1,-1,-1,-1
961,1,246.0,429.0,313.0,549.0,1,-1,-1,-1
962,1,245.0,428.0,314.0,549.0,1,-1,-1,-1
963,1,241.0,423.0,321.0,554.0,1,-1,-1,-1
964,1,240.0,422.0,328.0,555.0,1,-1,-1,-1
965,1,239.0,424.0,329.0,555.0,1,-1,-1,-1
966,1,237.0,422.0,330.0,557.0,1,-1,-1,-1
967,1,241.0,406.0,321.0,567.0,1,-1,-1,-1
968,1,242.0,405.0,322.0,567.0,1,-1,-1,-1
969,1,235.0,393.0,336.0,586.0,1,-1,-1,-1
970,1,234.0,391.0,336.0,589.0,1,-1,-1,-1
971,1,238.0,393.0,335.0,581.0,1,-1,-1,-1
972,1,241.0,390.0,338.0,585.0,1,-1,-1,-1
973,1,241.0,385.0,342.0,587.0,1,-1,-1,-1
974,1,239.0,379.0,346.0,594.0,1,-1,-1,-1
975,1,241.0,374.0,345.0,596.0,1,-1,-1,-1
976,1,240.0,374.0,347.0,598.0,1,-1,-1,-1
977,1,237.0,371.0,353.0,591.0,1,-1,-1,-1
978,1,233.0,370.0,355.0,588.0,1,-1,-1,-1
979,1,230.0,366.0,361.0,592.0,1,-1,-1,-1
980,1,222.0,364.0,369.0,603.0,1,-1,-1,-1
981,1,224.0,366.0,367.0,605.0,1,-1,-1,-1
982,1,234.0,359.0,359.0,607.0,1,-1,-1,-1
983,1,240.0,356.0,360.0,621.0,1,-1,-1,-1
984,1,251.0,357.0,352.0,627.0,1,-1,-1,-1
985,1,258.0,364.0,350.0,617.0,1,-1,-1,-1
986,1,277.0,371.0,333.0,603.0,1,-1,-1,-1
987,1,292.0,370.0,316.0,597.0,1,-1,-1,-1
988,1,303.0,376.0,309.0,592.0,1,-1,-1,-1
989,1,318.0,381.0,312.0,587.0,1,-1,-1,-1
990,1,335.0,391.0,317.0,574.0,1,-1,-1,-1
991,1,346.0,397.0,316.0,570.0,1,-1,-1,-1
992,1,351.0,395.0,335.0,572.0,1,-1,-1,-1
993,1,370.0,399.0,326.0,557.0,1,-1,-1,-1
994,1,377.0,394.0,335.0,559.0,1,-1,-1,-1
995,1,390.0,397.0,325.0,558.0,1,-1,-1,-1
996,1,402.0,396.0,315.0,559.0,1,-1,-1,-1
997,1,413.0,393.0,303.0,560.0,1,-1,-1,-1
998,1,420.0,389.0,299.0,563.0,1,-1,-1,-1
999,1,420.0,376.0,296.0,576.0,1,-1,-1,-1
1000,1,420.0,365.0,294.0,590.0,1,-1,-1,-1
1001,1,419.0,353.0,291.0,601.0,1,-1,-1,-1
1002,1,417.0,343.0,294.0,609.0,1,-1,-1,-1
1003,1,418.0,337.0,296.0,615.0,1,-1,-1,-1
1004,1,421.0,332.0,295.0,614.0,1,-1,-1,-1
1005,1,423.0,328.0,295.0,607.0,1,-1,-1,-1
1006,1,423.0,325.0,296.0,602.0,1,-1,-1,-1
1007,1,423.0,307.0,302.0,614.0,1,-1,-1,-1
1008,1,424.0,301.0,301.0,616.0,1,-1,-1,-1
1009,1,424.0,294.0,302.0,620.0,1,-1,-1,-1
1010,1,425.0,284.0,304.0,626.0,1,-1,-1,-1
1011,1,428.0,270.0,305.0,644.0,1,-1,-1,-1
1012,1,427.0,272.0,307.0,641.0,1,-1,-1,-1
1013,1,429.0,276.0,306.0,632.0,1,-1,-1,-1
1014,1,434.0,293.0,302.0,619.0,1,-1,-1,-1
1015,1,438.0,318.0,295.0,595.0,1,-1,-1,-1
1016,1,444.0,329.0,273.0,584.0,1,-1,-1,-1
1017,1,447.0,330.0,259.0,592.0,1,-1,-1,-1
1018,1,445.0,338.0,249.0,580.0,1,-1,-1,-1
1019,1,448.0,351.0,223.0,565.0,1,-1,-1,-1
1020,1,447.0,356.0,222.0,559.0,1,-1,-1,-1
1021,1,448.0,362.0,212.0,559.0,1,-1,-1,-1
1022,1,441.0,374.0,204.0,550.0,1,-1,-1,-1
1023,1,440.0,383.0,200.0,545.0,1,-1,-1,-1
1024,1,435.0,393.0,203.0,540.0,1,-1,-1,-1
1025,1,435.0,401.0,204.0,543.0,1,-1,-1,-1
1026,1,435.0,414.0,211.0,534.0,1,-1,-1,-1
1027,1,438.0,422.0,215.0,535.0,1,-1,-1,-1
1028,1,437.0,429.0,222.0,532.0,1,-1,-1,-1
1029,1,441.0,436.0,226.0,516.0,1,-1,-1,-1
1030,1,440.0,444.0,227.0,516.0,1,-1,-1,-1
1031,1,440.0,448.0,226.0,507.0,1,-1,-1,-1
1032,1,437.0,452.0,239.0,496.0,1,-1,-1,-1
1033,1,435.0,454.0,243.0,502.0,1,-1,-1,-1
1034,1,435.0,456.0,245.0,501.0,1,-1,-1,-1
1035,1,435.0,456.0,244.0,501.0,1,-1,-1,-1
1036,1,435.0,457.0,248.0,499.0,1,-1,-1,-1
1037,1,433.0,458.0,235.0,501.0,1,-1,-1,-1
1038,1,436.0,457.0,225.0,500.0,1,-1,-1,-1
1039,1,438.0,453.0,214.0,508.0,1,-1,-1,-1
1040,1,440.0,447.0,213.0,517.0,1,-1,-1,-1
1041,1,442.0,440.0,205.0,523.0,1,-1,-1,-1
1042,1,444.0,437.0,197.0,533.0,1,-1,-1,-1
1043,1,446.0,434.0,195.0,531.0,1,-1,-1,-1
1044,1,449.0,428.0,191.0,535.0,1,-1,-1,-1
1045,1,449.0,426.0,188.0,536.0,1,-1,-1,-1
1046,1,441.0,420.0,196.0,564.0,1,-1,-1,-1
1047,1,436.0,418.0,197.0,578.0,1,-1,-1,-1
1048,1,417.0,416.0,221.0,588.0,1,-1,-1,-1
1049,1,405.0,417.0,239.0,606.0,1,-1,-1,-1
1050,1,399.0,418.0,253.0,609.0,1,-1,-1,-1
1051,1,399.0,415.0,251.0,614.0,1,-1,-1,-1
1052,1,394.0,420.0,257.0,605.0,1,-1,-1,-1
1053,1,392.0,420.0,259.0,602.0,1,-1,-1,-1
1054,1,392.0,426.0,265.0,599.0,1,-1,-1,-1
1055,1,392.0,428.0,267.0,592.0,1,-1,-1,-1
1056,1,399.0,437.0,263.0,581.0,1,-1,-1,-1
1057,1,404.0,442.0,259.0,576.0,1,-1,-1,-1
1058,1,401.0,449.0,269.0,566.0,1,-1,-1,-1
1059,1,402.0,453.0,274.0,558.0,1,-1,-1,-1
1060,1,401.0,462.0,282.0,543.0,1,-1,-1,-1
1061,1,398.0,464.0,296.0,547.0,1,-1,-1,-1
1062,1,394.0,464.0,307.0,545.0,1,-1,-1,-1
1063,1,400.0,485.0,301.0,515.0,1,-1,-1,-1
1064,1,405.0,479.0,311.0,520.0,1,-1,-1,-1
1065,1,411.0,489.0,339.0,511.0,1,-1,-1,-1
1066,1,416.0,478.0,382.0,526.0,1,-1,-1,-1
1067,1,417.0,459.0,405.0,541.0,1,-1,-1,-1
1068,1,421.0,421.0,389.0,585.0,1,-1,-1,-1
1069,1,421.0,421.0,400.0,589.0,1,-1,-1,-1
1070,1,423.0,447.0,400.0,557.0,1,-1,-1,-1
1071,1,423.0,446.0,399.0,560.0,1,-1,-1,-1
1072,1,421.0,419.0,397.0,599.0,1,-1,-1,-1
1073,1,420.0,408.0,398.0,602.0,1,-1,-1,-1
1074,1,414.0,407.0,408.0,610.0,1,-1,-1,-1
1075,1,408.0,405.0,413.0,608.0,1,-1,-1,-1
1076,1,393.0,410.0,430.0,605.0,1,-1,-1,-1
1077,1,379.0,407.0,457.0,613.0,1,-1,-1,-1
1078,1,355.0,413.0,480.0,612.0,1,-1,-1,-1
1079,1,333.0,414.0,507.0,612.0,1,-1,-1,-1
1080,1,321.0,418.0,525.0,608.0,1,-1,-1,-1
1081,1,331.0,417.0,517.0,603.0,1,-1,-1,-1
1082,1,306.0,425.0,545.0,602.0,1,-1,-1,-1
1083,1,459.0,428.0,381.0,585.0,1,-1,-1,-1
1084,1,322.0,434.0,537.0,604.0,1,-1,-1,-1
1085,1,337.0,438.0,533.0,601.0,1,-1,-1,-1
1086,1,357.0,432.0,522.0,617.0,1,-1,-1,-1
1087,1,377.0,434.0,514.0,614.0,1,-1,-1,-1
1088,1,403.0,435.0,482.0,607.0,1,-1,-1,-1
1089,1,418.0,435.0,470.0,606.0,1,-1,-1,-1
1090,1,445.0,440.0,440.0,598.0,1,-1,-1,-1
1091,1,488.0,442.0,400.0,589.0,1,-1,-1,-1
1092,1,494.0,437.0,396.0,602.0,1,-1,-1,-1
1093,1,519.0,437.0,364.0,600.0,1,-1,-1,-1
1094,1,529.0,431.0,360.0,583.0,1,-1,-1,-1
1095,1,540.0,431.0,353.0,584.0,1,-1,-1,-1
1096,1,543.0,431.0,355.0,584.0,1,-1,-1,-1
1097,1,542.0,430.0,366.0,582.0,1,-1,-1,-1
1098,1,539.0,433.0,376.0,582.0,1,-1,-1,-1
1099,1,538.0,430.0,378.0,591.0,1,-1,-1,-1
1100,1,536.0,435.0,386.0,589.0,1,-1,-1,-1
1101,1,544.0,441.0,384.0,592.0,1,-1,-1,-1
1102,1,545.0,436.0,384.0,600.0,1,-1,-1,-1
1103,1,543.0,437.0,386.0,598.0,1,-1,-1,-1
1104,1,539.0,428.0,381.0,621.0,1,-1,-1,-1
1105,1,556.0,412.0,357.0,621.0,1,-1,-1,-1
1106,1,557.0,415.0,361.0,603.0,1,-1,-1,-1
1107,1,572.0,409.0,347.0,603.0,1,-1,-1,-1
1108,1,581.0,405.0,337.0,613.0,1,-1,-1,-1
1109,1,583.0,406.0,332.0,612.0,1,-1,-1,-1
1110,1,601.0,408.0,319.0,611.0,1,-1,-1,-1
1111,1,597.0,405.0,325.0,612.0,1,-1,-1,-1
1112,1,601.0,400.0,324.0,623.0,1,-1,-1,-1
1113,1,685.0,396.0,239.0,626.0,1,-1,-1,-1
1114,1,684.0,398.0,248.0,636.0,1,-1,-1,-1
1115,1,688.0,396.0,248.0,638.0,1,-1,-1,-1
1116,1,686.0,379.0,255.0,656.0,1,-1,-1,-1
1117,1,598.0,382.0,353.0,637.0,1,-1,-1,-1
1118,1,604.0,384.0,365.0,640.0,1,-1,-1,-1
1119,1,588.0,386.0,399.0,643.0,1,-1,-1,-1
1120,1,684.0,393.0,323.0,642.0,1,-1,-1,-1
1121,1,692.0,396.0,338.0,639.0,1,-1,-1,-1
1122,1,701.0,389.0,332.0,643.0,1,-1,-1,-1
1123,1,697.0,375.0,352.0,658.0,1,-1,-1,-1
1124,1,686.0,362.0,355.0,670.0,1,-1,-1,-1
1125,1,678.0,359.0,376.0,671.0,1,-1,-1,-1
1126,1,704.0,352.0,345.0,677.0,1,-1,-1,-1
1127,1,704.0,351.0,350.0,672.0,1,-1,-1,-1
1128,1,700.0,343.0,344.0,683.0,1,-1,-1,-1
1129,1,708.0,330.0,341.0,698.0,1,-1,-1,-1
1130,1,722.0,333.0,340.0,662.0,1,-1,-1,-1
1131,1,715.0,316.0,328.0,712.0,1,-1,-1,-1
1132,1,712.0,310.0,320.0,717.0,1,-1,-1,-1
1133,1,711.0,303.0,352.0,726.0,1,-1,-1,-1
1134,1,714.0,300.0,325.0,733.0,1,-1,-1,-1
1135,1,713.0,298.0,328.0,729.0,1,-1,-1,-1
1136,1,704.0,295.0,340.0,737.0,1,-1,-1,-1
1137,1,707.0,295.0,335.0,738.0,1,-1,-1,-1
1138,1,707.0,294.0,336.0,739.0,1,-1,-1,-1
1139,1,705.0,292.0,335.0,737.0,1,-1,-1,-1
1140,1,707.0,282.0,342.0,750.0,1,-1,-1,-1
1141,1,708.0,276.0,351.0,760.0,1,-1,-1,-1
1142,1,709.0,273.0,356.0,769.0,1,-1,-1,-1
1143,1,712.0,272.0,359.0,776.0,1,-1,-1,-1
1144,1,714.0,287.0,354.0,765.0,1,-1,-1,-1
1145,1,713.0,304.0,356.0,744.0,1,-1,-1,-1
1146,1,710.0,318.0,360.0,734.0,1,-1,-1,-1
1147,1,703.0,333.0,363.0,728.0,1,-1,-1,-1
1148,1,706.0,347.0,361.0,710.0,1,-1,-1,-1
1149,1,704.0,356.0,363.0,697.0,1,-1,-1,-1
1150,1,706.0,360.0,353.0,690.0,1,-1,-1,-1
1151,1,701.0,372.0,365.0,676.0,1,-1,-1,-1
1152,1,696.0,373.0,381.0,670.0,1,-1,-1,-1
1153,1,690.0,381.0,371.0,662.0,1,-1,-1,-1
1154,1,694.0,398.0,362.0,637.0,1,-1,-1,-1
1155,1,691.0,400.0,362.0,640.0,1,-1,-1,-1
1156,1,692.0,404.0,335.0,637.0,1,-1,-1,-1
1157,1,693.0,420.0,294.0,624.0,1,-1,-1,-1
1158,1,694.0,417.0,275.0,625.0,1,-1,-1,-1
1159,1,692.0,418.0,253.0,627.0,1,-1,-1,-1
1160,1,692.0,431.0,236.0,610.0,1,-1,-1,-1
1161,1,690.0,440.0,242.0,599.0,1,-1,-1,-1
1162,1,692.0,432.0,244.0,612.0,1,-1,-1,-1
1163,1,688.0,434.0,250.0,610.0,1,-1,-1,-1
1164,1,683.0,439.0,259.0,606.0,1,-1,-1,-1
1165,1,677.0,440.0,279.0,611.0,1,-1,-1,-1
1166,1,671.0,437.0,299.0,615.0,1,-1,-1,-1
1167,1,666.0,435.0,314.0,620.0,1,-1,-1,-1
1168,1,661.0,437.0,323.0,615.0,1,-1,-1,-1
1169,1,657.0,431.0,330.0,614.0,1,-1,-1,-1
1170,1,657.0,431.0,330.0,610.0,1,-1,-1,-1
1171,1,650.0,436.0,341.0,604.0,1,-1,-1,-1
1172,1,649.0,440.0,345.0,594.0,1,-1,-1,-1
1173,1,643.0,439.0,352.0,580.0,1,-1,-1,-1
1174,1,643.0,454.0,353.0,566.0,1,-1,-1,-1
1175,1,633.0,455.0,364.0,559.0,1,-1,-1,-1
1176,1,630.0,453.0,363.0,555.0,1,-1,-1,-1
1177,1,632.0,459.0,358.0,545.0,1,-1,-1,-1
1178,1,619.0,459.0,369.0,550.0,1,-1,-1,-1
1179,1,603.0,464.0,384.0,542.0,1,-1,-1,-1
1180,1,577.0,480.0,413.0,524.0,1,-1,-1,-1
1181,1,475.0,465.0,431.0,566.0,1,-1,-1,-1
1182,1,477.0,468.0,416.0,567.0,1,-1,-1,-1
1183,1,464.0,469.0,429.0,566.0,1,-1,-1,-1
1184,1,456.0,479.0,511.0,560.0,1,-1,-1,-1
1185,1,455.0,478.0,503.0,560.0,1,-1,-1,-1
1186,1,453.0,477.0,493.0,557.0,1,-1,-1,-1
1187,1,453.0,477.0,489.0,561.0,1,-1,-1,-1
1188,1,644.0,490.0,318.0,507.0,1,-1,-1,-1
1189,1,633.0,489.0,321.0,510.0,1,-1,-1,-1
1190,1,655.0,486.0,293.0,511.0,1,-1,-1,-1
1191,1,657.0,483.0,282.0,512.0,1,-1,-1,-1
1192,1,657.0,481.0,273.0,515.0,1,-1,-1,-1
1193,1,667.0,478.0,250.0,513.0,1,-1,-1,-1
1194,1,663.0,475.0,246.0,516.0,1,-1,-1,-1
1195,1,675.0,477.0,220.0,513.0,1,-1,-1,-1
1196,1,664.0,473.0,223.0,516.0,1,-1,-1,-1
1197,1,601.0,463.0,265.0,526.0,1,-1,-1,-1
1198,1,516.0,460.0,342.0,524.0,1,-1,-1,-1
1199,1,521.0,459.0,318.0,539.0,1,-1,-1,-1
1200,1,519.0,454.0,324.0,537.0,1,-1,-1,-1
1201,1,523.0,452.0,316.0,531.0,1,-1,-1,-1
1202,1,523.0,452.0,305.0,528.0,1,-1,-1,-1
1203,1,529.0,448.0,295.0,529.0,1,-1,-1,-1
1204,1,534.0,449.0,292.0,530.0,1,-1,-1,-1
1205,1,538.0,441.0,293.0,537.0,1,-1,-1,-1
1206,1,540.0,433.0,304.0,546.0,1,-1,-1,-1
1207,1,534.0,431.0,306.0,546.0,1,-1,-1,-1
1208,1,534.0,430.0,306.0,544.0,1,-1,-1,-1
1209,1,532.0,429.0,308.0,542.0,1,-1,-1,-1
1210,1,531.0,430.0,307.0,542.0,1,-1,-1,-1
1211,1,532.0,430.0,299.0,544.0,1,-1,-1,-1
1212,1,530.0,437.0,299.0,538.0,1,-1,-1,-1
1213,1,530.0,441.0,296.0,534.0,1,-1,-1,-1
1214,1,527.0,447.0,294.0,525.0,1,-1,-1,-1
1215,1,526.0,454.0,291.0,517.0,1,-1,-1,-1
1216,1,521.0,455.0,298.0,517.0,1,-1,-1,-1
1217,1,515.0,450.0,302.0,527.0,1,-1,-1,-1
1218,1,511.0,450.0,305.0,527.0,1,-1,-1,-1
1219,1,507.0,452.0,308.0,523.0,1,-1,-1,-1
1220,1,502.0,452.0,310.0,522.0,1,-1,-1,-1
1221,1,499.0,452.0,310.0,521.0,1,-1,-1,-1
1222,1,496.0,448.0,315.0,524.0,1,-1,-1,-1
1223,1,499.0,445.0,301.0,523.0,1,-1,-1,-1
1224,1,495.0,440.0,296.0,528.0,1,-1,-1,-1
1225,1,490.0,435.0,297.0,534.0,1,-1,-1,-1
1226,1,482.0,434.0,291.0,534.0,1,-1,-1,-1
1227,1,475.0,432.0,289.0,542.0,1,-1,-1,-1
1228,1,469.0,427.0,287.0,547.0,1,-1,-1,-1
1229,1,465.0,423.0,286.0,550.0,1,-1,-1,-1
1230,1,464.0,417.0,285.0,557.0,1,-1,-1,-1
1231,1,467.0,409.0,283.0,566.0,1,-1,-1,-1
1232,1,465.0,405.0,287.0,566.0,1,-1,-1,-1
1233,1,481.0,403.0,273.0,567.0,1,-1,-1,-1
1234,1,486.0,404.0,273.0,564.0,1,-1,-1,-1
1235,1,491.0,406.0,271.0,567.0,1,-1,-1,-1
1236,1,495.0,397.0,270.0,577.0,1,-1,-1,-1
1237,1,497.0,384.0,277.0,588.0,1,-1,-1,-1
1238,1,497.0,393.0,281.0,578.0,1,-1,-1,-1
1239,1,493.0,390.0,291.0,584.0,1,-1,-1,-1
1240,1,484.0,395.0,300.0,581.0,1,-1,-1,-1
1241,1,451.0,398.0,334.0,580.0,1,-1,-1,-1
1242,1,427.0,398.0,356.0,588.0,1,-1,-1,-1
1243,1,422.0,409.0,360.0,583.0,1,-1,-1,-1
1244,1,408.0,403.0,372.0,590.0,1,-1,-1,-1
1245,1,398.0,407.0,381.0,591.0,1,-1,-1,-1
1246,1,402.0,413.0,370.0,582.0,1,-1,-1,-1
1247,1,406.0,414.0,376.0,586.0,1,-1,-1,-1
1248,1,420.0,409.0,374.0,583.0,1,-1,-1,-1
1249,1,423.0,409.0,368.0,585.0,1,-1,-1,-1
1250,1,427.0,411.0,367.0,584.0,1,-1,-1,-1
1251,1,430.0,413.0,364.0,580.0,1,-1,-1,-1
1252,1,442.0,414.0,353.0,578.0,1,-1,-1,-1
1253,1,454.0,418.0,349.0,570.0,1,-1,-1,-1
1254,1,464.0,424.0,319.0,557.0,1,-1,-1,-1
1255,1,475.0,422.0,343.0,552.0,1,-1,-1,-1
1256,1,490.0,418.0,255.0,557.0,1,-1,-1,-1
1257,1,501.0,392.0,328.0,572.0,1,-1,-1,-1
1258,1,508.0,392.0,332.0,564.0,1,-1,-1,-1
1259,1,538.0,395.0,293.0,530.0,1,-1,-1,-1
1260,1,524.0,377.0,308.0,554.0,1,-1,-1,-1
1261,1,527.0,363.0,279.0,582.0,1,-1,-1,-1
1262,1,529.0,348.0,260.0,601.0,1,-1,-1,-1
1263,1,546.0,351.0,266.0,575.0,1,-1,-1,-1
1264,1,533.0,336.0,227.0,612.0,1,-1,-1,-1
1265,1,533.0,327.0,242.0,615.0,1,-1,-1,-1
1266,1,546.0,332.0,267.0,595.0,1,-1,-1,-1
1267,1,544.0,328.0,276.0,593.0,1,-1,-1,-1
1268,1,544.0,319.0,282.0,608.0,1,-1,-1,-1
1269,1,550.0,324.0,265.0,595.0,1,-1,-1,-1
1270,1,554.0,320.0,268.0,593.0,1,-1,-1,-1
1271,1,565.0,324.0,258.0,584.0,1,-1,-1,-1
1272,1,563.0,324.0,270.0,588.0,1,-1,-1,-1
1273,1,558.0,325.0,291.0,591.0,1,-1,-1,-1
1274,1,550.0,322.0,301.0,608.0,1,-1,-1,-1
1275,1,549.0,329.0,300.0,615.0,1,-1,-1,-1
1276,1,546.0,336.0,290.0,612.0,1,-1,-1,-1
1277,1,541.0,340.0,278.0,612.0,1,-1,-1,-1
1278,1,534.0,349.0,271.0,600.0,1,-1,-1,-1
1279,1,531.0,354.0,266.0,602.0,1,-1,-1,-1
1280,1,525.0,367.0,263.0,595.0,1,-1,-1,-1
1281,1,526.0,380.0,269.0,585.0,1,-1,-1,-1
1282,1,518.0,382.0,278.0,597.0,1,-1,-1,-1
1283,1,520.0,378.0,275.0,611.0,1,-1,-1,-1
1284,1,517.0,385.0,280.0,606.0,1,-1,-1,-1
1285,1,520.0,391.0,271.0,599.0,1,-1,-1,-1
1286,1,522.0,395.0,261.0,598.0,1,-1,-1,-1
1287,1,528.0,396.0,254.0,596.0,1,-1,-1,-1
1288,1,531.0,396.0,252.0,593.0,1,-1,-1,-1
1289,1,529.0,395.0,250.0,593.0,1,-1,-1,-1
1290,1,527.0,394.0,253.0,593.0,1,-1,-1,-1
1291,1,522.0,387.0,247.0,590.0,1,-1,-1,-1
1292,1,519.0,382.0,232.0,596.0,1,-1,-1,-1
1293,1,519.0,376.0,228.0,602.0,1,-1,-1,-1
1294,1,518.0,371.0,223.0,602.0,1,-1,-1,-1
1295,1,519.0,372.0,205.0,595.0,1,-1,-1,-1
1296,1,517.0,361.0,197.0,608.0,1,-1,-1,-1
1297,1,511.0,357.0,192.0,610.0,1,-1,-1,-1
1298,1,502.0,354.0,205.0,615.0,1,-1,-1,-1
1299,1,497.0,352.0,216.0,615.0,1,-1,-1,-1
1300,1,484.0,355.0,235.0,612.0,1,-1,-1,-1
1301,1,479.0,356.0,247.0,619.0,1,-1,-1,-1
1302,1,462.0,346.0,279.0,635.0,1,-1,-1,-1
1303,1,450.0,346.0,298.0,647.0,1,-1,-1,-1
1304,1,450.0,350.0,293.0,657.0,1,-1,-1,-1
1305,1,419.0,360.0,309.0,636.0,1,-1,-1,-1
1306,1,411.0,359.0,307.0,641.0,1,-1,-1,-1
1307,1,402.0,365.0,313.0,634.0,1,-1,-1,-1
1308,1,404.0,363.0,310.0,646.0,1,-1,-1,-1
1309,1,408.0,361.0,313.0,655.0,1,-1,-1,-1
1310,1,401.0,361.0,329.0,656.0,1,-1,-1,-1
1311,1,408.0,359.0,320.0,662.0,1,-1,-1,-1
1312,1,418.0,350.0,292.0,677.0,1,-1,-1,-1
1313,1,419.0,355.0,299.0,673.0,1,-1,-1,-1
1314,1,422.0,352.0,292.0,674.0,1,-1,-1,-1
1315,1,425.0,350.0,295.0,670.0,1,-1,-1,-1
1316,1,428.0,346.0,313.0,671.0,1,-1,-1,-1
1317,1,426.0,349.0,328.0,666.0,1,-1,-1,-1
1318,1,427.0,352.0,325.0,667.0,1,-1,-1,-1
1319,1,424.0,354.0,326.0,670.0,1,-1,-1,-1
1320,1,427.0,355.0,327.0,671.0,1,-1,-1,-1
1321,1,421.0,358.0,333.0,668.0,1,-1,-1,-1
1322,1,422.0,359.0,338.0,668.0,1,-1,-1,-1
1323,1,416.0,362.0,350.0,670.0,1,-1,-1,-1
1324,1,413.0,360.0,356.0,674.0,1,-1,-1,-1
1325,1,415.0,366.0,354.0,667.0,1,-1,-1,-1
1326,1,417.0,364.0,350.0,665.0,1,-1,-1,-1
1327,1,422.0,364.0,346.0,659.0,1,-1,-1,-1
1328,1,429.0,361.0,335.0,658.0,1,-1,-1,-1
1329,1,427.0,359.0,344.0,660.0,1,-1,-1,-1
1330,1,428.0,359.0,337.0,660.0,1,-1,-1,-1
1331,1,433.0,358.0,329.0,661.0,1,-1,-1,-1
1332,1,437.0,356.0,325.0,659.0,1,-1,-1,-1
1333,1,438.0,357.0,323.0,657.0,1,-1,-1,-1
1334,1,442.0,353.0,316.0,656.0,1,-1,-1,-1
1335,1,445.0,351.0,313.0,655.0,1,-1,-1,-1
1336,1,447.0,351.0,314.0,655.0,1,-1,-1,-1
1337,1,444.0,355.0,323.0,647.0,1,-1,-1,-1
1338,1,442.0,359.0,342.0,644.0,1,-1,-1,-1
1339,1,442.0,358.0,342.0,641.0,1,-1,-1,-1
1340,1,429.0,375.0,355.0,625.0,1,-1,-1,-1
1341,1,438.0,360.0,348.0,642.0,1,-1,-1,-1
1342,1,441.0,358.0,348.0,642.0,1,-1,-1,-1
1343,1,447.0,360.0,345.0,642.0,1,-1,-1,-1
1344,1,450.0,358.0,348.0,641.0,1,-1,-1,-1
1345,1,451.0,358.0,347.0,641.0,1,-1,-1,-1
1346,1,459.0,354.0,334.0,648.0,1,-1,-1,-1
1347,1,484.0,355.0,310.0,645.0,1,-1,-1,-1
1348,1,501.0,353.0,292.0,653.0,1,-1,-1,-1
1349,1,514.0,347.0,278.0,653.0,1,-1,-1,-1
1350,1,524.0,334.0,273.0,646.0,1,-1,-1,-1
1351,1,534.0,333.0,262.0,638.0,1,-1,-1,-1
1352,1,539.0,334.0,256.0,632.0,1,-1,-1,-1
1353,1,536.0,343.0,262.0,617.0,1,-1,-1,-1
1354,1,535.0,348.0,264.0,608.0,1,-1,-1,-1
1355,1,526.0,359.0,274.0,598.0,1,-1,-1,-1
1356,1,513.0,361.0,289.0,591.0,1,-1,-1,-1
1357,1,493.0,363.0,310.0,592.0,1,-1,-1,-1
1358,1,480.0,363.0,326.0,592.0,1,-1,-1,-1
1359,1,475.0,365.0,329.0,599.0,1,-1,-1,-1
1360,1,466.0,368.0,338.0,599.0,1,-1,-1,-1
1361,1,452.0,368.0,350.0,602.0,1,-1,-1,-1
1362,1,446.0,367.0,356.0,606.0,1,-1,-1,-1
1363,1,441.0,361.0,362.0,600.0,1,-1,-1,-1
1364,1,441.0,362.0,359.0,597.0,1,-1,-1,-1
1365,1,450.0,362.0,353.0,616.0,1,-1,-1,-1
1366,1,455.0,362.0,352.0,619.0,1,-1,-1,-1
1367,1,466.0,362.0,343.0,624.0,1,-1,-1,-1
1368,1,480.0,364.0,327.0,628.0,1,-1,-1,-1
1369,1,494.0,360.0,318.0,635.0,1,-1,-1,-1
1370,1,508.0,360.0,309.0,637.0,1,-1,-1,-1
1371,1,520.0,366.0,311.0,627.0,1,-1,-1,-1
1372,1,539.0,365.0,297.0,621.0,1,-1,-1,-1
1373,1,536.0,374.0,290.0,614.0,1,-1,-1,-1
1374,1,530.0,372.0,286.0,619.0,1,-1,-1,-1
1375,1,527.0,375.0,287.0,619.0,1,-1,-1,-1
1376,1,524.0,371.0,282.0,611.0,1,-1,-1,-1
1377,1,518.0,362.0,283.0,618.0,1,-1,-1,-1
1378,1,520.0,354.0,274.0,622.0,1,-1,-1,-1
1379,1,512.0,353.0,276.0,635.0,1,-1,-1,-1
1380,1,506.0,349.0,255.0,637.0,1,-1,-1,-1
1381,1,503.0,347.0,236.0,629.0,1,-1,-1,-1
1382,1,501.0,346.0,224.0,634.0,1,-1,-1,-1
1383,1,500.0,343.0,215.0,639.0,1,-1,-1,-1
1384,1,495.0,335.0,211.0,651.0,1,-1,-1,-1
1385,1,486.0,344.0,212.0,651.0,1,-1,-1,-1
1386,1,483.0,338.0,209.0,647.0,1,-1,-1,-1
1387,1,473.0,330.0,218.0,663.0,1,-1,-1,-1
1388,1,458.0,339.0,231.0,649.0,1,-1,-1,-1
1389,1,442.0,349.0,236.0,640.0,1,-1,-1,-1
1390,1,421.0,350.0,257.0,633.0,1,-1,-1,-1
1391,1,403.0,357.0,269.0,629.0,1,-1,-1,-1
1392,1,396.0,359.0,273.0,625.0,1,-1,-1,-1
1393,1,396.0,344.0,274.0,635.0,1,-1,-1,-1
1394,1,397.0,344.0,269.0,636.0,1,-1,-1,-1
1395,1,399.0,347.0,264.0,632.0,1,-1,-1,-1
1396,1,400.0,327.0,259.0,654.0,1,-1,-1,-1
1397,1,398.0,325.0,260.0,661.0,1,-1,-1,-1
1398,1,398.0,328.0,254.0,665.0,1,-1,-1,-1
1399,1,397.0,333.0,249.0,662.0,1,-1,-1,-1
1400,1,397.0,336.0,252.0,663.0,1,-1,-1,-1
1401,1,384.0,340.0,258.0,658.0,1,-1,-1,-1
1402,1,374.0,335.0,260.0,666.0,1,-1,-1,-1
1403,1,363.0,343.0,264.0,661.0,1,-1,-1,-1
1404,1,355.0,341.0,263.0,659.0,1,-1,-1,-1
1405,1,348.0,348.0,267.0,671.0,1,-1,-1,-1
1406,1,348.0,352.0,267.0,655.0,1,-1,-1,-1
1407,1,341.0,357.0,281.0,654.0,1,-1,-1,-1
1408,1,339.0,359.0,288.0,645.0,1,-1,-1,-1
1409,1,346.0,365.0,285.0,644.0,1,-1,-1,-1
1410,1,338.0,360.0,293.0,653.0,1,-1,-1,-1
1411,1,331.0,361.0,299.0,648.0,1,-1,-1,-1
1412,1,323.0,355.0,312.0,667.0,1,-1,-1,-1
1413,1,324.0,348.0,309.0,683.0,1,-1,-1,-1
1414,1,344.0,337.0,283.0,700.0,1,-1,-1,-1
1415,1,331.0,334.0,301.0,698.0,1,-1,-1,-1
1416,1,341.0,329.0,292.0,705.0,1,-1,-1,-1
1417,1,340.0,322.0,301.0,710.0,1,-1,-1,-1
1418,1,337.0,318.0,316.0,715.0,1,-1,-1,-1
1419,1,336.0,316.0,326.0,716.0,1,-1,-1,-1
1420,1,330.0,320.0,342.0,715.0,1,-1,-1,-1
1421,1,329.0,315.0,352.0,719.0,1,-1,-1,-1
1422,1,328.0,315.0,352.0,719.0,1,-1,-1,-1
1423,1,330.0,319.0,352.0,720.0,1,-1,-1,-1
1424,1,332.0,331.0,342.0,704.0,1,-1,-1,-1
1425,1,329.0,338.0,337.0,696.0,1,-1,-1,-1
1426,1,328.0,340.0,325.0,689.0,1,-1,-1,-1
1427,1,321.0,346.0,318.0,681.0,1,-1,-1,-1
1428,1,339.0,334.0,292.0,693.0,1,-1,-1,-1
1429,1,321.0,344.0,316.0,682.0,1,-1,-1,-1
1430,1,321.0,343.0,314.0,680.0,1,-1,-1,-1
1431,1,319.0,342.0,315.0,681.0,1,-1,-1,-1
1432,1,324.0,331.0,288.0,681.0,1,-1,-1,-1
1433,1,323.0,338.0,286.0,673.0,1,-1,-1,-1
1434,1,333.0,337.0,292.0,669.0,1,-1,-1,-1
1435,1,321.0,341.0,292.0,671.0,1,-1,-1,-1
1436,1,320.0,352.0,310.0,659.0,1,-1,-1,-1
1437,1,320.0,348.0,288.0,667.0,1,-1,-1,-1
1438,1,313.0,355.0,293.0,662.0,1,-1,-1,-1
1439,1,308.0,345.0,307.0,686.0,1,-1,-1,-1
1440,1,319.0,364.0,274.0,650.0,1,-1,-1,-1
1441,1,322.0,365.0,293.0,645.0,1,-1,-1,-1
1442,1,323.0,357.0,300.0,653.0,1,-1,-1,-1
1443,1,331.0,364.0,279.0,646.0,1,-1,-1,-1
1444,1,338.0,367.0,263.0,647.0,1,-1,-1,-1
1445,1,344.0,362.0,266.0,652.0,1,-1,-1,-1
1446,1,354.0,360.0,261.0,642.0,1,-1,-1,-1
1447,1,357.0,353.0,285.0,644.0,1,-1,-1,-1
1448,1,362.0,347.0,281.0,644.0,1,-1,-1,-1
1449,1,367.0,346.0,272.0,631.0,1,-1,-1,-1
1450,1,369.0,353.0,255.0,629.0,1,-1,-1,-1
1451,1,381.0,350.0,279.0,636.0,1,-1,-1,-1
1452,1,388.0,354.0,276.0,628.0,1,-1,-1,-1
1453,1,386.0,365.0,275.0,617.0,1,-1,-1,-1
1454,1,383.0,378.0,278.0,602.0,1,-1,-1,-1
1455,1,383.0,379.0,279.0,602.0,1,-1,-1,-1
1456,1,382.0,380.0,277.0,600.0,1,-1,-1,-1
1457,1,381.0,379.0,281.0,600.0,1,-1,-1,-1
1458,1,377.0,378.0,291.0,604.0,1,-1,-1,-1
1459,1,376.0,375.0,295.0,607.0,1,-1,-1,-1
1460,1,374.0,364.0,298.0,621.0,1,-1,-1,-1
1461,1,376.0,362.0,297.0,625.0,1,-1,-1,-1
1462,1,374.0,358.0,293.0,630.0,1,-1,-1,-1
1463,1,370.0,359.0,287.0,623.0,1,-1,-1,-1
1464,1,362.0,359.0,288.0,621.0,1,-1,-1,-1
1465,1,360.0,357.0,281.0,620.0,1,-1,-1,-1
1466,1,358.0,358.0,265.0,626.0,1,-1,-1,-1
1467,1,354.0,373.0,237.0,619.0,1,-1,-1,-1
1468,1,342.0,387.0,258.0,614.0,1,-1,-1,-1
1469,1,330.0,384.0,268.0,626.0,1,-1,-1,-1
1470,1,313.0,369.0,277.0,653.0,1,-1,-1,-1
1471,1,326.0,382.0,274.0,629.0,1,-1,-1,-1
1472,1,325.0,380.0,280.0,633.0,1,-1,-1,-1
1473,1,327.0,386.0,274.0,629.0,1,-1,-1,-1
1474,1,328.0,377.0,278.0,639.0,1,-1,-1,-1
1475,1,305.0,356.0,319.0,665.0,1,-1,-1,-1
1476,1,300.0,353.0,319.0,672.0,1,-1,-1,-1
1477,1,302.0,342.0,326.0,682.0,1,-1,-1,-1
1478,1,294.0,338.0,330.0,690.0,1,-1,-1,-1
1479,1,292.0,331.0,334.0,699.0,1,-1,-1,-1
1480,1,295.0,327.0,336.0,703.0,1,-1,-1,-1
1481,1,292.0,325.0,342.0,708.0,1,-1,-1,-1
1482,1,290.0,320.0,347.0,718.0,1,-1,-1,-1
1483,1,290.0,320.0,347.0,728.0,1,-1,-1,-1
1484,1,287.0,323.0,355.0,722.0,1,-1,-1,-1
1485,1,285.0,325.0,373.0,723.0,1,-1,-1,-1
1486,1,286.0,329.0,360.0,716.0,1,-1,-1,-1
1487,1,289.0,327.0,370.0,715.0,1,-1,-1,-1
1488,1,290.0,332.0,376.0,708.0,1,-1,-1,-1
1489,1,295.0,332.0,367.0,707.0,1,-1,-1,-1
1490,1,291.0,336.0,374.0,706.0,1,-1,-1,-1
1491,1,290.0,338.0,384.0,702.0,1,-1,-1,-1
1492,1,285.0,339.0,402.0,696.0,1,-1,-1,-1
1493,1,283.0,336.0,403.0,693.0,1,-1,-1,-1
1494,1,287.0,335.0,396.0,692.0,1,-1,-1,-1
1495,1,293.0,333.0,399.0,692.0,1,-1,-1,-1
1496,1,299.0,337.0,383.0,680.0,1,-1,-1,-1
1497,1,296.0,345.0,379.0,673.0,1,-1,-1,-1
1498,1,301.0,349.0,366.0,666.0,1,-1,-1,-1
1499,1,295.0,359.0,379.0,658.0,1,-1,-1,-1
1500,1,290.0,372.0,390.0,643.0,1,-1,-1,-1
1501,1,289.0,384.0,401.0,637.0,1,-1,-1,-1
1502,1,292.0,391.0,383.0,624.0,1,-1,-1,-1
1503,1,279.0,398.0,406.0,627.0,1,-1,-1,-1
1504,1,286.0,400.0,410.0,625.0,1,-1,-1,-1
1505,1,293.0,396.0,410.0,624.0,1,-1,-1,-1
1506,1,298.0,387.0,435.0,631.0,1,-1,-1,-1
1507,1,303.0,384.0,450.0,632.0,1,-1,-1,-1
1508,1,308.0,379.0,453.0,635.0,1,-1,-1,-1
1509,1,320.0,373.0,438.0,632.0,1,-1,-1,-1
1510,1,326.0,373.0,434.0,638.0,1,-1,-1,-1
1511,1,344.0,370.0,417.0,639.0,1,-1,-1,-1
1512,1,362.0,370.0,386.0,634.0,1,-1,-1,-1
1513,1,377.0,373.0,355.0,629.0,1,-1,-1,-1
1514,1,400.0,371.0,333.0,629.0,1,-1,-1,-1
1515,1,419.0,368.0,266.0,615.0,1,-1,-1,-1
1516,1,436.0,370.0,247.0,602.0,1,-1,-1,-1
1517,1,453.0,366.0,225.0,612.0,1,-1,-1,-1
1518,1,465.0,365.0,262.0,620.0,1,-1,-1,-1
1519,1,471.0,366.0,256.0,622.0,1,-1,-1,-1
1520,1,472.0,366.0,249.0,623.0,1,-1,-1,-1
1521,1,475.0,366.0,247.0,624.0,1,-1,-1,-1
1522,1,480.0,367.0,243.0,622.0,1,-1,-1,-1
1523,1,483.0,365.0,245.0,619.0,1,-1,-1,-1
1524,1,489.0,366.0,247.0,608.0,1,-1,-1,-1
1525,1,493.0,365.0,250.0,610.0,1,-1,-1,-1
1526,1,499.0,354.0,248.0,622.0,1,-1,-1,-1
1527,1,503.0,357.0,248.0,610.0,1,-1,-1,-1
1528,1,509.0,357.0,247.0,606.0,1,-1,-1,-1
1529,1,511.0,358.0,251.0,604.0,1,-1,-1,-1
1530,1,516.0,358.0,253.0,603.0,1,-1,-1,-1
1531,1,517.0,360.0,257.0,600.0,1,-1,-1,-1
1532,1,519.0,366.0,257.0,587.0,1,-1,-1,-1
1533,1,524.0,372.0,257.0,580.0,1,-1,-1,-1
1534,1,528.0,375.0,254.0,574.0,1,-1,-1,-1
1535,1,532.0,380.0,253.0,569.0,1,-1,-1,-1
1536,1,539.0,380.0,248.0,568.0,1,-1,-1,-1
1537,1,545.0,380.0,243.0,568.0,1,-1,-1,-1
1538,1,549.0,381.0,241.0,569.0,1,-1,-1,-1
1539,1,550.0,382.0,241.0,567.0,1,-1,-1,-1
1540,1,552.0,379.0,235.0,574.0,1,-1,-1,-1
1541,1,554.0,372.0,239.0,581.0,1,-1,-1,-1
1542,1,555.0,368.0,239.0,586.0,1,-1,-1,-1
1543,1,557.0,365.0,240.0,584.0,1,-1,-1,-1
1544,1,559.0,361.0,237.0,584.0,1,-1,-1,-1
1545,1,562.0,356.0,237.0,584.0,1,-1,-1,-1
1546,1,564.0,353.0,235.0,582.0,1,-1,-1,-1
1547,1,567.0,347.0,232.0,586.0,1,-1,-1,-1
1548,1,567.0,345.0,234.0,592.0,1,-1,-1,-1
1549,1,568.0,345.0,230.0,590.0,1,-1,-1,-1
1550,1,566.0,346.0,233.0,590.0,1,-1,-1,-1
1551,1,567.0,349.0,232.0,585.0,1,-1,-1,-1
1552,1,564.0,351.0,236.0,580.0,1,-1,-1,-1
1553,1,560.0,353.0,244.0,581.0,1,-1,-1,-1
1554,1,562.0,353.0,247.0,580.0,1,-1,-1,-1
1555,1,563.0,358.0,244.0,578.0,1,-1,-1,-1
1556,1,563.0,358.0,243.0,580.0,1,-1,-1,-1
1557,1,563.0,357.0,239.0,579.0,1,-1,-1,-1
1558,1,562.0,357.0,238.0,581.0,1,-1,-1,-1
1559,1,564.0,356.0,233.0,581.0,1,-1,-1,-1
1560,1,564.0,354.0,231.0,581.0,1,-1,-1,-1
1561,1,564.0,353.0,226.0,583.0,1,-1,-1,-1
1562,1,566.0,352.0,219.0,587.0,1,-1,-1,-1
1563,1,562.0,354.0,221.0,587.0,1,-1,-1,-1
1564,1,560.0,356.0,221.0,586.0,1,-1,-1,-1
1565,1,556.0,357.0,228.0,593.0,1,-1,-1,-1
1566,1,555.0,359.0,230.0,596.0,1,-1,-1,-1
1567,1,548.0,361.0,235.0,599.0,1,-1,-1,-1
1568,1,541.0,363.0,244.0,600.0,1,-1,-1,-1
1569,1,542.0,366.0,242.0,598.0,1,-1,-1,-1
1570,1,546.0,368.0,236.0,596.0,1,-1,-1,-1
1571,1,550.0,366.0,230.0,594.0,1,-1,-1,-1
1572,1,551.0,365.0,231.0,596.0,1,-1,-1,-1
1573,1,558.0,361.0,224.0,599.0,1,-1,-1,-1
1574,1,555.0,358.0,228.0,602.0,1,-1,-1,-1
1575,1,554.0,352.0,229.0,608.0,1,-1,-1,-1
1576,1,558.0,346.0,225.0,615.0,1,-1,-1,-1
1577,1,554.0,342.0,231.0,620.0,1,-1,-1,-1
1578,1,550.0,341.0,235.0,624.0,1,-1,-1,-1
1579,1,546.0,346.0,243.0,618.0,1,-1,-1,-1
1580,1,542.0,349.0,251.0,615.0,1,-1,-1,-1
1581,1,538.0,351.0,255.0,610.0,1,-1,-1,-1
1582,1,534.0,353.0,265.0,621.0,1,-1,-1,-1
1583,1,528.0,356.0,272.0,617.0,1,-1,-1,-1
1584,1,525.0,361.0,275.0,615.0,1,-1,-1,-1
1585,1,522.0,363.0,282.0,608.0,1,-1,-1,-1
1586,1,515.0,372.0,288.0,599.0,1,-1,-1,-1
1587,1,510.0,359.0,288.0,627.0,1,-1,-1,-1
1588,1,508.0,358.0,294.0,630.0,1,-1,-1,-1
1589,1,511.0,357.0,294.0,631.0,1,-1,-1,-1
1590,1,518.0,363.0,292.0,613.0,1,-1,-1,-1
1591,1,522.0,360.0,288.0,613.0,1,-1,-1,-1
1592,1,527.0,357.0,284.0,615.0,1,-1,-1,-1
1593,1,531.0,354.0,279.0,618.0,1,-1,-1,-1
1594,1,536.0,354.0,275.0,619.0,1,-1,-1,-1
1595,1,543.0,352.0,267.0,615.0,1,-1,-1,-1
1596,1,549.0,357.0,257.0,608.0,1,-1,-1,-1
1597,1,547.0,358.0,261.0,607.0,1,-1,-1,-1
1598,1,551.0,362.0,250.0,599.0,1,-1,-1,-1
1599,1,551.0,364.0,251.0,597.0,1,-1,-1,-1
1600,1,546.0,369.0,248.0,592.0,1,-1,-1,-1
1601,1,546.0,374.0,244.0,587.0,1,-1,-1,-1
1602,1,550.0,377.0,239.0,583.0,1,-1,-1,-1
1603,1,550.0,379.0,239.0,581.0,1,-1,-1,-1
1604,1,550.0,377.0,239.0,583.0,1,-1,-1,-1
1605,1,548.0,377.0,239.0,585.0,1,-1,-1,-1
1606,1,547.0,372.0,236.0,594.0,1,-1,-1,-1
1607,1,551.0,366.0,233.0,593.0,1,-1,-1,-1
1608,1,552.0,363.0,232.0,595.0,1,-1,-1,-1
1609,1,555.0,359.0,230.0,596.0,1,-1,-1,-1
1610,1,560.0,357.0,222.0,603.0,1,-1,-1,-1
1611,1,565.0,355.0,216.0,605.0,1,-1,-1,-1
1612,1,570.0,352.0,215.0,608.0,1,-1,-1,-1
1613,1,578.0,343.0,209.0,609.0,1,-1,-1,-1
1614,1,578.0,351.0,211.0,597.0,1,-1,-1,-1
1615,1,577.0,356.0,215.0,583.0,1,-1,-1,-1
1616,1,573.0,362.0,220.0,568.0,1,-1,-1,-1
1617,1,571.0,367.0,222.0,554.0,1,-1,-1,-1
1618,1,571.0,369.0,223.0,555.0,1,-1,-1,-1
1619,1,569.0,369.0,227.0,554.0,1,-1,-1,-1
1620,1,561.0,371.0,233.0,554.0,1,-1,-1,-1
1621,1,558.0,371.0,234.0,557.0,1,-1,-1,-1
1622,1,553.0,371.0,238.0,555.0,1,-1,-1,-1
1623,1,547.0,372.0,242.0,553.0,1,-1,-1,-1
1624,1,542.0,369.0,245.0,558.0,1,-1,-1,-1
1625,1,541.0,366.0,246.0,559.0,1,-1,-1,-1
1626,1,541.0,364.0,243.0,560.0,1,-1,-1,-1
1627,1,541.0,361.0,245.0,568.0,1,-1,-1,-1
1628,1,540.0,362.0,244.0,569.0,1,-1,-1,-1
1629,1,541.0,364.0,241.0,573.0,1,-1,-1,-1
1630,1,537.0,368.0,241.0,579.0,1,-1,-1,-1
1631,1,534.0,365.0,244.0,587.0,1,-1,-1,-1
1632,1,533.0,369.0,246.0,587.0,1,-1,-1,-1
1633,1,534.0,369.0,248.0,585.0,1,-1,-1,-1
1634,1,539.0,374.0,248.0,580.0,1,-1,-1,-1
1635,1,540.0,372.0,249.0,582.0,1,-1,-1,-1
1636,1,539.0,365.0,255.0,588.0,1,-1,-1,-1
1637,1,537.0,366.0,259.0,587.0,1,-1,-1,-1
1638,1,533.0,361.0,264.0,591.0,1,-1,-1,-1
1639,1,531.0,356.0,268.0,596.0,1,-1,-1,-1
1640,1,528.0,354.0,270.0,598.0,1,-1,-1,-1
1641,1,523.0,351.0,271.0,601.0,1,-1,-1,-1
1642,1,519.0,348.0,277.0,606.0,1,-1,-1,-1
1643,1,515.0,346.0,279.0,608.0,1,-1,-1,-1
1644,1,511.0,349.0,280.0,607.0,1,-1,-1,-1
1645,1,505.0,350.0,284.0,606.0,1,-1,-1,-1
1646,1,488.0,351.0,299.0,611.0,1,-1,-1,-1
1647,1,480.0,355.0,308.0,610.0,1,-1,-1,-1
1648,1,469.0,360.0,319.0,599.0,1,-1,-1,-1
1649,1,460.0,363.0,325.0,600.0,1,-1,-1,-1
1650,1,449.0,367.0,336.0,594.0,1,-1,-1,-1
1651,1,432.0,370.0,355.0,589.0,1,-1,-1,-1
1652,1,419.0,367.0,372.0,594.0,1,-1,-1,-1
1653,1,405.0,366.0,381.0,592.0,1,-1,-1,-1
1654,1,404.0,362.0,383.0,596.0,1,-1,-1,-1
1655,1,400.0,357.0,379.0,600.0,1,-1,-1,-1
1656,1,401.0,356.0,374.0,601.0,1,-1,-1,-1
1657,1,405.0,350.0,370.0,610.0,1,-1,-1,-1
1658,1,427.0,346.0,348.0,613.0,1,-1,-1,-1
1659,1,426.0,348.0,347.0,614.0,1,-1,-1,-1
1660,1,446.0,341.0,328.0,613.0,1,-1,-1,-1
1661,1,461.0,341.0,312.0,618.0,1,-1,-1,-1
1662,1,472.0,338.0,298.0,622.0,1,-1,-1,-1
1663,1,487.0,339.0,281.0,620.0,1,-1,-1,-1
1664,1,494.0,344.0,284.0,613.0,1,-1,-1,-1
1665,1,492.0,352.0,285.0,600.0,1,-1,-1,-1
1666,1,484.0,355.0,330.0,592.0,1,-1,-1,-1
1667,1,480.0,360.0,341.0,584.0,1,-1,-1,-1
1668,1,471.0,367.0,356.0,578.0,1,-1,-1,-1
1669,1,471.0,369.0,367.0,576.0,1,-1,-1,-1
1670,1,470.0,359.0,370.0,585.0,1,-1,-1,-1
1671,1,475.0,354.0,369.0,589.0,1,-1,-1,-1
1672,1,478.0,360.0,362.0,580.0,1,-1,-1,-1
1673,1,480.0,355.0,363.0,587.0,1,-1,-1,-1
1674,1,482.0,353.0,354.0,585.0,1,-1,-1,-1
1675,1,486.0,353.0,345.0,588.0,1,-1,-1,-1
1676,1,490.0,346.0,327.0,594.0,1,-1,-1,-1
1677,1,491.0,340.0,313.0,598.0,1,-1,-1,-1
1678,1,493.0,338.0,293.0,607.0,1,-1,-1,-1
1679,1,496.0,346.0,285.0,600.0,1,-1,-1,-1
1680,1,503.0,348.0,272.0,595.0,1,-1,-1,-1
1681,1,506.0,355.0,264.0,595.0,1,-1,-1,-1
1682,1,493.0,361.0,286.0,588.0,1,-1,-1,-1
1683,1,490.0,368.0,320.0,584.0,1,-1,-1,-1
1684,1,497.0,373.0,322.0,580.0,1,-1,-1,-1
1685,1,500.0,370.0,319.0,578.0,1,-1,-1,-1
1686,1,496.0,376.0,325.0,571.0,1,-1,-1,-1
1687,1,491.0,376.0,342.0,573.0,1,-1,-1,-1
1688,1,489.0,376.0,343.0,572.0,1,-1,-1,-1
1689,1,491.0,372.0,332.0,573.0,1,-1,-1,-1
1690,1,489.0,369.0,330.0,580.0,1,-1,-1,-1
1691,1,493.0,367.0,324.0,577.0,1,-1,-1,-1
1692,1,490.0,365.0,323.0,581.0,1,-1,-1,-1
1693,1,493.0,364.0,319.0,578.0,1,-1,-1,-1
1694,1,488.0,360.0,312.0,585.0,1,-1,-1,-1
1695,1,493.0,362.0,294.0,579.0,1,-1,-1,-1
1696,1,493.0,361.0,274.0,579.0,1,-1,-1,-1
1697,1,491.0,360.0,264.0,582.0,1,-1,-1,-1
1698,1,491.0,358.0,257.0,589.0,1,-1,-1,-1
1699,1,490.0,359.0,253.0,589.0,1,-1,-1,-1
1700,1,491.0,362.0,252.0,586.0,1,-1,-1,-1
1701,1,490.0,368.0,249.0,583.0,1,-1,-1,-1
1702,1,491.0,374.0,250.0,577.0,1,-1,-1,-1
1703,1,492.0,375.0,252.0,574.0,1,-1,-1,-1
1704,1,491.0,373.0,257.0,576.0,1,-1,-1,-1
1705,1,490.0,375.0,261.0,572.0,1,-1,-1,-1
1706,1,491.0,372.0,265.0,577.0,1,-1,-1,-1
1707,1,490.0,372.0,268.0,577.0,1,-1,-1,-1
1708,1,492.0,373.0,272.0,570.0,1,-1,-1,-1
1709,1,494.0,372.0,274.0,566.0,1,-1,-1,-1
1710,1,494.0,383.0,277.0,542.0,1,-1,-1,-1
1711,1,493.0,381.0,283.0,547.0,1,-1,-1,-1
1712,1,495.0,388.0,281.0,536.0,1,-1,-1,-1
1713,1,489.0,388.0,287.0,541.0,1,-1,-1,-1
1714,1,490.0,395.0,286.0,533.0,1,-1,-1,-1
1715,1,492.0,394.0,287.0,536.0,1,-1,-1,-1
1716,1,501.0,399.0,274.0,527.0,1,-1,-1,-1
1717,1,501.0,406.0,276.0,519.0,1,-1,-1,-1
1718,1,500.0,406.0,276.0,523.0,1,-1,-1,-1
1719,1,500.0,405.0,274.0,524.0,1,-1,-1,-1
1720,1,496.0,399.0,279.0,525.0,1,-1,-1,-1
1721,1,495.0,394.0,280.0,531.0,1,-1,-1,-1
1722,1,493.0,391.0,280.0,535.0,1,-1,-1,-1
1723,1,489.0,386.0,278.0,535.0,1,-1,-1,-1
1724,1,484.0,379.0,280.0,543.0,1,-1,-1,-1
1725,1,481.0,378.0,278.0,547.0,1,-1,-1,-1
1726,1,478.0,373.0,276.0,556.0,1,-1,-1,-1
1727,1,473.0,374.0,278.0,561.0,1,-1,-1,-1
1728,1,469.0,375.0,279.0,569.0,1,-1,-1,-1
1729,1,460.0,373.0,290.0,585.0,1,-1,-1,-1
1730,1,460.0,378.0,289.0,584.0,1,-1,-1,-1
1731,1,455.0,382.0,292.0,580.0,1,-1,-1,-1
1732,1,444.0,383.0,296.0,581.0,1,-1,-1,-1
1733,1,437.0,383.0,301.0,583.0,1,-1,-1,-1
1734,1,436.0,383.0,301.0,584.0,1,-1,-1,-1
1735,1,440.0,379.0,292.0,587.0,1,-1,-1,-1
1736,1,437.0,379.0,294.0,587.0,1,-1,-1,-1
1737,1,435.0,376.0,295.0,588.0,1,-1,-1,-1
1738,1,438.0,372.0,293.0,592.0,1,-1,-1,-1
1739,1,426.0,366.0,302.0,601.0,1,-1,-1,-1
1740,1,426.0,363.0,297.0,597.0,1,-1,-1,-1
1741,1,425.0,355.0,296.0,607.0,1,-1,-1,-1
1742,1,423.0,355.0,299.0,609.0,1,-1,-1,-1
1743,1,421.0,354.0,302.0,617.0,1,-1,-1,-1
1744,1,421.0,356.0,302.0,610.0,1,-1,-1,-1
1745,1,428.0,359.0,295.0,609.0,1,-1,-1,-1
1746,1,428.0,364.0,297.0,616.0,1,-1,-1,-1
1747,1,426.0,367.0,303.0,618.0,1,-1,-1,-1
1748,1,427.0,368.0,304.0,615.0,1,-1,-1,-1
1749,1,428.0,373.0,296.0,608.0,1,-1,-1,-1
1750,1,430.0,378.0,293.0,599.0,1,-1,-1,-1
1751,1,428.0,377.0,295.0,601.0,1,-1,-1,-1
1752,1,429.0,376.0,290.0,602.0,1,-1,-1,-1
1753,1,422.0,371.0,314.0,612.0,1,-1,-1,-1
1754,1,421.0,371.0,312.0,610.0,1,-1,-1,-1
1755,1,423.0,368.0,310.0,602.0,1,-1,-1,-1
1756,1,424.0,367.0,309.0,600.0,1,-1,-1,-1
1757,1,422.0,366.0,309.0,599.0,1,-1,-1,-1
1758,1,423.0,366.0,306.0,597.0,1,-1,-1,-1
1759,1,425.0,368.0,304.0,599.0,1,-1,-1,-1
1760,1,424.0,369.0,309.0,601.0,1,-1,-1,-1
1761,1,428.0,374.0,303.0,593.0,1,-1,-1,-1
1762,1,427.0,375.0,305.0,594.0,1,-1,-1,-1
1763,1,423.0,380.0,310.0,587.0,1,-1,-1,-1
1764,1,421.0,381.0,312.0,584.0,1,-1,-1,-1
1765,1,419.0,380.0,318.0,585.0,1,-1,-1,-1
1766,1,421.0,377.0,319.0,590.0,1,-1,-1,-1
1767,1,420.0,374.0,321.0,594.0,1,-1,-1,-1
1768,1,422.0,373.0,319.0,596.0,1,-1,-1,-1
1769,1,422.0,376.0,326.0,587.0,1,-1,-1,-1
1770,1,418.0,366.0,332.0,600.0,1,-1,-1,-1
1771,1,418.0,366.0,333.0,602.0,1,-1,-1,-1
1772,1,414.0,370.0,338.0,600.0,1,-1,-1,-1
1773,1,413.0,375.0,341.0,594.0,1,-1,-1,-1
1774,1,408.0,376.0,349.0,587.0,1,-1,-1,-1
1775,1,402.0,384.0,355.0,573.0,1,-1,-1,-1
1776,1,395.0,388.0,357.0,570.0,1,-1,-1,-1
1777,1,380.0,395.0,371.0,570.0,1,-1,-1,-1
1778,1,377.0,404.0,379.0,551.0,1,-1,-1,-1
1779,1,361.0,391.0,391.0,571.0,1,-1,-1,-1
1780,1,359.0,399.0,394.0,556.0,1,-1,-1,-1
1781,1,354.0,401.0,393.0,550.0,1,-1,-1,-1
1782,1,349.0,400.0,396.0,549.0,1,-1,-1,-1
1783,1,349.0,399.0,394.0,547.0,1,-1,-1,-1
1784,1,352.0,396.0,388.0,548.0,1,-1,-1,-1
1785,1,354.0,377.0,378.0,564.0,1,-1,-1,-1
1786,1,365.0,371.0,373.0,572.0,1,-1,-1,-1
1787,1,372.0,365.0,367.0,578.0,1,-1,-1,-1
1788,1,382.0,362.0,358.0,576.0,1,-1,-1,-1
1789,1,394.0,357.0,340.0,584.0,1,-1,-1,-1
1790,1,405.0,345.0,327.0,598.0,1,-1,-1,-1
1791,1,419.0,336.0,309.0,610.0,1,-1,-1,-1
1792,1,435.0,333.0,290.0,614.0,1,-1,-1,-1
1793,1,448.0,328.0,291.0,618.0,1,-1,-1,-1
1794,1,460.0,334.0,286.0,614.0,1,-1,-1,-1
1795,1,470.0,334.0,287.0,614.0,1,-1,-1,-1
1796,1,479.0,331.0,273.0,619.0,1,-1,-1,-1
1797,1,492.0,334.0,264.0,619.0,1,-1,-1,-1
1798,1,496.0,339.0,261.0,606.0,1,-1,-1,-1
1799,1,498.0,348.0,260.0,596.0,1,-1,-1,-1
1800,1,496.0,348.0,266.0,604.0,1,-1,-1,-1
1801,1,494.0,357.0,285.0,590.0,1,-1,-1,-1
1802,1,496.0,359.0,281.0,574.0,1,-1,-1,-1
1803,1,500.0,362.0,282.0,559.0,1,-1,-1,-1
1804,1,503.0,360.0,278.0,552.0,1,-1,-1,-1
1805,1,504.0,358.0,256.0,557.0,1,-1,-1,-1
1806,1,503.0,352.0,242.0,572.0,1,-1,-1,-1
1807,1,502.0,350.0,237.0,570.0,1,-1,-1,-1
1808,1,499.0,346.0,234.0,578.0,1,-1,-1,-1
1809,1,497.0,339.0,230.0,600.0,1,-1,-1,-1
1810,1,493.0,335.0,237.0,609.0,1,-1,-1,-1
1811,1,486.0,339.0,244.0,594.0,1,-1,-1,-1
1812,1,481.0,345.0,243.0,591.0,1,-1,-1,-1
1813,1,474.0,354.0,251.0,576.0,1,-1,-1,-1
1814,1,471.0,359.0,256.0,565.0,1,-1,-1,-1
1815,1,470.0,362.0,254.0,563.0,1,-1,-1,-1
1816,1,461.0,366.0,271.0,556.0,1,-1,-1,-1
1817,1,455.0,372.0,282.0,557.0,1,-1,-1,-1
1818,1,452.0,372.0,284.0,559.0,1,-1,-1,-1
1819,1,455.0,373.0,283.0,557.0,1,-1,-1,-1
1820,1,462.0,366.0,273.0,563.0,1,-1,-1,-1
1821,1,462.0,362.0,275.0,564.0,1,-1,-1,-1
1822,1,463.0,361.0,273.0,563.0,1,-1,-1,-1
1823,1,468.0,355.0,259.0,570.0,1,-1,-1,-1
1824,1,475.0,352.0,246.0,577.0,1,-1,-1,-1
1825,1,474.0,343.0,249.0,586.0,1,-1,-1,-1
1826,1,476.0,343.0,254.0,585.0,1,-1,-1,-1
1827,1,474.0,335.0,266.0,598.0,1,-1,-1,-1
1828,1,476.0,343.0,260.0,603.0,1,-1,-1,-1
1829,1,476.0,346.0,261.0,609.0,1,-1,-1,-1
1830,1,489.0,345.0,232.0,617.0,1,-1,-1,-1
1831,1,484.0,345.0,265.0,642.0,1,-1,-1,-1
1832,1,467.0,348.0,275.0,640.0,1,-1,-1,-1
1833,1,462.0,348.0,279.0,642.0,1,-1,-1,-1
1834,1,455.0,349.0,295.0,638.0,1,-1,-1,-1
1835,1,439.0,350.0,335.0,637.0,1,-1,-1,-1
1836,1,427.0,351.0,356.0,637.0,1,-1,-1,-1
1837,1,423.0,352.0,365.0,636.0,1,-1,-1,-1
1838,1,431.0,358.0,362.0,630.0,1,-1,-1,-1
1839,1,442.0,359.0,357.0,629.0,1,-1,-1,-1
1840,1,458.0,360.0,343.0,630.0,1,-1,-1,-1
1841,1,470.0,368.0,332.0,619.0,1,-1,-1,-1
1842,1,476.0,371.0,323.0,615.0,1,-1,-1,-1
1843,1,478.0,372.0,319.0,614.0,1,-1,-1,-1
1844,1,478.0,372.0,317.0,613.0,1,-1,-1,-1
1845,1,476.0,375.0,304.0,613.0,1,-1,-1,-1
1846,1,469.0,379.0,288.0,609.0,1,-1,-1,-1
1847,1,459.0,387.0,285.0,601.0,1,-1,-1,-1
1848,1,454.0,394.0,288.0,592.0,1,-1,-1,-1
1849,1,448.0,395.0,295.0,592.0,1,-1,-1,-1
1850,1,446.0,399.0,300.0,590.0,1,-1,-1,-1
1851,1,442.0,399.0,307.0,593.0,1,-1,-1,-1
1852,1,438.0,397.0,317.0,591.0,1,-1,-1,-1
1853,1,432.0,402.0,324.0,587.0,1,-1,-1,-1
1854,1,433.0,400.0,328.0,590.0,1,-1,-1,-1
1855,1,431.0,404.0,336.0,586.0,1,-1,-1,-1
1856,1,429.0,409.0,343.0,580.0,1,-1,-1,-1
1857,1,431.0,410.0,342.0,582.0,1,-1,-1,-1
1858,1,431.0,417.0,342.0,575.0,1,-1,-1,-1
1859,1,431.0,426.0,340.0,566.0,1,-1,-1,-1
1860,1,428.0,433.0,347.0,558.0,1,-1,-1,-1
1861,1,422.0,445.0,355.0,547.0,1,-1,-1,-1
1862,1,416.0,449.0,367.0,540.0,1,-1,-1,-1
1863,1,416.0,466.0,374.0,523.0,1,-1,-1,-1
1864,1,421.0,481.0,379.0,502.0,1,-1,-1,-1
1865,1,423.0,470.0,390.0,513.0,1,-1,-1,-1
1866,1,428.0,451.0,394.0,530.0,1,-1,-1,-1
1867,1,433.0,445.0,392.0,533.0,1,-1,-1,-1
1868,1,441.0,431.0,385.0,554.0,1,-1,-1,-1
1869,1,451.0,422.0,369.0,571.0,1,-1,-1,-1
1870,1,460.0,410.0,352.0,581.0,1,-1,-1,-1
1871,1,466.0,393.0,339.0,608.0,1,-1,-1,-1
1872,1,474.0,382.0,320.0,619.0,1,-1,-1,-1
1873,1,487.0,364.0,289.0,639.0,1,-1,-1,-1
1874,1,487.0,365.0,280.0,637.0,1,-1,-1,-1
1875,1,495.0,350.0,267.0,641.0,1,-1,-1,-1
1876,1,498.0,345.0,251.0,648.0,1,-1,-1,-1
1877,1,504.0,337.0,243.0,658.0,1,-1,-1,-1
1878,1,505.0,336.0,253.0,659.0,1,-1,-1,-1
1879,1,509.0,342.0,256.0,652.0,1,-1,-1,-1
1880,1,516.0,326.0,260.0,678.0,1,-1,-1,-1
1881,1,513.0,341.0,265.0,650.0,1,-1,-1,-1
1882,1,515.0,342.0,265.0,646.0,1,-1,-1,-1
1883,1,517.0,337.0,269.0,654.0,1,-1,-1,-1
1884,1,523.0,322.0,260.0,683.0,1,-1,-1,-1
1885,1,525.0,319.0,262.0,684.0,1,-1,-1,-1
1886,1,532.0,312.0,259.0,691.0,1,-1,-1,-1
1887,1,532.0,311.0,263.0,696.0,1,-1,-1,-1
1888,1,534.0,311.0,272.0,696.0,1,-1,-1,-1
1889,1,537.0,312.0,277.0,690.0,1,-1,-1,-1
1890,1,538.0,334.0,291.0,649.0,1,-1,-1,-1
1891,1,534.0,335.0,306.0,648.0,1,-1,-1,-1
1892,1,534.0,344.0,313.0,626.0,1,-1,-1,-1
1893,1,544.0,315.0,311.0,677.0,1,-1,-1,-1
1894,1,545.0,317.0,325.0,673.0,1,-1,-1,-1
1895,1,571.0,321.0,310.0,654.0,1,-1,-1,-1
1896,1,556.0,328.0,333.0,647.0,1,-1,-1,-1
1897,1,547.0,324.0,344.0,651.0,1,-1,-1,-1
1898,1,518.0,324.0,386.0,665.0,1,-1,-1,-1
1899,1,514.0,326.0,390.0,666.0,1,-1,-1,-1
1900,1,519.0,330.0,360.0,665.0,1,-1,-1,-1
1901,1,523.0,333.0,365.0,660.0,1,-1,-1,-1
1902,1,524.0,331.0,374.0,659.0,1,-1,-1,-1
1903,1,526.0,334.0,360.0,658.0,1,-1,-1,-1
1904,1,526.0,337.0,343.0,656.0,1,-1,-1,-1
1905,1,521.0,342.0,345.0,652.0,1,-1,-1,-1
1906,1,522.0,360.0,322.0,635.0,1,-1,-1,-1
1907,1,524.0,361.0,323.0,635.0,1,-1,-1,-1
1908,1,528.0,366.0,317.0,631.0,1,-1,-1,-1
1909,1,527.0,371.0,320.0,625.0,1,-1,-1,-1
1910,1,517.0,391.0,246.0,596.0,1,-1,-1,-1
1911,1,519.0,386.0,259.0,600.0,1,-1,-1,-1
1912,1,523.0,382.0,304.0,608.0,1,-1,-1,-1
1913,1,524.0,389.0,307.0,598.0,1,-1,-1,-1
1914,1,525.0,391.0,308.0,597.0,1,-1,-1,-1
1915,1,527.0,395.0,313.0,592.0,1,-1,-1,-1
1916,1,526.0,400.0,299.0,587.0,1,-1,-1,-1
1917,1,526.0,397.0,311.0,590.0,1,-1,-1,-1
1918,1,526.0,399.0,306.0,597.0,1,-1,-1,-1
1919,1,525.0,409.0,302.0,586.0,1,-1,-1,-1
1920,1,519.0,411.0,307.0,584.0,1,-1,-1,-1
1921,1,517.0,412.0,314.0,584.0,1,-1,-1,-1
1922,1,520.0,417.0,311.0,579.0,1,-1,-1,-1
1923,1,521.0,420.0,312.0,576.0,1,-1,-1,-1
1924,1,519.0,427.0,313.0,566.0,1,-1,-1,-1
1925,1,508.0,438.0,327.0,555.0,1,-1,-1,-1
1926,1,502.0,443.0,339.0,550.0,1,-1,-1,-1
1927,1,509.0,447.0,335.0,545.0,1,-1,-1,-1
1928,1,489.0,449.0,366.0,539.0,1,-1,-1,-1
1929,1,502.0,450.0,357.0,537.0,1,-1,-1,-1
1930,1,499.0,455.0,362.0,533.0,1,-1,-1,-1
1931,1,522.0,456.0,342.0,527.0,1,-1,-1,-1
1932,1,530.0,458.0,335.0,520.0,1,-1,-1,-1
1933,1,523.0,454.0,346.0,523.0,1,-1,-1,-1
1934,1,506.0,453.0,368.0,527.0,1,-1,-1,-1
1935,1,511.0,448.0,366.0,532.0,1,-1,-1,-1
1936,1,510.0,429.0,377.0,551.0,1,-1,-1,-1
1937,1,519.0,419.0,369.0,564.0,1,-1,-1,-1
1938,1,524.0,406.0,357.0,579.0,1,-1,-1,-1
1939,1,526.0,406.0,345.0,578.0,1,-1,-1,-1
1940,1,535.0,399.0,344.0,578.0,1,-1,-1,-1
1941,1,542.0,379.0,341.0,590.0,1,-1,-1,-1
1942,1,547.0,376.0,341.0,591.0,1,-1,-1,-1
1943,1,550.0,364.0,339.0,604.0,1,-1,-1,-1
1944,1,548.0,360.0,338.0,605.0,1,-1,-1,-1
1945,1,550.0,355.0,280.0,617.0,1,-1,-1,-1
1946,1,552.0,370.0,251.0,600.0,1,-1,-1,-1
1947,1,549.0,373.0,230.0,597.0,1,-1,-1,-1
1948,1,549.0,369.0,229.0,601.0,1,-1,-1,-1
1949,1,546.0,357.0,230.0,611.0,1,-1,-1,-1
1950,1,547.0,360.0,230.0,605.0,1,-1,-1,-1
1951,1,543.0,347.0,257.0,629.0,1,-1,-1,-1
1952,1,543.0,351.0,247.0,625.0,1,-1,-1,-1
1953,1,544.0,352.0,256.0,623.0,1,-1,-1,-1
1954,1,541.0,357.0,246.0,629.0,1,-1,-1,-1
1955,1,542.0,368.0,237.0,643.0,1,-1,-1,-1
1956,1,539.0,367.0,241.0,652.0,1,-1,-1,-1
1957,1,533.0,369.0,253.0,653.0,1,-1,-1,-1
1958,1,526.0,370.0,253.0,667.0,1,-1,-1,-1
1959,1,529.0,381.0,259.0,656.0,1,-1,-1,-1
1960,1,533.0,398.0,264.0,652.0,1,-1,-1,-1
1961,1,525.0,394.0,271.0,655.0,1,-1,-1,-1
1962,1,521.0,398.0,270.0,646.0,1,-1,-1,-1
1963,1,520.0,403.0,272.0,649.0,1,-1,-1,-1
1964,1,514.0,404.0,284.0,647.0,1,-1,-1,-1
1965,1,513.0,400.0,283.0,652.0,1,-1,-1,-1
1966,1,514.0,397.0,284.0,658.0,1,-1,-1,-1
1967,1,520.0,392.0,288.0,662.0,1,-1,-1,-1
1968,1,525.0,389.0,290.0,667.0,1,-1,-1,-1
1969,1,528.0,390.0,294.0,661.0,1,-1,-1,-1
1970,1,518.0,364.0,329.0,692.0,1,-1,-1,-1
1971,1,527.0,360.0,328.0,697.0,1,-1,-1,-1
1972,1,530.0,351.0,327.0,701.0,1,-1,-1,-1
1973,1,537.0,348.0,310.0,704.0,1,-1,-1,-1
1974,1,540.0,339.0,313.0,709.0,1,-1,-1,-1
1975,1,553.0,339.0,300.0,699.0,1,-1,-1,-1
1976,1,555.0,332.0,298.0,700.0,1,-1,-1,-1
1977,1,549.0,330.0,306.0,706.0,1,-1,-1,-1
1978,1,543.0,332.0,313.0,707.0,1,-1,-1,-1
1979,1,537.0,331.0,328.0,712.0,1,-1,-1,-1
1980,1,518.0,332.0,350.0,704.0,1,-1,-1,-1
1981,1,514.0,324.0,351.0,719.0,1,-1,-1,-1
1982,1,513.0,330.0,360.0,701.0,1,-1,-1,-1
1983,1,524.0,335.0,358.0,686.0,1,-1,-1,-1
1984,1,534.0,342.0,356.0,678.0,1,-1,-1,-1
1985,1,545.0,348.0,347.0,675.0,1,-1,-1,-1
1986,1,551.0,356.0,345.0,664.0,1,-1,-1,-1
1987,1,547.0,369.0,356.0,664.0,1,-1,-1,-1
1988,1,554.0,385.0,339.0,662.0,1,-1,-1,-1
1989,1,567.0,388.0,336.0,672.0,1,-1,-1,-1
1990,1,579.0,409.0,315.0,640.0,1,-1,-1,-1
1991,1,582.0,402.0,332.0,653.0,1,-1,-1,-1
1992,1,588.0,406.0,323.0,659.0,1,-1,-1,-1
1993,1,594.0,407.0,311.0,648.0,1,-1,-1,-1
1994,1,590.0,412.0,315.0,641.0,1,-1,-1,-1
1995,1,595.0,421.0,320.0,635.0,1,-1,-1,-1
1996,1,591.0,424.0,325.0,629.0,1,-1,-1,-1
1997,1,593.0,435.0,320.0,622.0,1,-1,-1,-1
1998,1,597.0,441.0,323.0,610.0,1,-1,-1,-1
1999,1,594.0,437.0,318.0,619.0,1,-1,-1,-1
2000,1,590.0,428.0,315.0,630.0,1,-1,-1,-1
2001,1,579.0,419.0,358.0,637.0,1,-1,-1,-1
2002,1,581.0,408.0,374.0,650.0,1,-1,-1,-1
2003,1,580.0,390.0,380.0,668.0,1,-1,-1,-1
2004,1,576.0,370.0,367.0,683.0,1,-1,-1,-1
2005,1,557.0,367.0,382.0,683.0,1,-1,-1,-1
2006,1,550.0,362.0,383.0,690.0,1,-1,-1,-1
2007,1,548.0,342.0,377.0,712.0,1,-1,-1,-1
2008,1,548.0,336.0,384.0,705.0,1,-1,-1,-1
2009,1,552.0,319.0,393.0,716.0,1,-1,-1,-1
2010,1,550.0,308.0,392.0,718.0,1,-1,-1,-1
2011,1,551.0,298.0,378.0,721.0,1,-1,-1,-1
2012,1,555.0,296.0,364.0,725.0,1,-1,-1,-1
2013,1,558.0,299.0,359.0,720.0,1,-1,-1,-1
2014,1,571.0,298.0,341.0,714.0,1,-1,-1,-1
2015,1,589.0,303.0,300.0,709.0,1,-1,-1,-1
2016,1,598.0,317.0,287.0,686.0,1,-1,-1,-1
2017,1,583.0,322.0,304.0,683.0,1,-1,-1,-1
2018,1,560.0,329.0,330.0,667.0,1,-1,-1,-1
2019,1,558.0,316.0,322.0,698.0,1,-1,-1,-1
2020,1,549.0,325.0,346.0,693.0,1,-1,-1,-1
2021,1,547.0,322.0,348.0,706.0,1,-1,-1,-1
2022,1,543.0,326.0,345.0,708.0,1,-1,-1,-1
2023,1,549.0,329.0,331.0,703.0,1,-1,-1,-1
2024,1,560.0,341.0,323.0,695.0,1,-1,-1,-1
2025,1,560.0,353.0,356.0,675.0,1,-1,-1,-1
2026,1,579.0,357.0,335.0,669.0,1,-1,-1,-1
2027,1,583.0,367.0,368.0,657.0,1,-1,-1,-1
2028,1,585.0,377.0,385.0,647.0,1,-1,-1,-1
2029,1,603.0,380.0,377.0,648.0,1,-1,-1,-1
2030,1,622.0,365.0,351.0,668.0,1,-1,-1,-1
2031,1,638.0,364.0,325.0,664.0,1,-1,-1,-1
2032,1,644.0,352.0,303.0,667.0,1,-1,-1,-1
2033,1,641.0,340.0,289.0,673.0,1,-1,-1,-1
2034,1,629.0,330.0,295.0,683.0,1,-1,-1,-1
2035,1,623.0,329.0,302.0,687.0,1,-1,-1,-1
2036,1,620.0,331.0,309.0,679.0,1,-1,-1,-1
2037,1,629.0,320.0,296.0,688.0,1,-1,-1,-1
2038,1,642.0,321.0,281.0,689.0,1,-1,-1,-1
2039,1,639.0,328.0,284.0,681.0,1,-1,-1,-1
2040,1,617.0,312.0,283.0,689.0,1,-1,-1,-1
2041,1,587.0,315.0,309.0,684.0,1,-1,-1,-1
2042,1,549.0,318.0,343.0,664.0,1,-1,-1,-1
2043,1,541.0,318.0,351.0,666.0,1,-1,-1,-1
2044,1,522.0,327.0,360.0,649.0,1,-1,-1,-1
2045,1,500.0,306.0,362.0,681.0,1,-1,-1,-1
2046,1,491.0,315.0,377.0,672.0,1,-1,-1,-1
2047,1,472.0,316.0,399.0,674.0,1,-1,-1,-1
2048,1,465.0,322.0,410.0,668.0,1,-1,-1,-1
2049,1,464.0,324.0,428.0,670.0,1,-1,-1,-1
2050,1,458.0,333.0,460.0,669.0,1,-1,-1,-1
2051,1,454.0,340.0,443.0,674.0,1,-1,-1,-1
2052,1,456.0,354.0,460.0,663.0,1,-1,-1,-1
2053,1,466.0,361.0,479.0,663.0,1,-1,-1,-1
2054,1,484.0,363.0,451.0,657.0,1,-1,-1,-1
2055,1,487.0,359.0,422.0,659.0,1,-1,-1,-1
2056,1,504.0,357.0,419.0,659.0,1,-1,-1,-1
2057,1,526.0,361.0,403.0,657.0,1,-1,-1,-1
2058,1,539.0,363.0,364.0,657.0,1,-1,-1,-1
2059,1,566.0,374.0,330.0,635.0,1,-1,-1,-1
2060,1,586.0,372.0,302.0,637.0,1,-1,-1,-1
2061,1,602.0,366.0,280.0,643.0,1,-1,-1,-1
2062,1,607.0,356.0,266.0,654.0,1,-1,-1,-1
2063,1,604.0,359.0,262.0,649.0,1,-1,-1,-1
2064,1,607.0,358.0,257.0,650.0,1,-1,-1,-1
2065,1,609.0,359.0,253.0,648.0,1,-1,-1,-1
2066,1,611.0,356.0,240.0,649.0,1,-1,-1,-1
2067,1,614.0,361.0,232.0,645.0,1,-1,-1,-1
2068,1,611.0,359.0,237.0,644.0,1,-1,-1,-1
2069,1,613.0,350.0,237.0,651.0,1,-1,-1,-1
2070,1,615.0,341.0,237.0,659.0,1,-1,-1,-1
2071,1,617.0,344.0,245.0,654.0,1,-1,-1,-1
2072,1,615.0,342.0,257.0,655.0,1,-1,-1,-1
2073,1,610.0,337.0,273.0,662.0,1,-1,-1,-1
2074,1,608.0,345.0,277.0,655.0,1,-1,-1,-1
2075,1,603.0,353.0,293.0,647.0,1,-1,-1,-1
2076,1,602.0,352.0,290.0,647.0,1,-1,-1,-1
2077,1,600.0,349.0,295.0,650.0,1,-1,-1,-1
2078,1,603.0,334.0,302.0,662.0,1,-1,-1,-1
2079,1,600.0,336.0,304.0,660.0,1,-1,-1,-1
2080,1,597.0,327.0,313.0,670.0,1,-1,-1,-1
2081,1,589.0,337.0,313.0,661.0,1,-1,-1,-1
2082,1,577.0,341.0,316.0,659.0,1,-1,-1,-1
2083,1,575.0,323.0,315.0,687.0,1,-1,-1,-1
2084,1,573.0,327.0,298.0,685.0,1,-1,-1,-1
2085,1,571.0,333.0,293.0,678.0,1,-1,-1,-1
2086,1,569.0,328.0,299.0,683.0,1,-1,-1,-1
2087,1,563.0,329.0,310.0,687.0,1,-1,-1,-1
2088,1,558.0,336.0,319.0,677.0,1,-1,-1,-1
2089,1,554.0,340.0,333.0,670.0,1,-1,-1,-1
2090,1,546.0,339.0,346.0,671.0,1,-1,-1,-1
2091,1,543.0,339.0,369.0,673.0,1,-1,-1,-1
