359,2,560.0,397.0,242.0,543.0,1,-1,-1,-1
360,2,556.0,396.0,250.0,545.0,1,-1,-1,-1
361,2,499.0,346.0,297.0,643.0,1,-1,-1,-1
362,2,579.0,393.0,226.0,535.0,1,-1,-1,-1
363,2,595.0,402.0,227.0,513.0,1,-1,-1,-1
364,2,585.0,398.0,230.0,526.0,1,-1,-1,-1
365,2,591.0,399.0,227.0,507.0,1,-1,-1,-1
366,2,582.0,394.0,232.0,510.0,1,-1,-1,-1
367,2,589.0,393.0,212.0,508.0,1,-1,-1,-1
368,2,599.0,400.0,183.0,502.0,1,-1,-1,-1
369,2,607.0,402.0,168.0,498.0,1,-1,-1,-1
370,2,608.0,405.0,158.0,501.0,1,-1,-1,-1
371,2,601.0,409.0,160.0,508.0,1,-1,-1,-1
372,2,594.0,412.0,159.0,497.0,1,-1,-1,-1
373,2,580.0,424.0,169.0,492.0,1,-1,-1,-1
374,2,524.0,420.0,215.0,534.0,1,-1,-1,-1
375,2,499.0,430.0,241.0,532.0,1,-1,-1,-1
376,2,517.0,438.0,223.0,517.0,1,-1,-1,-1
378,2,531.0,445.0,215.0,503.0,1,-1,-1,-1
379,2,600.0,465.0,162.0,431.0,1,-1,-1,-1
380,2,605.0,464.0,161.0,433.0,1,-1,-1,-1
381,2,628.0,451.0,147.0,438.0,1,-1,-1,-1
384,2,558.0,436.0,218.0,503.0,1,-1,-1,-1
385,2,627.0,447.0,165.0,442.0,1,-1,-1,-1
388,2,573.0,410.0,223.0,529.0,1,-1,-1,-1
389,2,582.0,400.0,226.0,519.0,1,-1,-1,-1
390,2,610.0,395.0,203.0,540.0,1,-1,-1,-1
391,2,660.0,412.0,168.0,505.0,1,-1,-1,-1
392,2,661.0,416.0,180.0,513.0,1,-1,-1,-1
393,2,664.0,414.0,181.0,516.0,1,-1,-1,-1
394,2,677.0,408.0,172.0,516.0,1,-1,-1,-1
395,2,687.0,412.0,170.0,496.0,1,-1,-1,-1
396,2,687.0,409.0,170.0,496.0,1,-1,-1,-1
397,2,686.0,412.0,174.0,485.0,1,-1,-1,-1
398,2,694.0,402.0,172.0,500.0,1,-1,-1,-1
399,2,660.0,393.0,214.0,510.0,1,-1,-1,-1
400,2,653.0,393.0,220.0,521.0,1,-1,-1,-1
401,2,645.0,399.0,239.0,520.0,1,-1,-1,-1
405,2,575.0,427.0,342.0,514.0,1,-1,-1,-1
406,2,695.0,457.0,262.0,484.0,1,-1,-1,-1
407,2,573.0,443.0,357.0,511.0,1,-1,-1,-1
408,2,688.0,457.0,283.0,483.0,1,-1,-1,-1
409,2,662.0,451.0,318.0,493.0,1,-1,-1,-1
410,2,702.0,450.0,282.0,487.0,1,-1,-1,-1
411,2,711.0,441.0,292.0,497.0,1,-1,-1,-1
412,2,723.0,445.0,290.0,490.0,1,-1,-1,-1
413,2,711.0,443.0,300.0,496.0,1,-1,-1,-1
414,2,739.0,441.0,260.0,478.0,1,-1,-1,-1
415,2,744.0,433.0,242.0,483.0,1,-1,-1,-1
416,2,773.0,429.0,210.0,479.0,1,-1,-1,-1
417,2,767.0,426.0,218.0,482.0,1,-1,-1,-1
418,2,776.0,417.0,201.0,498.0,1,-1,-1,-1
419,2,781.0,418.0,197.0,491.0,1,-1,-1,-1
527,2,901.0,453.0,125.0,388.0,1,-1,-1,-1
529,2,913.0,452.0,125.0,380.0,1,-1,-1,-1
530,2,913.0,452.0,130.0,377.0,1,-1,-1,-1
531,2,918.0,444.0,139.0,376.0,1,-1,-1,-1
532,2,919.0,450.0,126.0,358.0,1,-1,-1,-1
533,2,919.0,451.0,127.0,332.0,1,-1,-1,-1
534,2,924.0,455.0,134.0,329.0,1,-1,-1,-1
535,2,930.0,457.0,125.0,355.0,1,-1,-1,-1
536,2,933.0,463.0,122.0,346.0,1,-1,-1,-1
537,2,936.0,459.0,125.0,351.0,1,-1,-1,-1
538,2,938.0,464.0,114.0,347.0,1,-1,-1,-1
539,2,939.0,460.0,118.0,346.0,1,-1,-1,-1
540,2,940.0,460.0,136.0,346.0,1,-1,-1,-1
541,2,945.0,463.0,125.0,337.0,1,-1,-1,-1
542,2,943.0,458.0,120.0,342.0,1,-1,-1,-1
543,2,941.0,460.0,127.0,342.0,1,-1,-1,-1
544,2,941.0,449.0,140.0,352.0,1,-1,-1,-1
545,2,935.0,454.0,164.0,346.0,1,-1,-1,-1
546,2,937.0,450.0,163.0,349.0,1,-1,-1,-1
547,2,937.0,444.0,173.0,348.0,1,-1,-1,-1
548,2,936.0,445.0,177.0,346.0,1,-1,-1,-1
549,2,936.0,442.0,180.0,351.0,1,-1,-1,-1
550,2,931.0,440.0,191.0,350.0,1,-1,-1,-1
551,2,932.0,438.0,194.0,344.0,1,-1,-1,-1
552,2,931.0,436.0,191.0,346.0,1,-1,-1,-1
553,2,928.0,438.0,192.0,344.0,1,-1,-1,-1
554,2,935.0,439.0,185.0,349.0,1,-1,-1,-1
555,2,939.0,442.0,183.0,351.0,1,-1,-1,-1
556,2,941.0,444.0,181.0,348.0,1,-1,-1,-1
557,2,939.0,445.0,183.0,351.0,1,-1,-1,-1
558,2,941.0,447.0,172.0,349.0,1,-1,-1,-1
559,2,945.0,446.0,164.0,351.0,1,-1,-1,-1
560,2,946.0,445.0,163.0,351.0,1,-1,-1,-1
561,2,949.0,447.0,160.0,348.0,1,-1,-1,-1
562,2,953.0,449.0,153.0,343.0,1,-1,-1,-1
563,2,951.0,450.0,152.0,341.0,1,-1,-1,-1
564,2,950.0,449.0,147.0,339.0,1,-1,-1,-1
565,2,936.0,450.0,153.0,339.0,1,-1,-1,-1
566,2,920.0,456.0,168.0,337.0,1,-1,-1,-1
567,2,918.0,458.0,173.0,336.0,1,-1,-1,-1
568,2,912.0,459.0,176.0,336.0,1,-1,-1,-1
569,2,921.0,458.0,158.0,337.0,1,-1,-1,-1
570,2,923.0,460.0,149.0,335.0,1,-1,-1,-1
571,2,929.0,463.0,146.0,329.0,1,-1,-1,-1
572,2,921.0,466.0,154.0,326.0,1,-1,-1,-1
573,2,928.0,470.0,148.0,324.0,1,-1,-1,-1
574,2,926.0,471.0,152.0,323.0,1,-1,-1,-1
575,2,921.0,467.0,165.0,325.0,1,-1,-1,-1
576,2,930.0,465.0,164.0,327.0,1,-1,-1,-1
577,2,923.0,459.0,170.0,337.0,1,-1,-1,-1
578,2,924.0,457.0,170.0,340.0,1,-1,-1,-1
579,2,921.0,456.0,177.0,340.0,1,-1,-1,-1
580,2,922.0,454.0,182.0,339.0,1,-1,-1,-1
581,2,910.0,453.0,200.0,340.0,1,-1,-1,-1
582,2,904.0,455.0,216.0,335.0,1,-1,-1,-1
583,2,905.0,460.0,216.0,331.0,1,-1,-1,-1
584,2,902.0,461.0,222.0,329.0,1,-1,-1,-1
585,2,901.0,462.0,220.0,330.0,1,-1,-1,-1
586,2,904.0,463.0,217.0,337.0,1,-1,-1,-1
587,2,905.0,462.0,217.0,341.0,1,-1,-1,-1
588,2,907.0,459.0,210.0,345.0,1,-1,-1,-1
589,2,910.0,449.0,205.0,354.0,1,-1,-1,-1
590,2,916.0,447.0,195.0,356.0,1,-1,-1,-1
591,2,914.0,444.0,195.0,359.0,1,-1,-1,-1
592,2,919.0,446.0,192.0,355.0,1,-1,-1,-1
593,2,922.0,451.0,192.0,352.0,1,-1,-1,-1
594,2,924.0,453.0,196.0,348.0,1,-1,-1,-1
595,2,922.0,455.0,205.0,343.0,1,-1,-1,-1
596,2,929.0,455.0,200.0,348.0,1,-1,-1,-1
597,2,936.0,456.0,191.0,350.0,1,-1,-1,-1
598,2,940.0,456.0,185.0,352.0,1,-1,-1,-1
599,2,942.0,455.0,178.0,357.0,1,-1,-1,-1
600,2,937.0,460.0,181.0,349.0,1,-1,-1,-1
601,2,933.0,460.0,183.0,347.0,1,-1,-1,-1
602,2,922.0,467.0,179.0,335.0,1,-1,-1,-1
603,2,922.0,469.0,169.0,333.0,1,-1,-1,-1
604,2,925.0,469.0,163.0,333.0,1,-1,-1,-1
605,2,919.0,468.0,167.0,332.0,1,-1,-1,-1
606,2,915.0,466.0,170.0,334.0,1,-1,-1,-1
607,2,917.0,464.0,169.0,336.0,1,-1,-1,-1
608,2,918.0,465.0,167.0,335.0,1,-1,-1,-1
609,2,923.0,464.0,164.0,336.0,1,-1,-1,-1
610,2,926.0,459.0,167.0,340.0,1,-1,-1,-1
611,2,947.0,454.0,158.0,343.0,1,-1,-1,-1
612,2,951.0,453.0,156.0,344.0,1,-1,-1,-1
613,2,934.0,449.0,179.0,346.0,1,-1,-1,-1
614,2,929.0,444.0,198.0,349.0,1,-1,-1,-1
615,2,927.0,440.0,214.0,347.0,1,-1,-1,-1
616,2,931.0,441.0,214.0,346.0,1,-1,-1,-1
617,2,931.0,439.0,214.0,348.0,1,-1,-1,-1
618,2,936.0,437.0,209.0,351.0,1,-1,-1,-1
619,2,933.0,437.0,210.0,351.0,1,-1,-1,-1
620,2,941.0,438.0,197.0,348.0,1,-1,-1,-1
621,2,941.0,441.0,191.0,349.0,1,-1,-1,-1
622,2,942.0,445.0,193.0,351.0,1,-1,-1,-1
623,2,940.0,447.0,196.0,350.0,1,-1,-1,-1
624,2,941.0,449.0,187.0,346.0,1,-1,-1,-1
625,2,940.0,453.0,181.0,343.0,1,-1,-1,-1
626,2,946.0,454.0,166.0,341.0,1,-1,-1,-1
627,2,950.0,456.0,158.0,338.0,1,-1,-1,-1
628,2,954.0,457.0,153.0,335.0,1,-1,-1,-1
629,2,954.0,458.0,149.0,339.0,1,-1,-1,-1
630,2,950.0,459.0,148.0,339.0,1,-1,-1,-1
631,2,948.0,457.0,150.0,338.0,1,-1,-1,-1
632,2,951.0,456.0,153.0,342.0,1,-1,-1,-1
633,2,952.0,458.0,146.0,340.0,1,-1,-1,-1
634,2,951.0,461.0,140.0,341.0,1,-1,-1,-1
635,2,954.0,473.0,128.0,323.0,1,-1,-1,-1
636,2,950.0,480.0,130.0,314.0,1,-1,-1,-1
637,2,949.0,475.0,139.0,319.0,1,-1,-1,-1
638,2,950.0,478.0,139.0,316.0,1,-1,-1,-1
639,2,950.0,482.0,139.0,312.0,1,-1,-1,-1
640,2,949.0,486.0,142.0,308.0,1,-1,-1,-1
641,2,942.0,487.0,153.0,308.0,1,-1,-1,-1
642,2,943.0,501.0,152.0,300.0,1,-1,-1,-1
643,2,932.0,503.0,164.0,298.0,1,-1,-1,-1
644,2,916.0,499.0,180.0,291.0,1,-1,-1,-1
645,2,902.0,496.0,193.0,301.0,1,-1,-1,-1
646,2,895.0,493.0,198.0,305.0,1,-1,-1,-1
647,2,902.0,494.0,189.0,303.0,1,-1,-1,-1
648,2,894.0,488.0,196.0,312.0,1,-1,-1,-1
649,2,891.0,485.0,196.0,318.0,1,-1,-1,-1
650,2,890.0,482.0,197.0,324.0,1,-1,-1,-1
651,2,884.0,469.0,206.0,341.0,1,-1,-1,-1
652,2,879.0,463.0,214.0,351.0,1,-1,-1,-1
653,2,878.0,456.0,211.0,366.0,1,-1,-1,-1
654,2,876.0,457.0,209.0,372.0,1,-1,-1,-1
655,2,877.0,454.0,206.0,379.0,1,-1,-1,-1
656,2,877.0,453.0,204.0,382.0,1,-1,-1,-1
657,2,877.0,452.0,204.0,390.0,1,-1,-1,-1
658,2,878.0,452.0,203.0,393.0,1,-1,-1,-1
659,2,880.0,450.0,197.0,398.0,1,-1,-1,-1
660,2,886.0,449.0,184.0,400.0,1,-1,-1,-1
661,2,890.0,450.0,173.0,405.0,1,-1,-1,-1
662,2,897.0,456.0,154.0,401.0,1,-1,-1,-1
663,2,903.0,456.0,145.0,400.0,1,-1,-1,-1
664,2,917.0,449.0,141.0,410.0,1,-1,-1,-1
665,2,926.0,451.0,144.0,411.0,1,-1,-1,-1
666,2,933.0,453.0,135.0,415.0,1,-1,-1,-1
667,2,933.0,454.0,140.0,396.0,1,-1,-1,-1
668,2,926.0,445.0,133.0,431.0,1,-1,-1,-1
669,2,936.0,447.0,128.0,434.0,1,-1,-1,-1
735,2,910.0,445.0,181.0,437.0,1,-1,-1,-1
741,2,877.0,412.0,225.0,485.0,1,-1,-1,-1
742,2,883.0,400.0,217.0,501.0,1,-1,-1,-1
743,2,897.0,411.0,220.0,483.0,1,-1,-1,-1
744,2,885.0,405.0,240.0,488.0,1,-1,-1,-1
745,2,937.0,420.0,199.0,474.0,1,-1,-1,-1
746,2,939.0,414.0,196.0,486.0,1,-1,-1,-1
747,2,925.0,405.0,218.0,496.0,1,-1,-1,-1
748,2,941.0,416.0,205.0,459.0,1,-1,-1,-1
749,2,942.0,414.0,201.0,440.0,1,-1,-1,-1
750,2,936.0,413.0,204.0,442.0,1,-1,-1,-1
751,2,933.0,412.0,208.0,442.0,1,-1,-1,-1
752,2,932.0,414.0,213.0,443.0,1,-1,-1,-1
753,2,933.0,417.0,219.0,438.0,1,-1,-1,-1
754,2,939.0,410.0,213.0,446.0,1,-1,-1,-1
755,2,946.0,413.0,202.0,445.0,1,-1,-1,-1
756,2,934.0,412.0,213.0,448.0,1,-1,-1,-1
757,2,946.0,414.0,191.0,445.0,1,-1,-1,-1
758,2,957.0,420.0,180.0,436.0,1,-1,-1,-1
759,2,970.0,428.0,167.0,429.0,1,-1,-1,-1
760,2,978.0,435.0,167.0,418.0,1,-1,-1,-1
761,2,981.0,439.0,168.0,424.0,1,-1,-1,-1
762,2,994.0,455.0,153.0,398.0,1,-1,-1,-1
763,2,996.0,464.0,153.0,389.0,1,-1,-1,-1
764,2,1002.0,467.0,144.0,388.0,1,-1,-1,-1
765,2,1001.0,466.0,143.0,387.0,1,-1,-1,-1
766,2,1011.0,474.0,137.0,380.0,1,-1,-1,-1
767,2,1011.0,478.0,137.0,373.0,1,-1,-1,-1
768,2,1012.0,487.0,138.0,373.0,1,-1,-1,-1
769,2,1015.0,491.0,136.0,371.0,1,-1,-1,-1
770,2,1016.0,494.0,138.0,369.0,1,-1,-1,-1
771,2,1016.0,498.0,138.0,364.0,1,-1,-1,-1
772,2,1015.0,500.0,139.0,362.0,1,-1,-1,-1
773,2,1016.0,497.0,137.0,362.0,1,-1,-1,-1
774,2,1017.0,493.0,135.0,363.0,1,-1,-1,-1
775,2,1016.0,491.0,137.0,367.0,1,-1,-1,-1
776,2,1015.0,489.0,137.0,363.0,1,-1,-1,-1
777,2,1014.0,488.0,136.0,369.0,1,-1,-1,-1
778,2,1003.0,494.0,149.0,358.0,1,-1,-1,-1
779,2,998.0,491.0,152.0,364.0,1,-1,-1,-1
780,2,994.0,486.0,153.0,373.0,1,-1,-1,-1
781,2,997.0,471.0,152.0,401.0,1,-1,-1,-1
782,2,996.0,470.0,152.0,395.0,1,-1,-1,-1
783,2,992.0,468.0,158.0,398.0,1,-1,-1,-1
784,2,994.0,472.0,156.0,395.0,1,-1,-1,-1
785,2,993.0,475.0,154.0,386.0,1,-1,-1,-1
786,2,985.0,474.0,158.0,385.0,1,-1,-1,-1
787,2,979.0,477.0,161.0,391.0,1,-1,-1,-1
788,2,976.0,474.0,162.0,396.0,1,-1,-1,-1
789,2,979.0,474.0,158.0,397.0,1,-1,-1,-1
790,2,977.0,472.0,161.0,403.0,1,-1,-1,-1
791,2,979.0,472.0,158.0,398.0,1,-1,-1,-1
792,2,974.0,473.0,163.0,395.0,1,-1,-1,-1
793,2,970.0,470.0,168.0,401.0,1,-1,-1,-1
794,2,965.0,469.0,175.0,397.0,1,-1,-1,-1
795,2,963.0,471.0,178.0,397.0,1,-1,-1,-1
796,2,960.0,475.0,188.0,402.0,1,-1,-1,-1
797,2,959.0,478.0,197.0,398.0,1,-1,-1,-1
798,2,959.0,481.0,209.0,399.0,1,-1,-1,-1
799,2,956.0,485.0,219.0,395.0,1,-1,-1,-1
800,2,951.0,490.0,244.0,389.0,1,-1,-1,-1
801,2,954.0,490.0,248.0,386.0,1,-1,-1,-1
802,2,956.0,493.0,252.0,379.0,1,-1,-1,-1
803,2,950.0,494.0,265.0,379.0,1,-1,-1,-1
804,2,951.0,493.0,267.0,376.0,1,-1,-1,-1
805,2,950.0,493.0,268.0,378.0,1,-1,-1,-1
806,2,951.0,491.0,269.0,383.0,1,-1,-1,-1
807,2,949.0,490.0,266.0,385.0,1,-1,-1,-1
808,2,953.0,487.0,261.0,386.0,1,-1,-1,-1
809,2,955.0,480.0,256.0,392.0,1,-1,-1,-1
810,2,956.0,475.0,255.0,398.0,1,-1,-1,-1
811,2,956.0,471.0,254.0,404.0,1,-1,-1,-1
812,2,959.0,469.0,247.0,402.0,1,-1,-1,-1
813,2,960.0,467.0,247.0,405.0,1,-1,-1,-1
814,2,964.0,464.0,245.0,408.0,1,-1,-1,-1
815,2,967.0,460.0,241.0,407.0,1,-1,-1,-1
816,2,971.0,460.0,234.0,404.0,1,-1,-1,-1
817,2,970.0,460.0,229.0,407.0,1,-1,-1,-1
818,2,970.0,457.0,227.0,411.0,1,-1,-1,-1
819,2,970.0,458.0,222.0,411.0,1,-1,-1,-1
820,2,969.0,461.0,220.0,407.0,1,-1,-1,-1
821,2,966.0,459.0,221.0,412.0,1,-1,-1,-1
822,2,951.0,458.0,223.0,418.0,1,-1,-1,-1
823,2,953.0,462.0,219.0,414.0,1,-1,-1,-1
824,2,951.0,466.0,215.0,411.0,1,-1,-1,-1
825,2,947.0,470.0,212.0,412.0,1,-1,-1,-1
826,2,957.0,474.0,198.0,406.0,1,-1,-1,-1
827,2,958.0,476.0,196.0,403.0,1,-1,-1,-1
828,2,956.0,481.0,198.0,398.0,1,-1,-1,-1
829,2,961.0,484.0,192.0,395.0,1,-1,-1,-1
830,2,967.0,486.0,188.0,392.0,1,-1,-1,-1
831,2,982.0,486.0,175.0,393.0,1,-1,-1,-1
832,2,986.0,486.0,169.0,395.0,1,-1,-1,-1
833,2,988.0,490.0,168.0,393.0,1,-1,-1,-1
834,2,995.0,490.0,162.0,394.0,1,-1,-1,-1
835,2,994.0,489.0,164.0,396.0,1,-1,-1,-1
836,2,991.0,487.0,167.0,398.0,1,-1,-1,-1
837,2,988.0,486.0,170.0,398.0,1,-1,-1,-1
838,2,984.0,483.0,169.0,401.0,1,-1,-1,-1
839,2,983.0,483.0,167.0,399.0,1,-1,-1,-1
840,2,984.0,483.0,166.0,396.0,1,-1,-1,-1
841,2,989.0,474.0,159.0,403.0,1,-1,-1,-1
842,2,985.0,472.0,160.0,407.0,1,-1,-1,-1
843,2,983.0,470.0,161.0,406.0,1,-1,-1,-1
844,2,975.0,463.0,164.0,415.0,1,-1,-1,-1
845,2,968.0,456.0,171.0,422.0,1,-1,-1,-1
846,2,965.0,450.0,171.0,425.0,1,-1,-1,-1
847,2,965.0,444.0,167.0,429.0,1,-1,-1,-1
848,2,960.0,438.0,166.0,437.0,1,-1,-1,-1
849,2,964.0,445.0,158.0,428.0,1,-1,-1,-1
850,2,962.0,440.0,154.0,433.0,1,-1,-1,-1
851,2,961.0,438.0,152.0,430.0,1,-1,-1,-1
852,2,960.0,440.0,150.0,425.0,1,-1,-1,-1
853,2,957.0,438.0,149.0,431.0,1,-1,-1,-1
854,2,956.0,438.0,146.0,436.0,1,-1,-1,-1
855,2,955.0,436.0,147.0,438.0,1,-1,-1,-1
856,2,954.0,439.0,145.0,437.0,1,-1,-1,-1
857,2,953.0,442.0,144.0,435.0,1,-1,-1,-1
858,2,945.0,442.0,148.0,435.0,1,-1,-1,-1
859,2,954.0,450.0,141.0,433.0,1,-1,-1,-1
860,2,943.0,447.0,151.0,435.0,1,-1,-1,-1
861,2,944.0,452.0,152.0,431.0,1,-1,-1,-1
862,2,942.0,447.0,157.0,438.0,1,-1,-1,-1
863,2,944.0,447.0,157.0,435.0,1,-1,-1,-1
864,2,942.0,450.0,164.0,429.0,1,-1,-1,-1
865,2,943.0,449.0,167.0,429.0,1,-1,-1,-1
866,2,941.0,449.0,169.0,430.0,1,-1,-1,-1
867,2,946.0,450.0,172.0,430.0,1,-1,-1,-1
868,2,946.0,448.0,175.0,433.0,1,-1,-1,-1
869,2,944.0,440.0,172.0,439.0,1,-1,-1,-1
870,2,943.0,432.0,169.0,448.0,1,-1,-1,-1
871,2,945.0,423.0,162.0,456.0,1,-1,-1,-1
872,2,941.0,417.0,172.0,461.0,1,-1,-1,-1
873,2,937.0,407.0,179.0,473.0,1,-1,-1,-1
874,2,939.0,402.0,173.0,481.0,1,-1,-1,-1
875,2,940.0,400.0,167.0,484.0,1,-1,-1,-1
876,2,935.0,396.0,175.0,484.0,1,-1,-1,-1
877,2,934.0,391.0,171.0,484.0,1,-1,-1,-1
878,2,933.0,388.0,168.0,477.0,1,-1,-1,-1
879,2,926.0,384.0,164.0,481.0,1,-1,-1,-1
880,2,925.0,379.0,158.0,435.0,1,-1,-1,-1
881,2,924.0,375.0,170.0,489.0,1,-1,-1,-1
882,2,919.0,376.0,175.0,491.0,1,-1,-1,-1
883,2,918.0,381.0,173.0,484.0,1,-1,-1,-1
884,2,916.0,385.0,175.0,486.0,1,-1,-1,-1
885,2,914.0,388.0,178.0,482.0,1,-1,-1,-1
886,2,913.0,388.0,179.0,498.0,1,-1,-1,-1
887,2,911.0,389.0,180.0,493.0,1,-1,-1,-1
888,2,909.0,393.0,182.0,493.0,1,-1,-1,-1
889,2,906.0,397.0,183.0,490.0,1,-1,-1,-1
890,2,903.0,402.0,184.0,485.0,1,-1,-1,-1
891,2,902.0,410.0,184.0,476.0,1,-1,-1,-1
892,2,899.0,415.0,185.0,471.0,1,-1,-1,-1
893,2,901.0,424.0,180.0,460.0,1,-1,-1,-1
894,2,903.0,433.0,175.0,443.0,1,-1,-1,-1
895,2,903.0,445.0,171.0,442.0,1,-1,-1,-1
896,2,892.0,456.0,182.0,430.0,1,-1,-1,-1
897,2,900.0,459.0,166.0,421.0,1,-1,-1,-1
898,2,895.0,460.0,171.0,421.0,1,-1,-1,-1
899,2,892.0,464.0,176.0,413.0,1,-1,-1,-1
900,2,891.0,467.0,179.0,408.0,1,-1,-1,-1
901,2,889.0,471.0,180.0,409.0,1,-1,-1,-1
902,2,892.0,475.0,177.0,406.0,1,-1,-1,-1
903,2,895.0,478.0,176.0,399.0,1,-1,-1,-1
904,2,892.0,479.0,181.0,400.0,1,-1,-1,-1
905,2,887.0,482.0,188.0,399.0,1,-1,-1,-1
906,2,884.0,483.0,191.0,397.0,1,-1,-1,-1
907,2,877.0,481.0,202.0,406.0,1,-1,-1,-1
908,2,876.0,481.0,202.0,408.0,1,-1,-1,-1
909,2,880.0,481.0,203.0,405.0,1,-1,-1,-1
910,2,878.0,482.0,210.0,403.0,1,-1,-1,-1
911,2,878.0,480.0,213.0,404.0,1,-1,-1,-1
912,2,882.0,484.0,209.0,400.0,1,-1,-1,-1
913,2,887.0,482.0,211.0,400.0,1,-1,-1,-1
914,2,888.0,484.0,208.0,398.0,1,-1,-1,-1
915,2,893.0,487.0,207.0,391.0,1,-1,-1,-1
916,2,895.0,487.0,204.0,390.0,1,-1,-1,-1
917,2,897.0,485.0,200.0,391.0,1,-1,-1,-1
918,2,901.0,485.0,195.0,389.0,1,-1,-1,-1
919,2,905.0,488.0,188.0,386.0,1,-1,-1,-1
920,2,904.0,495.0,187.0,382.0,1,-1,-1,-1
921,2,905.0,497.0,190.0,379.0,1,-1,-1,-1
922,2,897.0,500.0,199.0,375.0,1,-1,-1,-1
923,2,901.0,501.0,203.0,375.0,1,-1,-1,-1
924,2,901.0,504.0,211.0,374.0,1,-1,-1,-1
925,2,902.0,508.0,216.0,371.0,1,-1,-1,-1
926,2,909.0,517.0,208.0,359.0,1,-1,-1,-1
927,2,924.0,509.0,194.0,358.0,1,-1,-1,-1
928,2,924.0,509.0,194.0,359.0,1,-1,-1,-1
929,2,922.0,511.0,199.0,356.0,1,-1,-1,-1
930,2,928.0,513.0,192.0,355.0,1,-1,-1,-1
931,2,923.0,514.0,213.0,356.0,1,-1,-1,-1
932,2,931.0,513.0,210.0,357.0,1,-1,-1,-1
933,2,935.0,511.0,209.0,358.0,1,-1,-1,-1
934,2,936.0,511.0,211.0,355.0,1,-1,-1,-1
935,2,936.0,507.0,212.0,357.0,1,-1,-1,-1
936,2,937.0,502.0,201.0,364.0,1,-1,-1,-1
937,2,935.0,498.0,199.0,371.0,1,-1,-1,-1
938,2,937.0,494.0,194.0,375.0,1,-1,-1,-1
939,2,942.0,492.0,185.0,379.0,1,-1,-1,-1
940,2,938.0,486.0,194.0,379.0,1,-1,-1,-1
941,2,937.0,473.0,191.0,394.0,1,-1,-1,-1
942,2,929.0,468.0,209.0,398.0,1,-1,-1,-1
943,2,923.0,467.0,219.0,397.0,1,-1,-1,-1
944,2,918.0,465.0,214.0,398.0,1,-1,-1,-1
945,2,919.0,463.0,200.0,402.0,1,-1,-1,-1
946,2,918.0,459.0,191.0,408.0,1,-1,-1,-1
947,2,918.0,457.0,181.0,413.0,1,-1,-1,-1
948,2,912.0,454.0,185.0,417.0,1,-1,-1,-1
949,2,908.0,455.0,189.0,416.0,1,-1,-1,-1
950,2,904.0,457.0,192.0,415.0,1,-1,-1,-1
951,2,898.0,458.0,196.0,416.0,1,-1,-1,-1
952,2,901.0,460.0,193.0,410.0,1,-1,-1,-1
953,2,904.0,462.0,188.0,408.0,1,-1,-1,-1
954,2,906.0,468.0,183.0,403.0,1,-1,-1,-1
955,2,914.0,472.0,175.0,399.0,1,-1,-1,-1
956,2,913.0,477.0,176.0,394.0,1,-1,-1,-1
957,2,914.0,479.0,178.0,391.0,1,-1,-1,-1
958,2,917.0,483.0,175.0,384.0,1,-1,-1,-1
959,2,919.0,485.0,179.0,383.0,1,-1,-1,-1
960,2,912.0,487.0,187.0,383.0,1,-1,-1,-1
961,2,907.0,490.0,192.0,380.0,1,-1,-1,-1
962,2,905.0,490.0,198.0,382.0,1,-1,-1,-1
963,2,903.0,490.0,202.0,383.0,1,-1,-1,-1
964,2,900.0,492.0,203.0,381.0,1,-1,-1,-1
965,2,899.0,491.0,200.0,381.0,1,-1,-1,-1
966,2,898.0,490.0,197.0,381.0,1,-1,-1,-1
967,2,896.0,487.0,196.0,385.0,1,-1,-1,-1
968,2,893.0,487.0,203.0,386.0,1,-1,-1,-1
969,2,895.0,483.0,202.0,391.0,1,-1,-1,-1
970,2,893.0,477.0,204.0,398.0,1,-1,-1,-1
971,2,891.0,471.0,208.0,403.0,1,-1,-1,-1
972,2,895.0,468.0,204.0,406.0,1,-1,-1,-1
973,2,898.0,464.0,203.0,413.0,1,-1,-1,-1
974,2,899.0,459.0,203.0,419.0,1,-1,-1,-1
975,2,900.0,454.0,203.0,423.0,1,-1,-1,-1
976,2,902.0,447.0,200.0,429.0,1,-1,-1,-1
977,2,910.0,442.0,199.0,426.0,1,-1,-1,-1
978,2,914.0,439.0,193.0,427.0,1,-1,-1,-1
979,2,915.0,434.0,192.0,431.0,1,-1,-1,-1
980,2,912.0,434.0,195.0,432.0,1,-1,-1,-1
981,2,916.0,433.0,191.0,433.0,1,-1,-1,-1
982,2,919.0,431.0,184.0,439.0,1,-1,-1,-1
983,2,916.0,432.0,187.0,440.0,1,-1,-1,-1
984,2,928.0,438.0,178.0,430.0,1,-1,-1,-1
985,2,946.0,437.0,161.0,428.0,1,-1,-1,-1
986,2,950.0,440.0,158.0,428.0,1,-1,-1,-1
987,2,960.0,443.0,148.0,425.0,1,-1,-1,-1
988,2,965.0,450.0,147.0,420.0,1,-1,-1,-1
989,2,970.0,454.0,145.0,415.0,1,-1,-1,-1
990,2,970.0,458.0,149.0,413.0,1,-1,-1,-1
991,2,972.0,463.0,153.0,410.0,1,-1,-1,-1
992,2,978.0,462.0,149.0,409.0,1,-1,-1,-1
993,2,982.0,464.0,154.0,397.0,1,-1,-1,-1
994,2,984.0,457.0,184.0,397.0,1,-1,-1,-1
995,2,985.0,464.0,182.0,393.0,1,-1,-1,-1
996,2,982.0,464.0,172.0,392.0,1,-1,-1,-1
997,2,986.0,461.0,182.0,391.0,1,-1,-1,-1
998,2,988.0,454.0,183.0,398.0,1,-1,-1,-1
999,2,987.0,450.0,181.0,402.0,1,-1,-1,-1
1000,2,987.0,442.0,184.0,407.0,1,-1,-1,-1
1001,2,988.0,438.0,186.0,411.0,1,-1,-1,-1
1002,2,983.0,433.0,197.0,411.0,1,-1,-1,-1
1003,2,987.0,428.0,199.0,417.0,1,-1,-1,-1
1004,2,995.0,420.0,194.0,426.0,1,-1,-1,-1
1005,2,999.0,414.0,200.0,434.0,1,-1,-1,-1
1006,2,999.0,409.0,201.0,437.0,1,-1,-1,-1
1007,2,998.0,409.0,207.0,436.0,1,-1,-1,-1
1008,2,1001.0,410.0,209.0,433.0,1,-1,-1,-1
1009,2,1001.0,409.0,225.0,431.0,1,-1,-1,-1
1010,2,999.0,410.0,239.0,429.0,1,-1,-1,-1
1011,2,997.0,410.0,249.0,429.0,1,-1,-1,-1
1012,2,996.0,413.0,253.0,423.0,1,-1,-1,-1
1013,2,996.0,417.0,254.0,417.0,1,-1,-1,-1
1014,2,996.0,416.0,246.0,421.0,1,-1,-1,-1
1015,2,995.0,417.0,241.0,422.0,1,-1,-1,-1
1016,2,993.0,416.0,235.0,423.0,1,-1,-1,-1
1017,2,991.0,417.0,226.0,421.0,1,-1,-1,-1
1018,2,994.0,424.0,212.0,414.0,1,-1,-1,-1
1019,2,996.0,427.0,194.0,407.0,1,-1,-1,-1
1020,2,995.0,432.0,181.0,401.0,1,-1,-1,-1
1021,2,994.0,442.0,178.0,391.0,1,-1,-1,-1
1022,2,996.0,458.0,147.0,376.0,1,-1,-1,-1
1023,2,995.0,462.0,147.0,378.0,1,-1,-1,-1
1024,2,986.0,463.0,155.0,380.0,1,-1,-1,-1
1025,2,981.0,476.0,160.0,367.0,1,-1,-1,-1
1026,2,981.0,483.0,168.0,361.0,1,-1,-1,-1
1027,2,980.0,489.0,173.0,356.0,1,-1,-1,-1
1028,2,981.0,491.0,172.0,355.0,1,-1,-1,-1
1029,2,980.0,503.0,176.0,350.0,1,-1,-1,-1
1030,2,979.0,508.0,178.0,349.0,1,-1,-1,-1
1031,2,978.0,512.0,176.0,350.0,1,-1,-1,-1
1032,2,975.0,513.0,181.0,352.0,1,-1,-1,-1
1033,2,972.0,515.0,184.0,350.0,1,-1,-1,-1
1034,2,969.0,519.0,187.0,350.0,1,-1,-1,-1
1035,2,967.0,525.0,188.0,345.0,1,-1,-1,-1
1036,2,967.0,529.0,186.0,339.0,1,-1,-1,-1
1037,2,967.0,534.0,186.0,333.0,1,-1,-1,-1
1038,2,969.0,538.0,181.0,330.0,1,-1,-1,-1
1039,2,966.0,539.0,183.0,333.0,1,-1,-1,-1
1040,2,966.0,539.0,183.0,336.0,1,-1,-1,-1
1041,2,966.0,541.0,183.0,334.0,1,-1,-1,-1
1042,2,969.0,542.0,172.0,334.0,1,-1,-1,-1
1043,2,969.0,543.0,170.0,331.0,1,-1,-1,-1
1044,2,973.0,545.0,164.0,328.0,1,-1,-1,-1
1045,2,973.0,548.0,163.0,325.0,1,-1,-1,-1
1046,2,964.0,550.0,175.0,318.0,1,-1,-1,-1
1047,2,963.0,551.0,174.0,318.0,1,-1,-1,-1
1048,2,962.0,552.0,173.0,316.0,1,-1,-1,-1
1049,2,968.0,555.0,165.0,310.0,1,-1,-1,-1
1050,2,973.0,556.0,158.0,304.0,1,-1,-1,-1
1051,2,972.0,561.0,158.0,298.0,1,-1,-1,-1
1052,2,974.0,563.0,157.0,293.0,1,-1,-1,-1
1053,2,974.0,564.0,154.0,290.0,1,-1,-1,-1
1054,2,974.0,567.0,151.0,290.0,1,-1,-1,-1
1055,2,970.0,568.0,149.0,294.0,1,-1,-1,-1
1056,2,969.0,569.0,143.0,293.0,1,-1,-1,-1
1057,2,969.0,572.0,138.0,293.0,1,-1,-1,-1
1058,2,969.0,574.0,138.0,291.0,1,-1,-1,-1
1059,2,969.0,574.0,138.0,292.0,1,-1,-1,-1
1060,2,970.0,576.0,143.0,291.0,1,-1,-1,-1
1061,2,970.0,579.0,147.0,289.0,1,-1,-1,-1
1062,2,972.0,580.0,154.0,289.0,1,-1,-1,-1
1063,2,970.0,583.0,164.0,285.0,1,-1,-1,-1
1064,2,965.0,584.0,178.0,291.0,1,-1,-1,-1
1065,2,964.0,583.0,181.0,297.0,1,-1,-1,-1
1066,2,962.0,582.0,190.0,296.0,1,-1,-1,-1
1067,2,967.0,587.0,194.0,290.0,1,-1,-1,-1
1068,2,966.0,587.0,200.0,292.0,1,-1,-1,-1
1069,2,967.0,582.0,205.0,297.0,1,-1,-1,-1
1070,2,965.0,581.0,212.0,302.0,1,-1,-1,-1
1071,2,965.0,578.0,215.0,300.0,1,-1,-1,-1
1072,2,966.0,581.0,222.0,294.0,1,-1,-1,-1
1073,2,970.0,580.0,225.0,293.0,1,-1,-1,-1
1074,2,969.0,577.0,228.0,296.0,1,-1,-1,-1
1075,2,972.0,577.0,230.0,294.0,1,-1,-1,-1
1076,2,976.0,571.0,233.0,293.0,1,-1,-1,-1
1077,2,976.0,570.0,237.0,296.0,1,-1,-1,-1
1078,2,972.0,568.0,241.0,305.0,1,-1,-1,-1
1079,2,973.0,568.0,244.0,303.0,1,-1,-1,-1
1080,2,977.0,571.0,241.0,298.0,1,-1,-1,-1
1081,2,976.0,568.0,247.0,305.0,1,-1,-1,-1
1082,2,984.0,565.0,245.0,305.0,1,-1,-1,-1
1083,2,989.0,563.0,246.0,309.0,1,-1,-1,-1
1084,2,991.0,560.0,250.0,312.0,1,-1,-1,-1
1085,2,993.0,559.0,250.0,317.0,1,-1,-1,-1
1086,2,992.0,554.0,256.0,323.0,1,-1,-1,-1
1087,2,995.0,551.0,258.0,326.0,1,-1,-1,-1
1088,2,1004.0,554.0,254.0,319.0,1,-1,-1,-1
1089,2,1013.0,558.0,243.0,312.0,1,-1,-1,-1
1090,2,1020.0,557.0,241.0,317.0,1,-1,-1,-1
1091,2,1028.0,558.0,233.0,319.0,1,-1,-1,-1
1092,2,1038.0,558.0,221.0,322.0,1,-1,-1,-1
1093,2,1049.0,561.0,212.0,320.0,1,-1,-1,-1
1094,2,1056.0,560.0,207.0,322.0,1,-1,-1,-1
1095,2,1061.0,560.0,202.0,323.0,1,-1,-1,-1
1096,2,1071.0,561.0,185.0,327.0,1,-1,-1,-1
1097,2,1074.0,558.0,180.0,333.0,1,-1,-1,-1
1098,2,1077.0,558.0,176.0,333.0,1,-1,-1,-1
1099,2,1081.0,556.0,171.0,336.0,1,-1,-1,-1
1100,2,1083.0,554.0,164.0,342.0,1,-1,-1,-1
1101,2,1086.0,556.0,164.0,334.0,1,-1,-1,-1
1102,2,1089.0,554.0,158.0,338.0,1,-1,-1,-1
1103,2,1089.0,551.0,156.0,348.0,1,-1,-1,-1
1104,2,1092.0,550.0,153.0,352.0,1,-1,-1,-1
1105,2,1091.0,548.0,155.0,357.0,1,-1,-1,-1
1106,2,1093.0,546.0,151.0,363.0,1,-1,-1,-1
1107,2,1097.0,546.0,147.0,363.0,1,-1,-1,-1
1108,2,1097.0,544.0,145.0,366.0,1,-1,-1,-1
1109,2,1097.0,541.0,148.0,369.0,1,-1,-1,-1
1110,2,1098.0,542.0,144.0,369.0,1,-1,-1,-1
1111,2,1100.0,543.0,142.0,369.0,1,-1,-1,-1
1112,2,1100.0,543.0,139.0,370.0,1,-1,-1,-1
1113,2,1098.0,543.0,142.0,372.0,1,-1,-1,-1
1114,2,1099.0,544.0,140.0,372.0,1,-1,-1,-1
1115,2,1096.0,545.0,142.0,372.0,1,-1,-1,-1
1116,2,1094.0,544.0,144.0,373.0,1,-1,-1,-1
1117,2,1095.0,544.0,145.0,372.0,1,-1,-1,-1
1118,2,1098.0,545.0,148.0,371.0,1,-1,-1,-1
1119,2,1099.0,546.0,153.0,371.0,1,-1,-1,-1
1120,2,1098.0,544.0,170.0,375.0,1,-1,-1,-1
1121,2,1098.0,542.0,179.0,375.0,1,-1,-1,-1
1122,2,1093.0,543.0,188.0,370.0,1,-1,-1,-1
1123,2,1100.0,543.0,191.0,363.0,1,-1,-1,-1
1124,2,1094.0,543.0,199.0,366.0,1,-1,-1,-1
1125,2,1093.0,541.0,202.0,373.0,1,-1,-1,-1
1126,2,1087.0,541.0,202.0,377.0,1,-1,-1,-1
1127,2,1082.0,530.0,206.0,386.0,1,-1,-1,-1
1128,2,1081.0,522.0,201.0,396.0,1,-1,-1,-1
1129,2,1081.0,513.0,197.0,407.0,1,-1,-1,-1
1130,2,1082.0,507.0,192.0,412.0,1,-1,-1,-1
1131,2,1080.0,502.0,197.0,416.0,1,-1,-1,-1
1132,2,1080.0,487.0,196.0,433.0,1,-1,-1,-1
1133,2,1080.0,482.0,193.0,439.0,1,-1,-1,-1
1134,2,1082.0,477.0,189.0,442.0,1,-1,-1,-1
1135,2,1082.0,471.0,197.0,449.0,1,-1,-1,-1
1136,2,1082.0,466.0,197.0,454.0,1,-1,-1,-1
1137,2,1081.0,461.0,202.0,454.0,1,-1,-1,-1
1138,2,1080.0,457.0,210.0,455.0,1,-1,-1,-1
1139,2,1079.0,453.0,210.0,452.0,1,-1,-1,-1
1140,2,1077.0,452.0,215.0,449.0,1,-1,-1,-1
1141,2,1076.0,452.0,213.0,452.0,1,-1,-1,-1
1142,2,1072.0,449.0,217.0,458.0,1,-1,-1,-1
1143,2,1070.0,447.0,228.0,459.0,1,-1,-1,-1
1144,2,1072.0,447.0,226.0,462.0,1,-1,-1,-1
1145,2,1068.0,447.0,226.0,459.0,1,-1,-1,-1
1146,2,1065.0,449.0,228.0,467.0,1,-1,-1,-1
1147,2,1065.0,447.0,221.0,475.0,1,-1,-1,-1
1148,2,1056.0,458.0,217.0,462.0,1,-1,-1,-1
1149,2,1057.0,467.0,212.0,446.0,1,-1,-1,-1
1150,2,1050.0,470.0,215.0,450.0,1,-1,-1,-1
1151,2,1053.0,476.0,208.0,445.0,1,-1,-1,-1
1152,2,1054.0,484.0,205.0,435.0,1,-1,-1,-1
1153,2,1066.0,492.0,173.0,429.0,1,-1,-1,-1
1154,2,1068.0,499.0,165.0,427.0,1,-1,-1,-1
1155,2,1065.0,504.0,165.0,418.0,1,-1,-1,-1
1156,2,1061.0,512.0,172.0,409.0,1,-1,-1,-1
1157,2,1057.0,516.0,176.0,407.0,1,-1,-1,-1
1158,2,1055.0,523.0,186.0,402.0,1,-1,-1,-1
1159,2,1053.0,528.0,192.0,399.0,1,-1,-1,-1
1160,2,1054.0,532.0,193.0,395.0,1,-1,-1,-1
1161,2,1054.0,534.0,194.0,389.0,1,-1,-1,-1
1162,2,1056.0,535.0,195.0,386.0,1,-1,-1,-1
1163,2,1056.0,536.0,197.0,384.0,1,-1,-1,-1
1164,2,1055.0,536.0,204.0,384.0,1,-1,-1,-1
1165,2,1054.0,531.0,210.0,388.0,1,-1,-1,-1
1166,2,1054.0,526.0,214.0,391.0,1,-1,-1,-1
1167,2,1053.0,524.0,216.0,393.0,1,-1,-1,-1
1168,2,1052.0,519.0,216.0,397.0,1,-1,-1,-1
1169,2,1049.0,514.0,224.0,403.0,1,-1,-1,-1
1170,2,1046.0,510.0,227.0,405.0,1,-1,-1,-1
1171,2,1044.0,506.0,227.0,407.0,1,-1,-1,-1
1172,2,1043.0,497.0,228.0,417.0,1,-1,-1,-1
1173,2,1040.0,488.0,229.0,430.0,1,-1,-1,-1
1174,2,1041.0,483.0,227.0,432.0,1,-1,-1,-1
1175,2,1041.0,478.0,226.0,440.0,1,-1,-1,-1
1176,2,1045.0,473.0,222.0,445.0,1,-1,-1,-1
1177,2,1050.0,469.0,214.0,448.0,1,-1,-1,-1
1178,2,1054.0,466.0,210.0,450.0,1,-1,-1,-1
1179,2,1058.0,464.0,205.0,454.0,1,-1,-1,-1
1180,2,1062.0,463.0,199.0,454.0,1,-1,-1,-1
1181,2,1064.0,461.0,196.0,456.0,1,-1,-1,-1
1182,2,1069.0,460.0,191.0,454.0,1,-1,-1,-1
1183,2,1074.0,458.0,185.0,456.0,1,-1,-1,-1
1184,2,1080.0,456.0,180.0,456.0,1,-1,-1,-1
1185,2,1080.0,459.0,179.0,456.0,1,-1,-1,-1
1186,2,1084.0,461.0,171.0,456.0,1,-1,-1,-1
1187,2,1088.0,460.0,168.0,460.0,1,-1,-1,-1
1188,2,1097.0,460.0,159.0,458.0,1,-1,-1,-1
1189,2,1097.0,459.0,162.0,460.0,1,-1,-1,-1
1190,2,1104.0,457.0,158.0,459.0,1,-1,-1,-1
1191,2,1105.0,458.0,159.0,456.0,1,-1,-1,-1
1192,2,1111.0,457.0,155.0,451.0,1,-1,-1,-1
1193,2,1111.0,452.0,156.0,455.0,1,-1,-1,-1
1194,2,1112.0,451.0,166.0,451.0,1,-1,-1,-1
1195,2,1114.0,451.0,170.0,451.0,1,-1,-1,-1
1196,2,1119.0,447.0,163.0,454.0,1,-1,-1,-1
1197,2,1123.0,443.0,164.0,459.0,1,-1,-1,-1
1198,2,1126.0,434.0,151.0,465.0,1,-1,-1,-1
1199,2,1130.0,434.0,137.0,476.0,1,-1,-1,-1
1200,2,1133.0,429.0,131.0,475.0,1,-1,-1,-1
1201,2,1134.0,422.0,126.0,481.0,1,-1,-1,-1
1202,2,1131.0,416.0,126.0,487.0,1,-1,-1,-1
1203,2,1130.0,409.0,125.0,494.0,1,-1,-1,-1
1204,2,1131.0,405.0,124.0,501.0,1,-1,-1,-1
1205,2,1132.0,402.0,126.0,504.0,1,-1,-1,-1
1206,2,1131.0,400.0,127.0,504.0,1,-1,-1,-1
1207,2,1131.0,396.0,128.0,511.0,1,-1,-1,-1
1208,2,1127.0,397.0,134.0,513.0,1,-1,-1,-1
1209,2,1126.0,397.0,136.0,518.0,1,-1,-1,-1
1210,2,1125.0,402.0,139.0,511.0,1,-1,-1,-1
1211,2,1121.0,403.0,144.0,513.0,1,-1,-1,-1
1212,2,1119.0,407.0,148.0,511.0,1,-1,-1,-1
1213,2,1119.0,410.0,149.0,505.0,1,-1,-1,-1
1214,2,1117.0,414.0,150.0,505.0,1,-1,-1,-1
1215,2,1116.0,418.0,152.0,499.0,1,-1,-1,-1
1216,2,1115.0,425.0,156.0,488.0,1,-1,-1,-1
1217,2,1117.0,426.0,160.0,482.0,1,-1,-1,-1
1218,2,1119.0,433.0,163.0,477.0,1,-1,-1,-1
1219,2,1118.0,438.0,174.0,474.0,1,-1,-1,-1
1220,2,1118.0,439.0,187.0,474.0,1,-1,-1,-1
1221,2,1120.0,441.0,198.0,472.0,1,-1,-1,-1
1222,2,1122.0,445.0,206.0,468.0,1,-1,-1,-1
1223,2,1123.0,446.0,213.0,466.0,1,-1,-1,-1
1224,2,1123.0,448.0,224.0,466.0,1,-1,-1,-1
1225,2,1121.0,448.0,238.0,465.0,1,-1,-1,-1
1226,2,1118.0,448.0,239.0,465.0,1,-1,-1,-1
1227,2,1116.0,445.0,241.0,471.0,1,-1,-1,-1
1228,2,1114.0,440.0,238.0,478.0,1,-1,-1,-1
1229,2,1113.0,439.0,232.0,477.0,1,-1,-1,-1
1230,2,1111.0,436.0,233.0,478.0,1,-1,-1,-1
1231,2,1113.0,436.0,220.0,476.0,1,-1,-1,-1
1232,2,1112.0,433.0,215.0,481.0,1,-1,-1,-1
1233,2,1115.0,431.0,210.0,481.0,1,-1,-1,-1
1234,2,1115.0,426.0,208.0,488.0,1,-1,-1,-1
1235,2,1118.0,420.0,202.0,492.0,1,-1,-1,-1
1236,2,1122.0,418.0,191.0,492.0,1,-1,-1,-1
1237,2,1121.0,416.0,189.0,492.0,1,-1,-1,-1
1238,2,1123.0,413.0,186.0,492.0,1,-1,-1,-1
1239,2,1121.0,415.0,188.0,490.0,1,-1,-1,-1
1240,2,1119.0,415.0,189.0,491.0,1,-1,-1,-1
1241,2,1120.0,416.0,186.0,490.0,1,-1,-1,-1
1242,2,1119.0,417.0,184.0,488.0,1,-1,-1,-1
1243,2,1121.0,419.0,181.0,484.0,1,-1,-1,-1
1244,2,1117.0,425.0,183.0,480.0,1,-1,-1,-1
1245,2,1115.0,430.0,183.0,475.0,1,-1,-1,-1
1246,2,1114.0,432.0,186.0,475.0,1,-1,-1,-1
1247,2,1115.0,432.0,188.0,476.0,1,-1,-1,-1
1248,2,1116.0,432.0,192.0,473.0,1,-1,-1,-1
1249,2,1129.0,434.0,185.0,469.0,1,-1,-1,-1
1250,2,1134.0,436.0,181.0,468.0,1,-1,-1,-1
1251,2,1151.0,437.0,173.0,460.0,1,-1,-1,-1
1252,2,1149.0,439.0,186.0,460.0,1,-1,-1,-1
1253,2,1143.0,438.0,208.0,457.0,1,-1,-1,-1
1254,2,1149.0,444.0,214.0,451.0,1,-1,-1,-1
1255,2,1161.0,442.0,218.0,448.0,1,-1,-1,-1
1256,2,1167.0,441.0,222.0,447.0,1,-1,-1,-1
1257,2,1171.0,440.0,220.0,448.0,1,-1,-1,-1
1258,2,1174.0,437.0,218.0,453.0,1,-1,-1,-1
1259,2,1175.0,431.0,226.0,459.0,1,-1,-1,-1
1260,2,1175.0,418.0,233.0,471.0,1,-1,-1,-1
1261,2,1173.0,418.0,247.0,468.0,1,-1,-1,-1
1262,2,1174.0,412.0,249.0,474.0,1,-1,-1,-1
1263,2,1172.0,403.0,250.0,480.0,1,-1,-1,-1
1264,2,1174.0,403.0,248.0,480.0,1,-1,-1,-1
1265,2,1174.0,396.0,246.0,489.0,1,-1,-1,-1
1266,2,1173.0,393.0,245.0,492.0,1,-1,-1,-1
1267,2,1172.0,391.0,243.0,492.0,1,-1,-1,-1
1268,2,1171.0,391.0,239.0,492.0,1,-1,-1,-1
1269,2,1172.0,391.0,235.0,495.0,1,-1,-1,-1
1270,2,1173.0,394.0,226.0,495.0,1,-1,-1,-1
1271,2,1176.0,396.0,220.0,491.0,1,-1,-1,-1
1272,2,1177.0,398.0,208.0,491.0,1,-1,-1,-1
1273,2,1178.0,399.0,197.0,496.0,1,-1,-1,-1
1274,2,1179.0,400.0,192.0,494.0,1,-1,-1,-1
1275,2,1177.0,404.0,182.0,492.0,1,-1,-1,-1
1276,2,1179.0,410.0,174.0,485.0,1,-1,-1,-1
1277,2,1179.0,415.0,165.0,479.0,1,-1,-1,-1
1278,2,1180.0,423.0,147.0,470.0,1,-1,-1,-1
1279,2,1181.0,424.0,142.0,471.0,1,-1,-1,-1
1280,2,1180.0,427.0,136.0,465.0,1,-1,-1,-1
1281,2,1178.0,423.0,125.0,471.0,1,-1,-1,-1
1282,2,1176.0,418.0,127.0,477.0,1,-1,-1,-1
1283,2,1173.0,416.0,130.0,470.0,1,-1,-1,-1
1284,2,1174.0,410.0,131.0,475.0,1,-1,-1,-1
1285,2,1176.0,408.0,131.0,471.0,1,-1,-1,-1
1286,2,1172.0,405.0,134.0,470.0,1,-1,-1,-1
1287,2,1159.0,402.0,145.0,470.0,1,-1,-1,-1
1288,2,1147.0,407.0,159.0,465.0,1,-1,-1,-1
1289,2,1132.0,409.0,169.0,465.0,1,-1,-1,-1
1290,2,1127.0,410.0,177.0,462.0,1,-1,-1,-1
1291,2,1119.0,413.0,185.0,455.0,1,-1,-1,-1
1292,2,1112.0,418.0,192.0,449.0,1,-1,-1,-1
1293,2,1098.0,424.0,204.0,442.0,1,-1,-1,-1
1294,2,1094.0,424.0,206.0,441.0,1,-1,-1,-1
1295,2,1096.0,423.0,204.0,443.0,1,-1,-1,-1
1296,2,1097.0,424.0,202.0,443.0,1,-1,-1,-1
1297,2,1101.0,420.0,198.0,445.0,1,-1,-1,-1
1298,2,1106.0,418.0,193.0,449.0,1,-1,-1,-1
1299,2,1106.0,418.0,191.0,452.0,1,-1,-1,-1
1300,2,1102.0,418.0,196.0,454.0,1,-1,-1,-1
1301,2,1097.0,420.0,196.0,455.0,1,-1,-1,-1
1302,2,1094.0,422.0,196.0,457.0,1,-1,-1,-1
1303,2,1087.0,424.0,201.0,459.0,1,-1,-1,-1
1304,2,1075.0,424.0,212.0,459.0,1,-1,-1,-1
1305,2,1071.0,423.0,214.0,463.0,1,-1,-1,-1
1306,2,1067.0,424.0,213.0,466.0,1,-1,-1,-1
1307,2,1064.0,427.0,213.0,465.0,1,-1,-1,-1
1308,2,1061.0,432.0,216.0,460.0,1,-1,-1,-1
1309,2,1065.0,429.0,210.0,460.0,1,-1,-1,-1
1310,2,1067.0,431.0,208.0,456.0,1,-1,-1,-1
1311,2,1068.0,435.0,205.0,455.0,1,-1,-1,-1
1312,2,1071.0,434.0,200.0,454.0,1,-1,-1,-1
1313,2,1072.0,435.0,199.0,452.0,1,-1,-1,-1
1314,2,1071.0,432.0,200.0,456.0,1,-1,-1,-1
1315,2,1073.0,428.0,195.0,459.0,1,-1,-1,-1
1316,2,1075.0,427.0,195.0,459.0,1,-1,-1,-1
1317,2,1075.0,427.0,191.0,457.0,1,-1,-1,-1
1318,2,1074.0,428.0,191.0,457.0,1,-1,-1,-1
1319,2,1070.0,430.0,193.0,455.0,1,-1,-1,-1
1320,2,1067.0,431.0,193.0,451.0,1,-1,-1,-1
1321,2,1061.0,432.0,196.0,454.0,1,-1,-1,-1
1322,2,1058.0,434.0,200.0,456.0,1,-1,-1,-1
1323,2,1059.0,439.0,198.0,453.0,1,-1,-1,-1
1324,2,1056.0,441.0,200.0,453.0,1,-1,-1,-1
1325,2,1055.0,443.0,198.0,451.0,1,-1,-1,-1
1326,2,1052.0,443.0,200.0,451.0,1,-1,-1,-1
1327,2,1052.0,443.0,199.0,451.0,1,-1,-1,-1
1328,2,1052.0,443.0,197.0,451.0,1,-1,-1,-1
1329,2,1046.0,439.0,201.0,453.0,1,-1,-1,-1
1330,2,1046.0,438.0,200.0,453.0,1,-1,-1,-1
1331,2,1046.0,437.0,198.0,454.0,1,-1,-1,-1
1332,2,1049.0,437.0,193.0,454.0,1,-1,-1,-1
1333,2,1049.0,438.0,190.0,451.0,1,-1,-1,-1
1334,2,1051.0,439.0,185.0,446.0,1,-1,-1,-1
1335,2,1051.0,442.0,181.0,442.0,1,-1,-1,-1
1336,2,1053.0,443.0,179.0,440.0,1,-1,-1,-1
1337,2,1058.0,443.0,171.0,442.0,1,-1,-1,-1
1338,2,1060.0,445.0,165.0,440.0,1,-1,-1,-1
1339,2,1061.0,444.0,167.0,441.0,1,-1,-1,-1
1340,2,1066.0,446.0,166.0,440.0,1,-1,-1,-1
1341,2,1068.0,444.0,165.0,442.0,1,-1,-1,-1
1342,2,1072.0,442.0,163.0,443.0,1,-1,-1,-1
1343,2,1073.0,439.0,161.0,445.0,1,-1,-1,-1
1344,2,1073.0,434.0,158.0,449.0,1,-1,-1,-1
1345,2,1073.0,430.0,157.0,451.0,1,-1,-1,-1
1346,2,1073.0,427.0,155.0,450.0,1,-1,-1,-1
1347,2,1072.0,426.0,155.0,445.0,1,-1,-1,-1
1348,2,1071.0,425.0,153.0,444.0,1,-1,-1,-1
1349,2,1069.0,425.0,154.0,442.0,1,-1,-1,-1
1350,2,1069.0,425.0,152.0,440.0,1,-1,-1,-1
1351,2,1067.0,425.0,154.0,438.0,1,-1,-1,-1
1352,2,1068.0,424.0,155.0,438.0,1,-1,-1,-1
1353,2,1066.0,425.0,157.0,436.0,1,-1,-1,-1
1354,2,1065.0,426.0,158.0,435.0,1,-1,-1,-1
1355,2,1063.0,427.0,158.0,434.0,1,-1,-1,-1
1356,2,1062.0,427.0,159.0,435.0,1,-1,-1,-1
1357,2,1063.0,429.0,159.0,433.0,1,-1,-1,-1
1358,2,1062.0,429.0,157.0,435.0,1,-1,-1,-1
1359,2,1061.0,430.0,155.0,434.0,1,-1,-1,-1
1360,2,1059.0,431.0,156.0,433.0,1,-1,-1,-1
1361,2,1058.0,431.0,162.0,436.0,1,-1,-1,-1
1362,2,1054.0,433.0,178.0,437.0,1,-1,-1,-1
1363,2,1051.0,435.0,188.0,437.0,1,-1,-1,-1
1364,2,1047.0,439.0,207.0,431.0,1,-1,-1,-1
1365,2,1039.0,444.0,229.0,429.0,1,-1,-1,-1
1366,2,1036.0,447.0,242.0,429.0,1,-1,-1,-1
1367,2,1032.0,450.0,263.0,431.0,1,-1,-1,-1
1368,2,1031.0,450.0,268.0,433.0,1,-1,-1,-1
1369,2,1025.0,453.0,278.0,430.0,1,-1,-1,-1
1370,2,1024.0,454.0,279.0,428.0,1,-1,-1,-1
1371,2,1025.0,455.0,274.0,425.0,1,-1,-1,-1
1372,2,1028.0,454.0,262.0,425.0,1,-1,-1,-1
1373,2,1029.0,456.0,242.0,425.0,1,-1,-1,-1
1374,2,1033.0,457.0,227.0,423.0,1,-1,-1,-1
1375,2,1033.0,454.0,205.0,424.0,1,-1,-1,-1
1376,2,1028.0,447.0,190.0,435.0,1,-1,-1,-1
1377,2,1029.0,447.0,173.0,436.0,1,-1,-1,-1
1378,2,1027.0,450.0,157.0,435.0,1,-1,-1,-1
1379,2,1020.0,445.0,145.0,438.0,1,-1,-1,-1
1380,2,1018.0,443.0,135.0,441.0,1,-1,-1,-1
1381,2,1012.0,438.0,135.0,453.0,1,-1,-1,-1
1382,2,1002.0,439.0,140.0,452.0,1,-1,-1,-1
1383,2,993.0,434.0,145.0,456.0,1,-1,-1,-1
1384,2,989.0,435.0,143.0,453.0,1,-1,-1,-1
1385,2,984.0,428.0,143.0,459.0,1,-1,-1,-1
1386,2,972.0,429.0,156.0,456.0,1,-1,-1,-1
1387,2,965.0,433.0,163.0,449.0,1,-1,-1,-1
1388,2,964.0,437.0,164.0,445.0,1,-1,-1,-1
1389,2,960.0,444.0,161.0,437.0,1,-1,-1,-1
1390,2,955.0,440.0,172.0,448.0,1,-1,-1,-1
1391,2,953.0,441.0,170.0,447.0,1,-1,-1,-1
1392,2,952.0,441.0,166.0,444.0,1,-1,-1,-1
1393,2,944.0,440.0,170.0,444.0,1,-1,-1,-1
1394,2,932.0,440.0,178.0,442.0,1,-1,-1,-1
1395,2,922.0,439.0,184.0,444.0,1,-1,-1,-1
1396,2,912.0,436.0,193.0,449.0,1,-1,-1,-1
1397,2,898.0,437.0,201.0,451.0,1,-1,-1,-1
1398,2,898.0,435.0,196.0,453.0,1,-1,-1,-1
1399,2,893.0,438.0,193.0,456.0,1,-1,-1,-1
1400,2,890.0,440.0,191.0,453.0,1,-1,-1,-1
1401,2,882.0,446.0,193.0,453.0,1,-1,-1,-1
1402,2,879.0,448.0,196.0,452.0,1,-1,-1,-1
1403,2,878.0,453.0,190.0,446.0,1,-1,-1,-1
1404,2,878.0,455.0,186.0,442.0,1,-1,-1,-1
1405,2,877.0,455.0,184.0,441.0,1,-1,-1,-1
1406,2,878.0,450.0,181.0,446.0,1,-1,-1,-1
1407,2,880.0,446.0,181.0,449.0,1,-1,-1,-1
1408,2,881.0,443.0,182.0,452.0,1,-1,-1,-1
1409,2,877.0,436.0,183.0,459.0,1,-1,-1,-1
1410,2,877.0,434.0,182.0,459.0,1,-1,-1,-1
1411,2,877.0,432.0,182.0,468.0,1,-1,-1,-1
1412,2,877.0,419.0,185.0,485.0,1,-1,-1,-1
1413,2,876.0,415.0,189.0,492.0,1,-1,-1,-1
1414,2,878.0,412.0,193.0,495.0,1,-1,-1,-1
1415,2,879.0,411.0,194.0,496.0,1,-1,-1,-1
1416,2,883.0,406.0,196.0,504.0,1,-1,-1,-1
1417,2,884.0,407.0,202.0,503.0,1,-1,-1,-1
1418,2,882.0,408.0,212.0,503.0,1,-1,-1,-1
1419,2,880.0,412.0,220.0,495.0,1,-1,-1,-1
1420,2,882.0,415.0,224.0,494.0,1,-1,-1,-1
1421,2,882.0,416.0,230.0,493.0,1,-1,-1,-1
1422,2,883.0,420.0,233.0,489.0,1,-1,-1,-1
1423,2,884.0,422.0,231.0,487.0,1,-1,-1,-1
1424,2,885.0,422.0,226.0,487.0,1,-1,-1,-1
1425,2,883.0,422.0,221.0,484.0,1,-1,-1,-1
1426,2,883.0,421.0,218.0,483.0,1,-1,-1,-1
1427,2,882.0,421.0,216.0,486.0,1,-1,-1,-1
1428,2,883.0,421.0,211.0,485.0,1,-1,-1,-1
1429,2,881.0,420.0,209.0,486.0,1,-1,-1,-1
1430,2,883.0,426.0,203.0,481.0,1,-1,-1,-1
1431,2,882.0,427.0,201.0,477.0,1,-1,-1,-1
1432,2,886.0,430.0,197.0,470.0,1,-1,-1,-1
1433,2,885.0,431.0,196.0,466.0,1,-1,-1,-1
1434,2,887.0,436.0,191.0,460.0,1,-1,-1,-1
1435,2,885.0,442.0,191.0,456.0,1,-1,-1,-1
1436,2,884.0,447.0,190.0,451.0,1,-1,-1,-1
1437,2,882.0,454.0,192.0,444.0,1,-1,-1,-1
1438,2,882.0,459.0,190.0,440.0,1,-1,-1,-1
1439,2,882.0,460.0,188.0,439.0,1,-1,-1,-1
1440,2,883.0,461.0,189.0,436.0,1,-1,-1,-1
1441,2,879.0,456.0,194.0,443.0,1,-1,-1,-1
1442,2,878.0,448.0,198.0,452.0,1,-1,-1,-1
1443,2,881.0,442.0,196.0,455.0,1,-1,-1,-1
1444,2,882.0,438.0,196.0,453.0,1,-1,-1,-1
1445,2,879.0,433.0,197.0,452.0,1,-1,-1,-1
1446,2,877.0,431.0,198.0,449.0,1,-1,-1,-1
1447,2,883.0,427.0,196.0,451.0,1,-1,-1,-1
1448,2,877.0,425.0,207.0,449.0,1,-1,-1,-1
1449,2,881.0,426.0,201.0,444.0,1,-1,-1,-1
1450,2,876.0,425.0,205.0,447.0,1,-1,-1,-1
1451,2,882.0,426.0,196.0,447.0,1,-1,-1,-1
1452,2,903.0,427.0,175.0,444.0,1,-1,-1,-1
1453,2,900.0,427.0,181.0,446.0,1,-1,-1,-1
1454,2,900.0,427.0,181.0,447.0,1,-1,-1,-1
1455,2,902.0,430.0,179.0,443.0,1,-1,-1,-1
1456,2,909.0,431.0,172.0,441.0,1,-1,-1,-1
1457,2,906.0,431.0,173.0,441.0,1,-1,-1,-1
1458,2,925.0,431.0,156.0,438.0,1,-1,-1,-1
1459,2,916.0,430.0,165.0,442.0,1,-1,-1,-1
1460,2,899.0,431.0,181.0,442.0,1,-1,-1,-1
1461,2,899.0,429.0,181.0,443.0,1,-1,-1,-1
1462,2,899.0,429.0,183.0,443.0,1,-1,-1,-1
1463,2,902.0,430.0,181.0,444.0,1,-1,-1,-1
1464,2,897.0,434.0,183.0,446.0,1,-1,-1,-1
1465,2,898.0,438.0,182.0,445.0,1,-1,-1,-1
1466,2,903.0,445.0,174.0,448.0,1,-1,-1,-1
1467,2,902.0,451.0,172.0,452.0,1,-1,-1,-1
1468,2,899.0,457.0,177.0,446.0,1,-1,-1,-1
1469,2,896.0,462.0,180.0,444.0,1,-1,-1,-1
1470,2,895.0,465.0,181.0,438.0,1,-1,-1,-1
1471,2,896.0,461.0,179.0,440.0,1,-1,-1,-1
1472,2,896.0,457.0,179.0,445.0,1,-1,-1,-1
1473,2,896.0,457.0,173.0,445.0,1,-1,-1,-1
1474,2,901.0,453.0,164.0,444.0,1,-1,-1,-1
1475,2,898.0,444.0,166.0,457.0,1,-1,-1,-1
1476,2,901.0,440.0,164.0,461.0,1,-1,-1,-1
1477,2,898.0,433.0,167.0,471.0,1,-1,-1,-1
1478,2,898.0,430.0,169.0,475.0,1,-1,-1,-1
1479,2,897.0,430.0,169.0,478.0,1,-1,-1,-1
1480,2,896.0,429.0,171.0,482.0,1,-1,-1,-1
1481,2,894.0,426.0,174.0,486.0,1,-1,-1,-1
1482,2,893.0,424.0,177.0,490.0,1,-1,-1,-1
1483,2,891.0,424.0,179.0,488.0,1,-1,-1,-1
1484,2,891.0,425.0,178.0,488.0,1,-1,-1,-1
1485,2,892.0,426.0,178.0,486.0,1,-1,-1,-1
1486,2,893.0,426.0,178.0,484.0,1,-1,-1,-1
1487,2,894.0,426.0,179.0,483.0,1,-1,-1,-1
1488,2,894.0,426.0,181.0,487.0,1,-1,-1,-1
1489,2,893.0,426.0,184.0,487.0,1,-1,-1,-1
1490,2,892.0,427.0,187.0,485.0,1,-1,-1,-1
1491,2,893.0,430.0,188.0,479.0,1,-1,-1,-1
1492,2,893.0,431.0,191.0,479.0,1,-1,-1,-1
1493,2,894.0,428.0,190.0,478.0,1,-1,-1,-1
1494,2,894.0,429.0,195.0,474.0,1,-1,-1,-1
1495,2,896.0,431.0,197.0,466.0,1,-1,-1,-1
1496,2,895.0,436.0,206.0,458.0,1,-1,-1,-1
1497,2,895.0,441.0,212.0,453.0,1,-1,-1,-1
1498,2,890.0,443.0,218.0,452.0,1,-1,-1,-1
1499,2,885.0,450.0,218.0,448.0,1,-1,-1,-1
1500,2,886.0,452.0,222.0,448.0,1,-1,-1,-1
1501,2,883.0,453.0,219.0,448.0,1,-1,-1,-1
1502,2,882.0,462.0,212.0,443.0,1,-1,-1,-1
1503,2,881.0,462.0,214.0,442.0,1,-1,-1,-1
1504,2,885.0,457.0,221.0,445.0,1,-1,-1,-1
1505,2,890.0,455.0,220.0,444.0,1,-1,-1,-1
1506,2,892.0,452.0,219.0,443.0,1,-1,-1,-1
1507,2,895.0,450.0,218.0,442.0,1,-1,-1,-1
1508,2,900.0,445.0,211.0,446.0,1,-1,-1,-1
1509,2,912.0,441.0,198.0,446.0,1,-1,-1,-1
1510,2,920.0,438.0,189.0,446.0,1,-1,-1,-1
1511,2,930.0,440.0,178.0,444.0,1,-1,-1,-1
1512,2,930.0,436.0,173.0,445.0,1,-1,-1,-1
1513,2,933.0,435.0,160.0,448.0,1,-1,-1,-1
1514,2,930.0,431.0,163.0,450.0,1,-1,-1,-1
1515,2,929.0,429.0,165.0,449.0,1,-1,-1,-1
1516,2,928.0,429.0,169.0,448.0,1,-1,-1,-1
1517,2,931.0,430.0,170.0,447.0,1,-1,-1,-1
1518,2,930.0,432.0,175.0,440.0,1,-1,-1,-1
1519,2,933.0,434.0,176.0,435.0,1,-1,-1,-1
1520,2,936.0,437.0,179.0,433.0,1,-1,-1,-1
1521,2,936.0,437.0,187.0,427.0,1,-1,-1,-1
1522,2,941.0,435.0,188.0,431.0,1,-1,-1,-1
1523,2,946.0,435.0,190.0,432.0,1,-1,-1,-1
1524,2,951.0,431.0,191.0,434.0,1,-1,-1,-1
1525,2,952.0,430.0,192.0,432.0,1,-1,-1,-1
1526,2,960.0,429.0,186.0,433.0,1,-1,-1,-1
1527,2,970.0,429.0,179.0,430.0,1,-1,-1,-1
1528,2,979.0,429.0,174.0,428.0,1,-1,-1,-1
1529,2,983.0,428.0,170.0,428.0,1,-1,-1,-1
1530,2,985.0,432.0,172.0,424.0,1,-1,-1,-1
1531,2,985.0,436.0,174.0,423.0,1,-1,-1,-1
1532,2,985.0,438.0,176.0,424.0,1,-1,-1,-1
1533,2,989.0,445.0,179.0,418.0,1,-1,-1,-1
1534,2,988.0,449.0,184.0,417.0,1,-1,-1,-1
1535,2,989.0,449.0,185.0,417.0,1,-1,-1,-1
1536,2,989.0,449.0,184.0,417.0,1,-1,-1,-1
1537,2,990.0,447.0,182.0,418.0,1,-1,-1,-1
1538,2,990.0,445.0,184.0,421.0,1,-1,-1,-1
1539,2,992.0,436.0,183.0,429.0,1,-1,-1,-1
1540,2,996.0,433.0,177.0,431.0,1,-1,-1,-1
1541,2,1007.0,429.0,165.0,432.0,1,-1,-1,-1
1542,2,1014.0,425.0,155.0,433.0,1,-1,-1,-1
1543,2,1016.0,423.0,152.0,432.0,1,-1,-1,-1
1544,2,1019.0,422.0,149.0,432.0,1,-1,-1,-1
1545,2,1021.0,422.0,145.0,430.0,1,-1,-1,-1
1546,2,1021.0,423.0,143.0,426.0,1,-1,-1,-1
1547,2,1022.0,422.0,143.0,428.0,1,-1,-1,-1
1548,2,1020.0,423.0,148.0,432.0,1,-1,-1,-1
1549,2,1015.0,422.0,153.0,435.0,1,-1,-1,-1
1550,2,1012.0,423.0,156.0,435.0,1,-1,-1,-1
1551,2,1011.0,424.0,158.0,434.0,1,-1,-1,-1
1552,2,1009.0,425.0,161.0,433.0,1,-1,-1,-1
1553,2,1007.0,425.0,162.0,433.0,1,-1,-1,-1
1554,2,1008.0,426.0,160.0,431.0,1,-1,-1,-1
1555,2,1011.0,425.0,157.0,430.0,1,-1,-1,-1
1556,2,1013.0,425.0,154.0,431.0,1,-1,-1,-1
1557,2,1017.0,423.0,151.0,430.0,1,-1,-1,-1
1558,2,1016.0,423.0,151.0,433.0,1,-1,-1,-1
1559,2,1016.0,422.0,150.0,437.0,1,-1,-1,-1
1560,2,1018.0,423.0,146.0,435.0,1,-1,-1,-1
1561,2,1015.0,424.0,147.0,434.0,1,-1,-1,-1
1562,2,1014.0,426.0,150.0,438.0,1,-1,-1,-1
1563,2,1015.0,428.0,151.0,440.0,1,-1,-1,-1
1564,2,1013.0,433.0,153.0,438.0,1,-1,-1,-1
1565,2,1011.0,439.0,153.0,432.0,1,-1,-1,-1
1566,2,1002.0,446.0,157.0,428.0,1,-1,-1,-1
1567,2,992.0,448.0,165.0,426.0,1,-1,-1,-1
1568,2,982.0,450.0,175.0,422.0,1,-1,-1,-1
1569,2,973.0,455.0,182.0,419.0,1,-1,-1,-1
1570,2,967.0,455.0,186.0,418.0,1,-1,-1,-1
1571,2,963.0,453.0,190.0,419.0,1,-1,-1,-1
1572,2,958.0,452.0,194.0,419.0,1,-1,-1,-1
1573,2,951.0,447.0,200.0,425.0,1,-1,-1,-1
1574,2,953.0,444.0,200.0,428.0,1,-1,-1,-1
1575,2,953.0,437.0,199.0,436.0,1,-1,-1,-1
1576,2,952.0,431.0,202.0,441.0,1,-1,-1,-1
1577,2,954.0,426.0,201.0,444.0,1,-1,-1,-1
1578,2,950.0,424.0,204.0,447.0,1,-1,-1,-1
1579,2,954.0,422.0,200.0,452.0,1,-1,-1,-1
1580,2,956.0,421.0,202.0,456.0,1,-1,-1,-1
1581,2,951.0,420.0,211.0,462.0,1,-1,-1,-1
1582,2,951.0,420.0,215.0,461.0,1,-1,-1,-1
1583,2,953.0,421.0,216.0,458.0,1,-1,-1,-1
1584,2,957.0,421.0,214.0,464.0,1,-1,-1,-1
1585,2,965.0,425.0,206.0,460.0,1,-1,-1,-1
1586,2,965.0,425.0,206.0,461.0,1,-1,-1,-1
1587,2,969.0,427.0,203.0,459.0,1,-1,-1,-1
1588,2,966.0,426.0,205.0,459.0,1,-1,-1,-1
1589,2,974.0,425.0,196.0,460.0,1,-1,-1,-1
1590,2,978.0,424.0,190.0,457.0,1,-1,-1,-1
1591,2,980.0,425.0,185.0,454.0,1,-1,-1,-1
1592,2,986.0,427.0,176.0,451.0,1,-1,-1,-1
1593,2,989.0,428.0,173.0,452.0,1,-1,-1,-1
1594,2,990.0,430.0,170.0,450.0,1,-1,-1,-1
1595,2,991.0,433.0,169.0,444.0,1,-1,-1,-1
1596,2,994.0,435.0,167.0,440.0,1,-1,-1,-1
1597,2,997.0,439.0,169.0,433.0,1,-1,-1,-1
1598,2,1000.0,442.0,169.0,429.0,1,-1,-1,-1
1599,2,1004.0,448.0,169.0,422.0,1,-1,-1,-1
1600,2,1005.0,452.0,171.0,418.0,1,-1,-1,-1
1601,2,1006.0,456.0,172.0,414.0,1,-1,-1,-1
1602,2,1007.0,456.0,175.0,414.0,1,-1,-1,-1
1603,2,1010.0,455.0,170.0,416.0,1,-1,-1,-1
1604,2,1012.0,455.0,168.0,416.0,1,-1,-1,-1
1605,2,1011.0,445.0,164.0,426.0,1,-1,-1,-1
1606,2,1012.0,440.0,162.0,432.0,1,-1,-1,-1
1607,2,1012.0,432.0,159.0,438.0,1,-1,-1,-1
1608,2,1013.0,429.0,158.0,440.0,1,-1,-1,-1
1609,2,1016.0,426.0,151.0,442.0,1,-1,-1,-1
1610,2,1020.0,427.0,142.0,435.0,1,-1,-1,-1
1611,2,1016.0,423.0,146.0,438.0,1,-1,-1,-1
1612,2,1014.0,422.0,145.0,435.0,1,-1,-1,-1
1613,2,1011.0,423.0,147.0,433.0,1,-1,-1,-1
1614,2,1010.0,423.0,148.0,433.0,1,-1,-1,-1
1615,2,1010.0,424.0,149.0,433.0,1,-1,-1,-1
1616,2,1009.0,425.0,152.0,432.0,1,-1,-1,-1
1617,2,1011.0,425.0,151.0,431.0,1,-1,-1,-1
1618,2,1010.0,425.0,153.0,431.0,1,-1,-1,-1
1619,2,1010.0,426.0,155.0,431.0,1,-1,-1,-1
1620,2,1013.0,426.0,150.0,430.0,1,-1,-1,-1
1621,2,1012.0,426.0,150.0,429.0,1,-1,-1,-1
1622,2,1015.0,425.0,147.0,428.0,1,-1,-1,-1
1623,2,1015.0,425.0,145.0,429.0,1,-1,-1,-1
1624,2,1017.0,427.0,145.0,428.0,1,-1,-1,-1
1625,2,1017.0,427.0,144.0,428.0,1,-1,-1,-1
1626,2,1018.0,428.0,143.0,431.0,1,-1,-1,-1
1627,2,1020.0,428.0,141.0,435.0,1,-1,-1,-1
1628,2,1019.0,430.0,143.0,433.0,1,-1,-1,-1
1629,2,1017.0,437.0,144.0,430.0,1,-1,-1,-1
1630,2,1012.0,440.0,149.0,429.0,1,-1,-1,-1
1631,2,1008.0,444.0,152.0,425.0,1,-1,-1,-1
1632,2,1004.0,446.0,157.0,424.0,1,-1,-1,-1
1633,2,998.0,451.0,162.0,419.0,1,-1,-1,-1
1634,2,994.0,453.0,165.0,416.0,1,-1,-1,-1
1635,2,991.0,449.0,170.0,421.0,1,-1,-1,-1
1636,2,985.0,449.0,175.0,418.0,1,-1,-1,-1
1637,2,978.0,443.0,183.0,423.0,1,-1,-1,-1
1638,2,977.0,437.0,179.0,429.0,1,-1,-1,-1
1639,2,967.0,428.0,186.0,440.0,1,-1,-1,-1
1640,2,966.0,423.0,183.0,444.0,1,-1,-1,-1
1641,2,962.0,420.0,185.0,443.0,1,-1,-1,-1
1642,2,963.0,417.0,181.0,445.0,1,-1,-1,-1
1643,2,964.0,415.0,177.0,443.0,1,-1,-1,-1
1644,2,963.0,412.0,175.0,451.0,1,-1,-1,-1
1645,2,966.0,410.0,170.0,455.0,1,-1,-1,-1
1646,2,974.0,410.0,161.0,457.0,1,-1,-1,-1
1647,2,971.0,412.0,163.0,461.0,1,-1,-1,-1
1648,2,965.0,411.0,171.0,465.0,1,-1,-1,-1
1649,2,964.0,412.0,172.0,467.0,1,-1,-1,-1
1650,2,961.0,415.0,174.0,466.0,1,-1,-1,-1
1651,2,963.0,416.0,173.0,469.0,1,-1,-1,-1
1652,2,959.0,418.0,175.0,469.0,1,-1,-1,-1
1653,2,956.0,421.0,176.0,466.0,1,-1,-1,-1
1654,2,953.0,426.0,177.0,456.0,1,-1,-1,-1
1655,2,956.0,423.0,175.0,462.0,1,-1,-1,-1
1656,2,952.0,428.0,176.0,454.0,1,-1,-1,-1
1657,2,957.0,425.0,173.0,460.0,1,-1,-1,-1
1658,2,961.0,423.0,167.0,461.0,1,-1,-1,-1
1659,2,964.0,420.0,168.0,462.0,1,-1,-1,-1
1660,2,968.0,428.0,169.0,452.0,1,-1,-1,-1
1661,2,970.0,426.0,167.0,454.0,1,-1,-1,-1
1662,2,969.0,426.0,169.0,452.0,1,-1,-1,-1
1663,2,971.0,425.0,169.0,454.0,1,-1,-1,-1
1664,2,971.0,427.0,170.0,449.0,1,-1,-1,-1
1665,2,969.0,431.0,171.0,442.0,1,-1,-1,-1
1666,2,967.0,433.0,173.0,436.0,1,-1,-1,-1
1667,2,968.0,439.0,174.0,427.0,1,-1,-1,-1
1668,2,962.0,444.0,184.0,422.0,1,-1,-1,-1
1669,2,962.0,448.0,192.0,416.0,1,-1,-1,-1
1670,2,966.0,448.0,197.0,414.0,1,-1,-1,-1
1671,2,971.0,449.0,204.0,410.0,1,-1,-1,-1
1672,2,972.0,449.0,216.0,409.0,1,-1,-1,-1
1673,2,970.0,448.0,229.0,409.0,1,-1,-1,-1
1674,2,972.0,446.0,231.0,412.0,1,-1,-1,-1
1675,2,977.0,444.0,219.0,418.0,1,-1,-1,-1
1676,2,975.0,440.0,218.0,424.0,1,-1,-1,-1
1677,2,978.0,439.0,221.0,427.0,1,-1,-1,-1
1678,2,981.0,435.0,234.0,432.0,1,-1,-1,-1
1679,2,982.0,433.0,225.0,440.0,1,-1,-1,-1
1680,2,980.0,434.0,219.0,446.0,1,-1,-1,-1
1681,2,976.0,437.0,205.0,442.0,1,-1,-1,-1
1682,2,970.0,438.0,204.0,441.0,1,-1,-1,-1
1683,2,959.0,439.0,205.0,442.0,1,-1,-1,-1
1684,2,956.0,442.0,201.0,441.0,1,-1,-1,-1
1685,2,954.0,443.0,194.0,443.0,1,-1,-1,-1
1686,2,952.0,442.0,192.0,446.0,1,-1,-1,-1
1687,2,954.0,439.0,187.0,450.0,1,-1,-1,-1
1688,2,956.0,437.0,182.0,450.0,1,-1,-1,-1
1689,2,964.0,436.0,175.0,450.0,1,-1,-1,-1
1690,2,965.0,435.0,173.0,450.0,1,-1,-1,-1
1691,2,961.0,428.0,173.0,460.0,1,-1,-1,-1
1692,2,962.0,428.0,172.0,459.0,1,-1,-1,-1
1693,2,960.0,427.0,175.0,460.0,1,-1,-1,-1
1694,2,961.0,428.0,175.0,457.0,1,-1,-1,-1
1695,2,961.0,432.0,178.0,448.0,1,-1,-1,-1
1696,2,960.0,435.0,178.0,443.0,1,-1,-1,-1
1697,2,962.0,437.0,177.0,440.0,1,-1,-1,-1
1698,2,963.0,439.0,178.0,441.0,1,-1,-1,-1
1699,2,962.0,444.0,177.0,436.0,1,-1,-1,-1
1700,2,960.0,446.0,179.0,434.0,1,-1,-1,-1
1701,2,960.0,449.0,178.0,430.0,1,-1,-1,-1
1702,2,957.0,450.0,182.0,430.0,1,-1,-1,-1
1703,2,957.0,450.0,184.0,430.0,1,-1,-1,-1
1704,2,958.0,448.0,184.0,432.0,1,-1,-1,-1
1705,2,959.0,448.0,184.0,431.0,1,-1,-1,-1
1706,2,960.0,444.0,182.0,435.0,1,-1,-1,-1
1707,2,959.0,440.0,187.0,435.0,1,-1,-1,-1
1708,2,960.0,435.0,186.0,433.0,1,-1,-1,-1
1709,2,966.0,431.0,179.0,433.0,1,-1,-1,-1
1710,2,965.0,425.0,184.0,439.0,1,-1,-1,-1
1711,2,963.0,421.0,188.0,438.0,1,-1,-1,-1
1712,2,952.0,421.0,200.0,434.0,1,-1,-1,-1
1713,2,964.0,420.0,187.0,433.0,1,-1,-1,-1
1714,2,959.0,420.0,193.0,434.0,1,-1,-1,-1
1715,2,953.0,421.0,199.0,433.0,1,-1,-1,-1
1716,2,960.0,423.0,190.0,431.0,1,-1,-1,-1
1717,2,974.0,425.0,175.0,428.0,1,-1,-1,-1
1718,2,974.0,426.0,175.0,432.0,1,-1,-1,-1
1719,2,979.0,426.0,172.0,435.0,1,-1,-1,-1
1720,2,974.0,428.0,177.0,432.0,1,-1,-1,-1
1721,2,978.0,428.0,172.0,432.0,1,-1,-1,-1
1722,2,969.0,430.0,180.0,427.0,1,-1,-1,-1
1723,2,960.0,430.0,189.0,426.0,1,-1,-1,-1
1724,2,953.0,431.0,195.0,425.0,1,-1,-1,-1
1725,2,971.0,434.0,181.0,417.0,1,-1,-1,-1
1726,2,960.0,434.0,193.0,422.0,1,-1,-1,-1
1727,2,965.0,437.0,188.0,419.0,1,-1,-1,-1
1728,2,972.0,439.0,182.0,423.0,1,-1,-1,-1
1729,2,979.0,443.0,172.0,422.0,1,-1,-1,-1
1730,2,991.0,453.0,161.0,420.0,1,-1,-1,-1
1731,2,984.0,451.0,166.0,430.0,1,-1,-1,-1
1732,2,978.0,456.0,163.0,426.0,1,-1,-1,-1
1733,2,974.0,458.0,165.0,426.0,1,-1,-1,-1
1734,2,976.0,459.0,161.0,425.0,1,-1,-1,-1
1735,2,978.0,455.0,160.0,428.0,1,-1,-1,-1
1736,2,979.0,452.0,159.0,431.0,1,-1,-1,-1
1737,2,980.0,451.0,157.0,433.0,1,-1,-1,-1
1738,2,980.0,447.0,161.0,437.0,1,-1,-1,-1
1739,2,978.0,444.0,162.0,440.0,1,-1,-1,-1
1740,2,976.0,438.0,159.0,446.0,1,-1,-1,-1
1741,2,980.0,433.0,154.0,450.0,1,-1,-1,-1
1742,2,979.0,426.0,155.0,457.0,1,-1,-1,-1
1743,2,979.0,424.0,156.0,460.0,1,-1,-1,-1
1744,2,978.0,423.0,157.0,460.0,1,-1,-1,-1
1745,2,973.0,415.0,162.0,472.0,1,-1,-1,-1
1746,2,970.0,416.0,165.0,476.0,1,-1,-1,-1
1747,2,970.0,416.0,165.0,476.0,1,-1,-1,-1
1748,2,969.0,415.0,166.0,477.0,1,-1,-1,-1
1749,2,967.0,423.0,169.0,468.0,1,-1,-1,-1
1750,2,966.0,416.0,171.0,474.0,1,-1,-1,-1
1751,2,967.0,419.0,170.0,470.0,1,-1,-1,-1
1752,2,968.0,420.0,168.0,469.0,1,-1,-1,-1
1753,2,971.0,420.0,164.0,469.0,1,-1,-1,-1
1754,2,968.0,422.0,166.0,469.0,1,-1,-1,-1
1755,2,970.0,422.0,164.0,468.0,1,-1,-1,-1
1756,2,975.0,426.0,164.0,466.0,1,-1,-1,-1
1757,2,974.0,429.0,165.0,462.0,1,-1,-1,-1
1758,2,976.0,430.0,163.0,458.0,1,-1,-1,-1
1759,2,974.0,433.0,166.0,454.0,1,-1,-1,-1
1760,2,977.0,435.0,167.0,451.0,1,-1,-1,-1
1761,2,972.0,440.0,170.0,443.0,1,-1,-1,-1
1762,2,972.0,446.0,171.0,434.0,1,-1,-1,-1
1763,2,973.0,446.0,170.0,438.0,1,-1,-1,-1
1764,2,974.0,449.0,172.0,433.0,1,-1,-1,-1
1765,2,975.0,447.0,176.0,435.0,1,-1,-1,-1
1766,2,974.0,448.0,177.0,433.0,1,-1,-1,-1
1767,2,972.0,446.0,177.0,436.0,1,-1,-1,-1
1768,2,974.0,440.0,171.0,442.0,1,-1,-1,-1
1769,2,979.0,433.0,167.0,447.0,1,-1,-1,-1
1770,2,982.0,428.0,161.0,452.0,1,-1,-1,-1
1771,2,979.0,424.0,164.0,448.0,1,-1,-1,-1
1772,2,979.0,420.0,161.0,444.0,1,-1,-1,-1
1773,2,980.0,419.0,164.0,442.0,1,-1,-1,-1
1774,2,968.0,419.0,178.0,437.0,1,-1,-1,-1
1775,2,954.0,419.0,197.0,438.0,1,-1,-1,-1
1776,2,951.0,421.0,201.0,432.0,1,-1,-1,-1
1777,2,936.0,421.0,217.0,429.0,1,-1,-1,-1
1778,2,933.0,421.0,217.0,425.0,1,-1,-1,-1
1779,2,929.0,423.0,226.0,423.0,1,-1,-1,-1
1780,2,929.0,424.0,223.0,426.0,1,-1,-1,-1
1781,2,929.0,427.0,220.0,425.0,1,-1,-1,-1
1782,2,927.0,431.0,227.0,423.0,1,-1,-1,-1
1783,2,926.0,436.0,228.0,420.0,1,-1,-1,-1
1784,2,928.0,440.0,223.0,415.0,1,-1,-1,-1
1785,2,928.0,442.0,225.0,413.0,1,-1,-1,-1
1786,2,931.0,443.0,219.0,412.0,1,-1,-1,-1
1787,2,935.0,444.0,215.0,411.0,1,-1,-1,-1
1788,2,935.0,442.0,214.0,412.0,1,-1,-1,-1
1789,2,949.0,439.0,200.0,415.0,1,-1,-1,-1
1790,2,959.0,434.0,194.0,420.0,1,-1,-1,-1
1791,2,961.0,433.0,190.0,422.0,1,-1,-1,-1
1792,2,960.0,432.0,189.0,423.0,1,-1,-1,-1
1793,2,964.0,429.0,183.0,423.0,1,-1,-1,-1
1794,2,973.0,428.0,175.0,430.0,1,-1,-1,-1
1795,2,985.0,430.0,165.0,430.0,1,-1,-1,-1
1796,2,989.0,432.0,161.0,438.0,1,-1,-1,-1
1797,2,999.0,436.0,151.0,435.0,1,-1,-1,-1
1798,2,1002.0,441.0,150.0,434.0,1,-1,-1,-1
1799,2,994.0,442.0,161.0,432.0,1,-1,-1,-1
1800,2,997.0,446.0,160.0,424.0,1,-1,-1,-1
1801,2,994.0,447.0,169.0,428.0,1,-1,-1,-1
1802,2,993.0,448.0,172.0,428.0,1,-1,-1,-1
1803,2,993.0,447.0,182.0,430.0,1,-1,-1,-1
1804,2,995.0,443.0,191.0,435.0,1,-1,-1,-1
1805,2,997.0,439.0,201.0,439.0,1,-1,-1,-1
1806,2,997.0,437.0,208.0,435.0,1,-1,-1,-1
1807,2,1000.0,433.0,216.0,436.0,1,-1,-1,-1
1808,2,1003.0,429.0,220.0,440.0,1,-1,-1,-1
1809,2,1006.0,429.0,224.0,439.0,1,-1,-1,-1
1810,2,1010.0,430.0,224.0,436.0,1,-1,-1,-1
1811,2,1012.0,428.0,222.0,437.0,1,-1,-1,-1
1812,2,1009.0,431.0,221.0,433.0,1,-1,-1,-1
1813,2,1011.0,434.0,217.0,425.0,1,-1,-1,-1
1814,2,1010.0,434.0,210.0,422.0,1,-1,-1,-1
1815,2,1011.0,437.0,195.0,419.0,1,-1,-1,-1
1816,2,1019.0,436.0,180.0,419.0,1,-1,-1,-1
1817,2,1017.0,437.0,179.0,418.0,1,-1,-1,-1
1818,2,1018.0,437.0,177.0,422.0,1,-1,-1,-1
1819,2,1019.0,438.0,170.0,420.0,1,-1,-1,-1
1820,2,1018.0,440.0,167.0,418.0,1,-1,-1,-1
1821,2,1013.0,440.0,167.0,416.0,1,-1,-1,-1
1822,2,1012.0,439.0,167.0,417.0,1,-1,-1,-1
1823,2,1013.0,437.0,166.0,418.0,1,-1,-1,-1
1824,2,1013.0,436.0,166.0,419.0,1,-1,-1,-1
1825,2,1011.0,430.0,168.0,424.0,1,-1,-1,-1
1826,2,1007.0,425.0,171.0,430.0,1,-1,-1,-1
1827,2,1006.0,422.0,172.0,433.0,1,-1,-1,-1
1828,2,998.0,414.0,182.0,440.0,1,-1,-1,-1
1829,2,999.0,413.0,179.0,442.0,1,-1,-1,-1
1830,2,997.0,409.0,181.0,448.0,1,-1,-1,-1
1831,2,998.0,405.0,178.0,453.0,1,-1,-1,-1
1832,2,993.0,402.0,186.0,463.0,1,-1,-1,-1
1833,2,994.0,400.0,183.0,469.0,1,-1,-1,-1
1834,2,992.0,400.0,187.0,475.0,1,-1,-1,-1
1835,2,991.0,401.0,188.0,473.0,1,-1,-1,-1
1836,2,990.0,403.0,189.0,476.0,1,-1,-1,-1
1837,2,991.0,406.0,187.0,473.0,1,-1,-1,-1
1838,2,990.0,408.0,188.0,469.0,1,-1,-1,-1
1839,2,990.0,411.0,191.0,465.0,1,-1,-1,-1
1840,2,988.0,414.0,193.0,463.0,1,-1,-1,-1
1841,2,986.0,417.0,193.0,456.0,1,-1,-1,-1
1842,2,987.0,423.0,189.0,448.0,1,-1,-1,-1
1843,2,988.0,428.0,187.0,446.0,1,-1,-1,-1
1844,2,987.0,431.0,190.0,443.0,1,-1,-1,-1
1845,2,989.0,436.0,187.0,438.0,1,-1,-1,-1
1846,2,989.0,446.0,190.0,429.0,1,-1,-1,-1
1847,2,990.0,452.0,191.0,422.0,1,-1,-1,-1
1848,2,990.0,458.0,192.0,418.0,1,-1,-1,-1
1849,2,990.0,462.0,191.0,416.0,1,-1,-1,-1
1850,2,991.0,467.0,185.0,410.0,1,-1,-1,-1
1851,2,995.0,475.0,184.0,399.0,1,-1,-1,-1
1852,2,998.0,486.0,187.0,389.0,1,-1,-1,-1
1853,2,1001.0,490.0,186.0,386.0,1,-1,-1,-1
1854,2,1001.0,491.0,188.0,385.0,1,-1,-1,-1
1855,2,1000.0,491.0,189.0,386.0,1,-1,-1,-1
1856,2,1000.0,489.0,191.0,389.0,1,-1,-1,-1
1857,2,1001.0,487.0,194.0,391.0,1,-1,-1,-1
1858,2,1000.0,481.0,198.0,398.0,1,-1,-1,-1
1859,2,1000.0,480.0,204.0,399.0,1,-1,-1,-1
1860,2,1001.0,476.0,212.0,403.0,1,-1,-1,-1
1861,2,999.0,477.0,217.0,403.0,1,-1,-1,-1
1862,2,995.0,477.0,230.0,401.0,1,-1,-1,-1
1863,2,992.0,475.0,237.0,402.0,1,-1,-1,-1
1864,2,990.0,475.0,242.0,401.0,1,-1,-1,-1
1865,2,986.0,477.0,246.0,398.0,1,-1,-1,-1
1866,2,984.0,483.0,247.0,390.0,1,-1,-1,-1
1867,2,983.0,481.0,243.0,392.0,1,-1,-1,-1
1868,2,982.0,477.0,241.0,396.0,1,-1,-1,-1
1869,2,984.0,471.0,229.0,402.0,1,-1,-1,-1
1870,2,985.0,468.0,219.0,405.0,1,-1,-1,-1
1871,2,990.0,461.0,198.0,414.0,1,-1,-1,-1
1872,2,991.0,457.0,189.0,416.0,1,-1,-1,-1
1873,2,992.0,456.0,180.0,419.0,1,-1,-1,-1
1874,2,995.0,455.0,167.0,421.0,1,-1,-1,-1
1875,2,994.0,452.0,160.0,427.0,1,-1,-1,-1
1876,2,992.0,448.0,158.0,427.0,1,-1,-1,-1
1877,2,992.0,446.0,155.0,433.0,1,-1,-1,-1
1878,2,995.0,445.0,149.0,438.0,1,-1,-1,-1
1879,2,998.0,450.0,150.0,431.0,1,-1,-1,-1
1880,2,1000.0,450.0,147.0,434.0,1,-1,-1,-1
1881,2,1004.0,453.0,145.0,432.0,1,-1,-1,-1
1882,2,1004.0,452.0,149.0,430.0,1,-1,-1,-1
1883,2,1007.0,453.0,152.0,431.0,1,-1,-1,-1
1884,2,1006.0,455.0,157.0,424.0,1,-1,-1,-1
1885,2,1007.0,449.0,162.0,432.0,1,-1,-1,-1
1886,2,1007.0,446.0,170.0,431.0,1,-1,-1,-1
1887,2,1006.0,440.0,175.0,438.0,1,-1,-1,-1
1888,2,1010.0,433.0,174.0,444.0,1,-1,-1,-1
1889,2,1011.0,427.0,173.0,454.0,1,-1,-1,-1
1890,2,1008.0,422.0,175.0,462.0,1,-1,-1,-1
1891,2,1007.0,420.0,175.0,458.0,1,-1,-1,-1
1892,2,1008.0,417.0,177.0,458.0,1,-1,-1,-1
1893,2,1010.0,416.0,180.0,454.0,1,-1,-1,-1
1894,2,1008.0,415.0,181.0,452.0,1,-1,-1,-1
1895,2,1004.0,416.0,191.0,455.0,1,-1,-1,-1
1896,2,1003.0,417.0,200.0,456.0,1,-1,-1,-1
1897,2,1000.0,417.0,213.0,460.0,1,-1,-1,-1
1898,2,996.0,420.0,226.0,457.0,1,-1,-1,-1
1899,2,996.0,423.0,232.0,454.0,1,-1,-1,-1
1900,2,999.0,426.0,236.0,451.0,1,-1,-1,-1
1901,2,999.0,428.0,236.0,449.0,1,-1,-1,-1
1902,2,1000.0,433.0,236.0,443.0,1,-1,-1,-1
1903,2,1005.0,434.0,231.0,442.0,1,-1,-1,-1
1904,2,1002.0,438.0,233.0,438.0,1,-1,-1,-1
1905,2,1001.0,442.0,232.0,435.0,1,-1,-1,-1
1906,2,1007.0,447.0,220.0,431.0,1,-1,-1,-1
1907,2,1008.0,451.0,213.0,430.0,1,-1,-1,-1
1908,2,1008.0,454.0,209.0,425.0,1,-1,-1,-1
1909,2,1006.0,458.0,209.0,421.0,1,-1,-1,-1
1910,2,1004.0,466.0,210.0,412.0,1,-1,-1,-1
1911,2,1001.0,474.0,216.0,405.0,1,-1,-1,-1
1912,2,995.0,485.0,222.0,396.0,1,-1,-1,-1
1913,2,994.0,494.0,221.0,387.0,1,-1,-1,-1
1914,2,992.0,502.0,221.0,379.0,1,-1,-1,-1
1915,2,993.0,507.0,221.0,374.0,1,-1,-1,-1
1916,2,991.0,508.0,223.0,373.0,1,-1,-1,-1
1917,2,990.0,509.0,223.0,372.0,1,-1,-1,-1
1918,2,989.0,507.0,226.0,375.0,1,-1,-1,-1
1919,2,992.0,506.0,220.0,376.0,1,-1,-1,-1
1920,2,989.0,503.0,223.0,380.0,1,-1,-1,-1
1921,2,991.0,500.0,221.0,381.0,1,-1,-1,-1
1922,2,992.0,496.0,218.0,386.0,1,-1,-1,-1
1923,2,992.0,492.0,217.0,388.0,1,-1,-1,-1
1924,2,994.0,489.0,214.0,389.0,1,-1,-1,-1
1925,2,990.0,486.0,219.0,393.0,1,-1,-1,-1
1926,2,989.0,484.0,220.0,396.0,1,-1,-1,-1
1927,2,987.0,483.0,222.0,398.0,1,-1,-1,-1
1928,2,983.0,483.0,227.0,400.0,1,-1,-1,-1
1929,2,979.0,486.0,239.0,400.0,1,-1,-1,-1
1930,2,973.0,485.0,255.0,401.0,1,-1,-1,-1
1931,2,973.0,485.0,257.0,402.0,1,-1,-1,-1
1932,2,975.0,487.0,259.0,400.0,1,-1,-1,-1
1933,2,974.0,485.0,261.0,402.0,1,-1,-1,-1
1934,2,972.0,482.0,259.0,405.0,1,-1,-1,-1
1935,2,973.0,476.0,246.0,409.0,1,-1,-1,-1
1936,2,976.0,470.0,232.0,414.0,1,-1,-1,-1
1937,2,980.0,465.0,224.0,416.0,1,-1,-1,-1
1938,2,983.0,461.0,222.0,418.0,1,-1,-1,-1
1939,2,992.0,463.0,221.0,409.0,1,-1,-1,-1
1940,2,1018.0,461.0,190.0,410.0,1,-1,-1,-1
1941,2,1029.0,458.0,189.0,412.0,1,-1,-1,-1
1942,2,1029.0,458.0,190.0,410.0,1,-1,-1,-1
1943,2,1033.0,461.0,185.0,407.0,1,-1,-1,-1
1944,2,1035.0,461.0,177.0,407.0,1,-1,-1,-1
1945,2,1040.0,458.0,171.0,412.0,1,-1,-1,-1
1946,2,1042.0,458.0,169.0,412.0,1,-1,-1,-1
1947,2,1035.0,457.0,178.0,410.0,1,-1,-1,-1
1948,2,1034.0,454.0,182.0,410.0,1,-1,-1,-1
1949,2,1036.0,451.0,181.0,413.0,1,-1,-1,-1
1950,2,1038.0,449.0,181.0,414.0,1,-1,-1,-1
1951,2,1035.0,446.0,183.0,417.0,1,-1,-1,-1
1952,2,1037.0,444.0,178.0,420.0,1,-1,-1,-1
1953,2,1030.0,438.0,187.0,425.0,1,-1,-1,-1
1954,2,1024.0,437.0,192.0,427.0,1,-1,-1,-1
1955,2,1023.0,437.0,192.0,432.0,1,-1,-1,-1
1956,2,1025.0,439.0,196.0,433.0,1,-1,-1,-1
1957,2,1025.0,440.0,196.0,438.0,1,-1,-1,-1
1958,2,1021.0,444.0,204.0,438.0,1,-1,-1,-1
1959,2,1019.0,448.0,212.0,441.0,1,-1,-1,-1
1960,2,1012.0,446.0,229.0,445.0,1,-1,-1,-1
1961,2,1011.0,454.0,251.0,439.0,1,-1,-1,-1
1962,2,1010.0,454.0,273.0,440.0,1,-1,-1,-1
1963,2,1012.0,458.0,278.0,435.0,1,-1,-1,-1
1964,2,1009.0,462.0,284.0,429.0,1,-1,-1,-1
1965,2,1009.0,468.0,281.0,423.0,1,-1,-1,-1
1966,2,1005.0,471.0,275.0,420.0,1,-1,-1,-1
1967,2,1006.0,472.0,265.0,419.0,1,-1,-1,-1
1968,2,1008.0,468.0,248.0,424.0,1,-1,-1,-1
1969,2,1010.0,468.0,224.0,423.0,1,-1,-1,-1
1970,2,1013.0,463.0,204.0,430.0,1,-1,-1,-1
1971,2,1016.0,456.0,192.0,435.0,1,-1,-1,-1
1972,2,1014.0,453.0,193.0,440.0,1,-1,-1,-1
1973,2,1014.0,450.0,191.0,444.0,1,-1,-1,-1
1974,2,1013.0,447.0,195.0,449.0,1,-1,-1,-1
1975,2,1010.0,447.0,202.0,453.0,1,-1,-1,-1
1976,2,1011.0,445.0,206.0,457.0,1,-1,-1,-1
1977,2,1010.0,442.0,213.0,461.0,1,-1,-1,-1
1978,2,1009.0,441.0,217.0,465.0,1,-1,-1,-1
1979,2,1012.0,443.0,222.0,460.0,1,-1,-1,-1
1980,2,1015.0,440.0,221.0,459.0,1,-1,-1,-1
1981,2,1015.0,439.0,220.0,458.0,1,-1,-1,-1
1982,2,1016.0,436.0,218.0,461.0,1,-1,-1,-1
1983,2,1015.0,436.0,219.0,461.0,1,-1,-1,-1
1984,2,1013.0,435.0,223.0,458.0,1,-1,-1,-1
1985,2,1016.0,436.0,223.0,455.0,1,-1,-1,-1
1986,2,1027.0,442.0,210.0,448.0,1,-1,-1,-1
1987,2,1029.0,444.0,209.0,448.0,1,-1,-1,-1
1988,2,1032.0,448.0,204.0,445.0,1,-1,-1,-1
1989,2,1043.0,452.0,193.0,438.0,1,-1,-1,-1
1990,2,1046.0,457.0,190.0,434.0,1,-1,-1,-1
1991,2,1046.0,462.0,191.0,433.0,1,-1,-1,-1
1992,2,1045.0,467.0,192.0,433.0,1,-1,-1,-1
1993,2,1044.0,471.0,192.0,428.0,1,-1,-1,-1
1994,2,1044.0,477.0,190.0,424.0,1,-1,-1,-1
1995,2,1042.0,484.0,196.0,418.0,1,-1,-1,-1
1996,2,1044.0,485.0,208.0,416.0,1,-1,-1,-1
1997,2,1044.0,486.0,223.0,415.0,1,-1,-1,-1
1998,2,1044.0,481.0,245.0,417.0,1,-1,-1,-1
1999,2,1045.0,474.0,250.0,423.0,1,-1,-1,-1
2000,2,1046.0,462.0,248.0,434.0,1,-1,-1,-1
2001,2,1047.0,455.0,237.0,440.0,1,-1,-1,-1
2002,2,1051.0,450.0,212.0,443.0,1,-1,-1,-1
2003,2,1057.0,442.0,197.0,449.0,1,-1,-1,-1
2004,2,1065.0,432.0,198.0,454.0,1,-1,-1,-1
2005,2,1062.0,426.0,225.0,452.0,1,-1,-1,-1
2006,2,1055.0,424.0,263.0,449.0,1,-1,-1,-1
2007,2,1040.0,408.0,289.0,462.0,1,-1,-1,-1
2008,2,1006.0,398.0,332.0,471.0,1,-1,-1,-1
2009,2,986.0,396.0,364.0,469.0,1,-1,-1,-1
2010,2,979.0,395.0,383.0,466.0,1,-1,-1,-1
2011,2,972.0,399.0,397.0,462.0,1,-1,-1,-1
2012,2,976.0,397.0,398.0,462.0,1,-1,-1,-1
2013,2,990.0,395.0,381.0,466.0,1,-1,-1,-1
2014,2,1005.0,397.0,356.0,471.0,1,-1,-1,-1
2015,2,1029.0,397.0,318.0,479.0,1,-1,-1,-1
2016,2,1042.0,400.0,287.0,482.0,1,-1,-1,-1
2017,2,1054.0,402.0,250.0,480.0,1,-1,-1,-1
2018,2,1066.0,407.0,215.0,476.0,1,-1,-1,-1
2019,2,1079.0,409.0,167.0,476.0,1,-1,-1,-1
2020,2,1081.0,412.0,151.0,468.0,1,-1,-1,-1
2021,2,1078.0,420.0,140.0,460.0,1,-1,-1,-1
2022,2,1081.0,423.0,128.0,459.0,1,-1,-1,-1
2023,2,1064.0,421.0,143.0,463.0,1,-1,-1,-1
2024,2,1051.0,424.0,174.0,461.0,1,-1,-1,-1
2025,2,1041.0,428.0,193.0,455.0,1,-1,-1,-1
2026,2,1040.0,431.0,199.0,449.0,1,-1,-1,-1
2027,2,1042.0,434.0,200.0,446.0,1,-1,-1,-1
2028,2,1041.0,434.0,203.0,444.0,1,-1,-1,-1
2029,2,1045.0,431.0,199.0,449.0,1,-1,-1,-1
2030,2,1052.0,428.0,191.0,457.0,1,-1,-1,-1
2031,2,1048.0,424.0,197.0,461.0,1,-1,-1,-1
2032,2,1043.0,424.0,198.0,462.0,1,-1,-1,-1
2033,2,1046.0,426.0,196.0,460.0,1,-1,-1,-1
2034,2,1051.0,424.0,189.0,460.0,1,-1,-1,-1
2035,2,1052.0,425.0,182.0,461.0,1,-1,-1,-1
2036,2,1056.0,426.0,173.0,460.0,1,-1,-1,-1
2037,2,1066.0,427.0,156.0,457.0,1,-1,-1,-1
2038,2,1077.0,427.0,138.0,457.0,1,-1,-1,-1
2039,2,1083.0,426.0,131.0,457.0,1,-1,-1,-1
2040,2,1087.0,423.0,123.0,461.0,1,-1,-1,-1
2041,2,1078.0,417.0,126.0,471.0,1,-1,-1,-1
2042,2,1075.0,414.0,127.0,477.0,1,-1,-1,-1
2043,2,1076.0,416.0,128.0,479.0,1,-1,-1,-1
2044,2,1068.0,416.0,133.0,477.0,1,-1,-1,-1
2045,2,1062.0,414.0,139.0,481.0,1,-1,-1,-1
2046,2,1058.0,413.0,144.0,480.0,1,-1,-1,-1
2047,2,1050.0,412.0,155.0,477.0,1,-1,-1,-1
2048,2,1045.0,408.0,163.0,480.0,1,-1,-1,-1
2049,2,1039.0,406.0,170.0,482.0,1,-1,-1,-1
2050,2,1036.0,408.0,178.0,477.0,1,-1,-1,-1
2051,2,1029.0,405.0,186.0,482.0,1,-1,-1,-1
2052,2,1033.0,407.0,184.0,479.0,1,-1,-1,-1
2053,2,1035.0,404.0,184.0,482.0,1,-1,-1,-1
2054,2,1039.0,408.0,182.0,478.0,1,-1,-1,-1
2055,2,1038.0,414.0,188.0,474.0,1,-1,-1,-1
2056,2,1041.0,414.0,184.0,473.0,1,-1,-1,-1
2057,2,1044.0,418.0,181.0,470.0,1,-1,-1,-1
2058,2,1043.0,418.0,183.0,470.0,1,-1,-1,-1
2059,2,1042.0,421.0,186.0,466.0,1,-1,-1,-1
2060,2,1039.0,425.0,187.0,461.0,1,-1,-1,-1
2061,2,1039.0,427.0,195.0,460.0,1,-1,-1,-1
2062,2,1039.0,429.0,214.0,460.0,1,-1,-1,-1
2063,2,1041.0,430.0,225.0,458.0,1,-1,-1,-1
2064,2,1041.0,430.0,236.0,457.0,1,-1,-1,-1
2065,2,1044.0,435.0,241.0,453.0,1,-1,-1,-1
2066,2,1041.0,425.0,256.0,463.0,1,-1,-1,-1
2067,2,1042.0,420.0,257.0,468.0,1,-1,-1,-1
2068,2,1041.0,417.0,254.0,472.0,1,-1,-1,-1
2069,2,1043.0,419.0,240.0,470.0,1,-1,-1,-1
2070,2,1044.0,418.0,233.0,471.0,1,-1,-1,-1
2071,2,1041.0,419.0,230.0,469.0,1,-1,-1,-1
2072,2,1037.0,421.0,222.0,467.0,1,-1,-1,-1
2073,2,1034.0,426.0,216.0,463.0,1,-1,-1,-1
2074,2,1030.0,427.0,201.0,460.0,1,-1,-1,-1
2075,2,1027.0,421.0,181.0,468.0,1,-1,-1,-1
2076,2,1023.0,417.0,175.0,472.0,1,-1,-1,-1
2077,2,1027.0,418.0,164.0,469.0,1,-1,-1,-1
2078,2,1030.0,415.0,160.0,473.0,1,-1,-1,-1
2079,2,1032.0,405.0,156.0,483.0,1,-1,-1,-1
2080,2,1031.0,390.0,158.0,498.0,1,-1,-1,-1
2081,2,1029.0,380.0,161.0,508.0,1,-1,-1,-1
2082,2,1032.0,375.0,159.0,514.0,1,-1,-1,-1
2083,2,1036.0,378.0,154.0,510.0,1,-1,-1,-1
2084,2,1036.0,386.0,154.0,502.0,1,-1,-1,-1
2085,2,1038.0,395.0,152.0,492.0,1,-1,-1,-1
2086,2,1038.0,392.0,151.0,495.0,1,-1,-1,-1
2087,2,1039.0,394.0,151.0,493.0,1,-1,-1,-1
2088,2,1041.0,383.0,149.0,504.0,1,-1,-1,-1
2089,2,1042.0,377.0,147.0,509.0,1,-1,-1,-1
2090,2,1042.0,375.0,148.0,512.0,1,-1,-1,-1
2091,2,1041.0,379.0,149.0,508.0,1,-1,-1,-1
