1,2,985.0,411.0,225.0,583.0,1,-1,-1,-1
2,2,986.0,411.0,224.0,581.0,1,-1,-1,-1
3,2,993.0,412.0,221.0,575.0,1,-1,-1,-1
4,2,1003.0,413.0,211.0,569.0,1,-1,-1,-1
5,2,1020.0,413.0,194.0,563.0,1,-1,-1,-1
6,2,1027.0,413.0,185.0,572.0,1,-1,-1,-1
7,2,1027.0,410.0,184.0,574.0,1,-1,-1,-1
8,2,1025.0,407.0,185.0,575.0,1,-1,-1,-1
9,2,1015.0,412.0,195.0,573.0,1,-1,-1,-1
10,2,1015.0,415.0,193.0,565.0,1,-1,-1,-1
11,2,1004.0,419.0,202.0,550.0,1,-1,-1,-1
12,2,991.0,426.0,214.0,527.0,1,-1,-1,-1
13,2,995.0,439.0,212.0,502.0,1,-1,-1,-1
14,2,978.0,454.0,233.0,477.0,1,-1,-1,-1
15,2,978.0,459.0,239.0,466.0,1,-1,-1,-1
16,2,977.0,464.0,240.0,459.0,1,-1,-1,-1
17,2,972.0,455.0,248.0,467.0,1,-1,-1,-1
18,2,977.0,460.0,243.0,463.0,1,-1,-1,-1
19,2,980.0,465.0,240.0,457.0,1,-1,-1,-1
20,2,980.0,466.0,240.0,457.0,1,-1,-1,-1
21,2,978.0,463.0,243.0,462.0,1,-1,-1,-1
22,2,986.0,465.0,235.0,454.0,1,-1,-1,-1
23,2,981.0,463.0,241.0,455.0,1,-1,-1,-1
24,2,978.0,457.0,249.0,460.0,1,-1,-1,-1
25,2,970.0,453.0,256.0,467.0,1,-1,-1,-1
26,2,965.0,448.0,261.0,471.0,1,-1,-1,-1
27,2,962.0,437.0,265.0,486.0,1,-1,-1,-1
28,2,959.0,429.0,271.0,483.0,1,-1,-1,-1
29,2,959.0,422.0,270.0,495.0,1,-1,-1,-1
30,2,959.0,414.0,272.0,504.0,1,-1,-1,-1
31,2,964.0,409.0,267.0,509.0,1,-1,-1,-1
32,2,962.0,406.0,267.0,514.0,1,-1,-1,-1
33,2,972.0,403.0,255.0,521.0,1,-1,-1,-1
34,2,986.0,398.0,238.0,530.0,1,-1,-1,-1
35,2,966.0,397.0,258.0,532.0,1,-1,-1,-1
36,2,963.0,398.0,257.0,533.0,1,-1,-1,-1
37,2,966.0,397.0,251.0,535.0,1,-1,-1,-1
38,2,963.0,401.0,252.0,536.0,1,-1,-1,-1
39,2,963.0,404.0,252.0,530.0,1,-1,-1,-1
40,2,963.0,407.0,256.0,526.0,1,-1,-1,-1
41,2,965.0,411.0,254.0,518.0,1,-1,-1,-1
42,2,981.0,418.0,236.0,509.0,1,-1,-1,-1
43,2,969.0,424.0,251.0,497.0,1,-1,-1,-1
44,2,976.0,430.0,248.0,487.0,1,-1,-1,-1
45,2,971.0,440.0,255.0,475.0,1,-1,-1,-1
46,2,971.0,446.0,255.0,474.0,1,-1,-1,-1
47,2,976.0,456.0,244.0,465.0,1,-1,-1,-1
48,2,975.0,457.0,240.0,462.0,1,-1,-1,-1
49,2,975.0,461.0,237.0,456.0,1,-1,-1,-1
50,2,970.0,465.0,239.0,455.0,1,-1,-1,-1
51,2,975.0,469.0,232.0,455.0,1,-1,-1,-1
52,2,979.0,471.0,228.0,453.0,1,-1,-1,-1
53,2,981.0,471.0,225.0,453.0,1,-1,-1,-1
54,2,983.0,470.0,222.0,454.0,1,-1,-1,-1
55,2,981.0,469.0,224.0,454.0,1,-1,-1,-1
56,2,984.0,465.0,220.0,458.0,1,-1,-1,-1
57,2,982.0,461.0,221.0,461.0,1,-1,-1,-1
58,2,984.0,457.0,220.0,464.0,1,-1,-1,-1
59,2,980.0,452.0,226.0,469.0,1,-1,-1,-1
60,2,980.0,446.0,224.0,485.0,1,-1,-1,-1
61,2,980.0,438.0,227.0,507.0,1,-1,-1,-1
62,2,980.0,432.0,232.0,519.0,1,-1,-1,-1
63,2,973.0,425.0,242.0,537.0,1,-1,-1,-1
64,2,979.0,422.0,243.0,546.0,1,-1,-1,-1
65,2,979.0,416.0,242.0,554.0,1,-1,-1,-1
66,2,983.0,415.0,235.0,555.0,1,-1,-1,-1
67,2,973.0,398.0,247.0,583.0,1,-1,-1,-1
68,2,975.0,407.0,248.0,565.0,1,-1,-1,-1
69,2,970.0,410.0,250.0,560.0,1,-1,-1,-1
70,2,968.0,409.0,247.0,563.0,1,-1,-1,-1
71,2,971.0,411.0,236.0,561.0,1,-1,-1,-1
72,2,976.0,414.0,224.0,560.0,1,-1,-1,-1
73,2,981.0,416.0,216.0,553.0,1,-1,-1,-1
74,2,980.0,417.0,217.0,561.0,1,-1,-1,-1
75,2,982.0,417.0,212.0,564.0,1,-1,-1,-1
76,2,987.0,416.0,205.0,568.0,1,-1,-1,-1
77,2,992.0,422.0,195.0,556.0,1,-1,-1,-1
78,2,987.0,429.0,198.0,550.0,1,-1,-1,-1
79,2,991.0,425.0,195.0,563.0,1,-1,-1,-1
80,2,985.0,429.0,200.0,558.0,1,-1,-1,-1
81,2,990.0,432.0,196.0,559.0,1,-1,-1,-1
82,2,987.0,437.0,197.0,552.0,1,-1,-1,-1
83,2,991.0,437.0,193.0,552.0,1,-1,-1,-1
84,2,992.0,434.0,193.0,557.0,1,-1,-1,-1
85,2,992.0,430.0,196.0,563.0,1,-1,-1,-1
86,2,995.0,425.0,193.0,568.0,1,-1,-1,-1
87,2,992.0,422.0,198.0,571.0,1,-1,-1,-1
88,2,991.0,413.0,198.0,581.0,1,-1,-1,-1
89,2,992.0,397.0,196.0,597.0,1,-1,-1,-1
90,2,994.0,387.0,195.0,607.0,1,-1,-1,-1
91,2,1001.0,379.0,189.0,614.0,1,-1,-1,-1
92,2,998.0,372.0,192.0,620.0,1,-1,-1,-1
93,2,998.0,368.0,191.0,624.0,1,-1,-1,-1
94,2,996.0,367.0,191.0,624.0,1,-1,-1,-1
95,2,991.0,369.0,193.0,622.0,1,-1,-1,-1
96,2,996.0,368.0,186.0,622.0,1,-1,-1,-1
97,2,999.0,362.0,184.0,632.0,1,-1,-1,-1
98,2,993.0,366.0,178.0,628.0,1,-1,-1,-1
99,2,998.0,368.0,181.0,623.0,1,-1,-1,-1
100,2,994.0,368.0,180.0,621.0,1,-1,-1,-1
101,2,1005.0,372.0,168.0,624.0,1,-1,-1,-1
102,2,1001.0,376.0,177.0,600.0,1,-1,-1,-1
103,2,990.0,387.0,182.0,588.0,1,-1,-1,-1
104,2,991.0,383.0,184.0,597.0,1,-1,-1,-1
105,2,997.0,382.0,184.0,601.0,1,-1,-1,-1
106,2,992.0,386.0,193.0,614.0,1,-1,-1,-1
107,2,997.0,395.0,194.0,602.0,1,-1,-1,-1
108,2,997.0,402.0,195.0,595.0,1,-1,-1,-1
109,2,994.0,406.0,199.0,590.0,1,-1,-1,-1
110,2,989.0,415.0,202.0,582.0,1,-1,-1,-1
111,2,994.0,422.0,196.0,581.0,1,-1,-1,-1
112,2,985.0,425.0,202.0,580.0,1,-1,-1,-1
113,2,988.0,443.0,198.0,563.0,1,-1,-1,-1
114,2,989.0,449.0,202.0,553.0,1,-1,-1,-1
115,2,991.0,454.0,195.0,539.0,1,-1,-1,-1
116,2,984.0,452.0,208.0,545.0,1,-1,-1,-1
117,2,989.0,453.0,207.0,544.0,1,-1,-1,-1
118,2,987.0,457.0,207.0,535.0,1,-1,-1,-1
119,2,986.0,461.0,212.0,532.0,1,-1,-1,-1
120,2,983.0,450.0,219.0,555.0,1,-1,-1,-1
121,2,982.0,447.0,221.0,558.0,1,-1,-1,-1
122,2,984.0,446.0,222.0,558.0,1,-1,-1,-1
123,2,985.0,446.0,216.0,541.0,1,-1,-1,-1
124,2,989.0,446.0,217.0,540.0,1,-1,-1,-1
125,2,989.0,440.0,220.0,546.0,1,-1,-1,-1
126,2,996.0,435.0,211.0,550.0,1,-1,-1,-1
127,2,998.0,432.0,203.0,553.0,1,-1,-1,-1
128,2,1000.0,432.0,208.0,551.0,1,-1,-1,-1
129,2,1005.0,429.0,200.0,548.0,1,-1,-1,-1
130,2,1005.0,422.0,198.0,560.0,1,-1,-1,-1
131,2,1005.0,420.0,199.0,557.0,1,-1,-1,-1
132,2,1007.0,421.0,195.0,555.0,1,-1,-1,-1
133,2,1011.0,421.0,188.0,556.0,1,-1,-1,-1
134,2,1010.0,423.0,187.0,553.0,1,-1,-1,-1
135,2,1010.0,423.0,186.0,552.0,1,-1,-1,-1
136,2,1008.0,421.0,182.0,551.0,1,-1,-1,-1
137,2,1008.0,426.0,182.0,544.0,1,-1,-1,-1
138,2,1007.0,429.0,182.0,539.0,1,-1,-1,-1
139,2,1006.0,437.0,181.0,521.0,1,-1,-1,-1
140,2,1005.0,441.0,181.0,512.0,1,-1,-1,-1
141,2,1004.0,450.0,183.0,493.0,1,-1,-1,-1
142,2,997.0,461.0,187.0,476.0,1,-1,-1,-1
143,2,993.0,460.0,188.0,472.0,1,-1,-1,-1
144,2,992.0,458.0,186.0,470.0,1,-1,-1,-1
145,2,992.0,463.0,184.0,462.0,1,-1,-1,-1
146,2,989.0,469.0,191.0,453.0,1,-1,-1,-1
147,2,987.0,469.0,193.0,452.0,1,-1,-1,-1
148,2,982.0,475.0,199.0,448.0,1,-1,-1,-1
149,2,981.0,486.0,198.0,439.0,1,-1,-1,-1
150,2,974.0,474.0,213.0,456.0,1,-1,-1,-1
151,2,977.0,469.0,204.0,459.0,1,-1,-1,-1
152,2,978.0,460.0,204.0,470.0,1,-1,-1,-1
153,2,981.0,458.0,201.0,470.0,1,-1,-1,-1
154,2,980.0,451.0,203.0,476.0,1,-1,-1,-1
155,2,984.0,447.0,199.0,479.0,1,-1,-1,-1
156,2,985.0,441.0,200.0,482.0,1,-1,-1,-1
157,2,990.0,446.0,197.0,477.0,1,-1,-1,-1
158,2,993.0,445.0,199.0,477.0,1,-1,-1,-1
159,2,987.0,438.0,202.0,486.0,1,-1,-1,-1
160,2,986.0,426.0,202.0,496.0,1,-1,-1,-1
161,2,985.0,425.0,203.0,497.0,1,-1,-1,-1
162,2,986.0,422.0,207.0,501.0,1,-1,-1,-1
163,2,991.0,421.0,205.0,499.0,1,-1,-1,-1
164,2,995.0,427.0,199.0,492.0,1,-1,-1,-1
165,2,990.0,424.0,208.0,495.0,1,-1,-1,-1
166,2,989.0,427.0,211.0,496.0,1,-1,-1,-1
167,2,991.0,429.0,211.0,496.0,1,-1,-1,-1
168,2,996.0,433.0,208.0,487.0,1,-1,-1,-1
169,2,994.0,438.0,213.0,484.0,1,-1,-1,-1
170,2,996.0,439.0,214.0,481.0,1,-1,-1,-1
171,2,994.0,444.0,216.0,467.0,1,-1,-1,-1
172,2,994.0,449.0,215.0,458.0,1,-1,-1,-1
173,2,996.0,453.0,215.0,448.0,1,-1,-1,-1
174,2,1008.0,458.0,202.0,440.0,1,-1,-1,-1
175,2,1006.0,460.0,205.0,439.0,1,-1,-1,-1
176,2,1014.0,466.0,196.0,429.0,1,-1,-1,-1
177,2,1013.0,472.0,196.0,419.0,1,-1,-1,-1
178,2,1019.0,476.0,194.0,413.0,1,-1,-1,-1
179,2,1021.0,479.0,193.0,409.0,1,-1,-1,-1
180,2,1019.0,482.0,196.0,405.0,1,-1,-1,-1
181,2,1026.0,482.0,189.0,407.0,1,-1,-1,-1
182,2,1037.0,484.0,176.0,406.0,1,-1,-1,-1
183,2,1034.0,482.0,178.0,409.0,1,-1,-1,-1
184,2,1034.0,480.0,179.0,411.0,1,-1,-1,-1
185,2,1035.0,479.0,180.0,413.0,1,-1,-1,-1
186,2,1021.0,474.0,194.0,418.0,1,-1,-1,-1
187,2,1026.0,469.0,188.0,424.0,1,-1,-1,-1
188,2,1025.0,466.0,190.0,426.0,1,-1,-1,-1
189,2,1029.0,463.0,186.0,428.0,1,-1,-1,-1
190,2,1020.0,456.0,197.0,435.0,1,-1,-1,-1
191,2,1031.0,458.0,200.0,432.0,1,-1,-1,-1
192,2,1026.0,452.0,211.0,442.0,1,-1,-1,-1
193,2,1018.0,445.0,226.0,447.0,1,-1,-1,-1
194,2,1007.0,437.0,243.0,449.0,1,-1,-1,-1
195,2,1006.0,431.0,244.0,453.0,1,-1,-1,-1
196,2,1016.0,431.0,237.0,451.0,1,-1,-1,-1
197,2,1019.0,431.0,235.0,450.0,1,-1,-1,-1
198,2,1016.0,432.0,238.0,445.0,1,-1,-1,-1
199,2,1020.0,434.0,236.0,438.0,1,-1,-1,-1
200,2,1019.0,438.0,234.0,434.0,1,-1,-1,-1
201,2,1019.0,443.0,233.0,430.0,1,-1,-1,-1
202,2,1028.0,448.0,220.0,431.0,1,-1,-1,-1
203,2,1033.0,449.0,213.0,431.0,1,-1,-1,-1
204,2,1029.0,454.0,216.0,421.0,1,-1,-1,-1
205,2,1015.0,459.0,229.0,410.0,1,-1,-1,-1
206,2,1018.0,461.0,224.0,410.0,1,-1,-1,-1
207,2,1019.0,462.0,212.0,406.0,1,-1,-1,-1
208,2,1021.0,470.0,206.0,392.0,1,-1,-1,-1
209,2,1019.0,472.0,200.0,378.0,1,-1,-1,-1
210,2,1025.0,482.0,186.0,373.0,1,-1,-1,-1
211,2,1014.0,484.0,190.0,369.0,1,-1,-1,-1
212,2,1019.0,483.0,177.0,370.0,1,-1,-1,-1
213,2,1015.0,483.0,178.0,367.0,1,-1,-1,-1
214,2,1018.0,483.0,171.0,364.0,1,-1,-1,-1
215,2,1013.0,481.0,174.0,362.0,1,-1,-1,-1
216,2,1015.0,477.0,169.0,364.0,1,-1,-1,-1
217,2,1009.0,473.0,175.0,369.0,1,-1,-1,-1
218,2,997.0,468.0,186.0,373.0,1,-1,-1,-1
219,2,1002.0,464.0,181.0,373.0,1,-1,-1,-1
220,2,1003.0,463.0,183.0,379.0,1,-1,-1,-1
221,2,1007.0,460.0,182.0,383.0,1,-1,-1,-1
222,2,1005.0,454.0,183.0,388.0,1,-1,-1,-1
223,2,998.0,444.0,190.0,400.0,1,-1,-1,-1
224,2,1002.0,438.0,186.0,404.0,1,-1,-1,-1
225,2,1006.0,435.0,182.0,407.0,1,-1,-1,-1
226,2,1006.0,431.0,181.0,413.0,1,-1,-1,-1
227,2,1014.0,428.0,171.0,417.0,1,-1,-1,-1
228,2,1015.0,427.0,169.0,419.0,1,-1,-1,-1
229,2,1011.0,428.0,173.0,419.0,1,-1,-1,-1
230,2,1011.0,428.0,171.0,418.0,1,-1,-1,-1
231,2,1019.0,429.0,162.0,415.0,1,-1,-1,-1
232,2,1010.0,428.0,172.0,416.0,1,-1,-1,-1
233,2,1018.0,429.0,164.0,414.0,1,-1,-1,-1
234,2,1012.0,432.0,170.0,413.0,1,-1,-1,-1
235,2,1002.0,431.0,179.0,413.0,1,-1,-1,-1
236,2,995.0,432.0,185.0,413.0,1,-1,-1,-1
237,2,1004.0,440.0,175.0,397.0,1,-1,-1,-1
238,2,1012.0,450.0,166.0,390.0,1,-1,-1,-1
239,2,1015.0,455.0,165.0,389.0,1,-1,-1,-1
240,2,1010.0,456.0,171.0,387.0,1,-1,-1,-1
241,2,1006.0,459.0,168.0,379.0,1,-1,-1,-1
242,2,1009.0,461.0,161.0,379.0,1,-1,-1,-1
243,2,1006.0,478.0,164.0,363.0,1,-1,-1,-1
244,2,1006.0,485.0,165.0,353.0,1,-1,-1,-1
245,2,1005.0,481.0,167.0,357.0,1,-1,-1,-1
246,2,998.0,482.0,174.0,360.0,1,-1,-1,-1
247,2,994.0,482.0,180.0,360.0,1,-1,-1,-1
248,2,995.0,481.0,178.0,362.0,1,-1,-1,-1
249,2,994.0,477.0,178.0,364.0,1,-1,-1,-1
250,2,996.0,474.0,180.0,369.0,1,-1,-1,-1
251,2,998.0,467.0,182.0,376.0,1,-1,-1,-1
252,2,998.0,461.0,188.0,384.0,1,-1,-1,-1
253,2,1003.0,457.0,189.0,390.0,1,-1,-1,-1
254,2,1002.0,454.0,199.0,394.0,1,-1,-1,-1
255,2,1005.0,448.0,201.0,402.0,1,-1,-1,-1
256,2,1007.0,441.0,196.0,419.0,1,-1,-1,-1
257,2,1009.0,437.0,196.0,428.0,1,-1,-1,-1
258,2,1005.0,433.0,209.0,448.0,1,-1,-1,-1
259,2,1005.0,432.0,210.0,452.0,1,-1,-1,-1
260,2,1005.0,430.0,214.0,457.0,1,-1,-1,-1
261,2,1011.0,429.0,208.0,460.0,1,-1,-1,-1
262,2,1012.0,428.0,208.0,462.0,1,-1,-1,-1
263,2,1013.0,428.0,207.0,466.0,1,-1,-1,-1
264,2,1012.0,429.0,206.0,468.0,1,-1,-1,-1
265,2,1012.0,428.0,205.0,469.0,1,-1,-1,-1
266,2,1011.0,429.0,204.0,472.0,1,-1,-1,-1
267,2,1011.0,429.0,196.0,466.0,1,-1,-1,-1
268,2,1010.0,429.0,195.0,467.0,1,-1,-1,-1
269,2,1011.0,428.0,181.0,470.0,1,-1,-1,-1
270,2,1010.0,429.0,176.0,462.0,1,-1,-1,-1
271,2,1006.0,432.0,177.0,461.0,1,-1,-1,-1
272,2,1007.0,435.0,172.0,459.0,1,-1,-1,-1
273,2,1007.0,439.0,168.0,458.0,1,-1,-1,-1
274,2,1004.0,444.0,168.0,462.0,1,-1,-1,-1
275,2,1001.0,448.0,168.0,459.0,1,-1,-1,-1
276,2,1001.0,451.0,164.0,458.0,1,-1,-1,-1
277,2,999.0,452.0,163.0,460.0,1,-1,-1,-1
278,2,1000.0,456.0,160.0,461.0,1,-1,-1,-1
279,2,999.0,463.0,163.0,450.0,1,-1,-1,-1
280,2,1000.0,458.0,158.0,458.0,1,-1,-1,-1
281,2,999.0,457.0,160.0,459.0,1,-1,-1,-1
282,2,1000.0,465.0,164.0,452.0,1,-1,-1,-1
283,2,1002.0,464.0,161.0,452.0,1,-1,-1,-1
284,2,996.0,455.0,168.0,461.0,1,-1,-1,-1
285,2,998.0,448.0,167.0,469.0,1,-1,-1,-1
286,2,1000.0,436.0,161.0,478.0,1,-1,-1,-1
287,2,1005.0,426.0,153.0,486.0,1,-1,-1,-1
288,2,1006.0,422.0,157.0,491.0,1,-1,-1,-1
289,2,1007.0,417.0,152.0,491.0,1,-1,-1,-1
290,2,1007.0,414.0,156.0,495.0,1,-1,-1,-1
291,2,1007.0,408.0,158.0,499.0,1,-1,-1,-1
292,2,1011.0,410.0,153.0,504.0,1,-1,-1,-1
293,2,1015.0,409.0,150.0,506.0,1,-1,-1,-1
294,2,1016.0,409.0,148.0,504.0,1,-1,-1,-1
295,2,1021.0,412.0,143.0,506.0,1,-1,-1,-1
296,2,1023.0,413.0,140.0,504.0,1,-1,-1,-1
297,2,1022.0,412.0,142.0,503.0,1,-1,-1,-1
298,2,1021.0,413.0,142.0,504.0,1,-1,-1,-1
299,2,1020.0,413.0,142.0,501.0,1,-1,-1,-1
300,2,1015.0,416.0,148.0,496.0,1,-1,-1,-1
301,2,1010.0,416.0,155.0,498.0,1,-1,-1,-1
302,2,1010.0,414.0,160.0,496.0,1,-1,-1,-1
303,2,1012.0,419.0,161.0,492.0,1,-1,-1,-1
304,2,1005.0,427.0,171.0,480.0,1,-1,-1,-1
305,2,1008.0,434.0,171.0,477.0,1,-1,-1,-1
306,2,1009.0,446.0,170.0,465.0,1,-1,-1,-1
307,2,1006.0,455.0,173.0,457.0,1,-1,-1,-1
308,2,1003.0,457.0,175.0,455.0,1,-1,-1,-1
309,2,1002.0,460.0,176.0,455.0,1,-1,-1,-1
310,2,1009.0,464.0,170.0,450.0,1,-1,-1,-1
311,2,1012.0,466.0,169.0,450.0,1,-1,-1,-1
312,2,1012.0,466.0,169.0,450.0,1,-1,-1,-1
313,2,1011.0,465.0,171.0,450.0,1,-1,-1,-1
314,2,1009.0,463.0,173.0,452.0,1,-1,-1,-1
315,2,1011.0,460.0,173.0,455.0,1,-1,-1,-1
316,2,1011.0,458.0,174.0,457.0,1,-1,-1,-1
317,2,1026.0,455.0,163.0,463.0,1,-1,-1,-1
318,2,1026.0,449.0,163.0,469.0,1,-1,-1,-1
319,2,1021.0,436.0,172.0,485.0,1,-1,-1,-1
320,2,1018.0,426.0,178.0,495.0,1,-1,-1,-1
321,2,1019.0,422.0,178.0,496.0,1,-1,-1,-1
322,2,1016.0,417.0,178.0,496.0,1,-1,-1,-1
323,2,1014.0,415.0,184.0,489.0,1,-1,-1,-1
324,2,1018.0,417.0,185.0,486.0,1,-1,-1,-1
325,2,1021.0,414.0,189.0,490.0,1,-1,-1,-1
326,2,1028.0,414.0,184.0,488.0,1,-1,-1,-1
327,2,1030.0,414.0,188.0,489.0,1,-1,-1,-1
328,2,1032.0,415.0,191.0,487.0,1,-1,-1,-1
329,2,1034.0,417.0,195.0,488.0,1,-1,-1,-1
330,2,1030.0,415.0,213.0,489.0,1,-1,-1,-1
331,2,1027.0,418.0,218.0,482.0,1,-1,-1,-1
332,2,1029.0,418.0,218.0,479.0,1,-1,-1,-1
333,2,1032.0,419.0,215.0,476.0,1,-1,-1,-1
334,2,1033.0,420.0,207.0,475.0,1,-1,-1,-1
335,2,1039.0,423.0,199.0,469.0,1,-1,-1,-1
336,2,1043.0,427.0,189.0,462.0,1,-1,-1,-1
337,2,1033.0,428.0,185.0,460.0,1,-1,-1,-1
338,2,1032.0,432.0,172.0,450.0,1,-1,-1,-1
339,2,1034.0,440.0,168.0,439.0,1,-1,-1,-1
340,2,1039.0,448.0,158.0,423.0,1,-1,-1,-1
341,2,1040.0,457.0,154.0,408.0,1,-1,-1,-1
342,2,1040.0,460.0,160.0,401.0,1,-1,-1,-1
343,2,1034.0,461.0,160.0,400.0,1,-1,-1,-1
344,2,1034.0,463.0,157.0,398.0,1,-1,-1,-1
345,2,1040.0,463.0,148.0,400.0,1,-1,-1,-1
346,2,1041.0,465.0,150.0,395.0,1,-1,-1,-1
347,2,1041.0,464.0,150.0,394.0,1,-1,-1,-1
348,2,1041.0,460.0,153.0,399.0,1,-1,-1,-1
349,2,1034.0,454.0,161.0,405.0,1,-1,-1,-1
350,2,1036.0,451.0,158.0,405.0,1,-1,-1,-1
351,2,1033.0,447.0,161.0,410.0,1,-1,-1,-1
352,2,1031.0,440.0,166.0,419.0,1,-1,-1,-1
353,2,1029.0,433.0,167.0,429.0,1,-1,-1,-1
354,2,1030.0,426.0,169.0,442.0,1,-1,-1,-1
355,2,1030.0,423.0,171.0,447.0,1,-1,-1,-1
356,2,1030.0,421.0,175.0,456.0,1,-1,-1,-1
357,2,1034.0,421.0,173.0,457.0,1,-1,-1,-1
358,2,1034.0,422.0,174.0,455.0,1,-1,-1,-1
359,2,1037.0,420.0,170.0,456.0,1,-1,-1,-1
360,2,1037.0,418.0,171.0,459.0,1,-1,-1,-1
361,2,1036.0,417.0,172.0,459.0,1,-1,-1,-1
362,2,1033.0,419.0,174.0,456.0,1,-1,-1,-1
363,2,1030.0,419.0,180.0,457.0,1,-1,-1,-1
364,2,1028.0,420.0,180.0,454.0,1,-1,-1,-1
365,2,1031.0,421.0,175.0,454.0,1,-1,-1,-1
366,2,1030.0,424.0,175.0,451.0,1,-1,-1,-1
367,2,1036.0,422.0,168.0,454.0,1,-1,-1,-1
368,2,1039.0,422.0,167.0,449.0,1,-1,-1,-1
369,2,1034.0,424.0,173.0,451.0,1,-1,-1,-1
370,2,1043.0,429.0,166.0,445.0,1,-1,-1,-1
371,2,1041.0,439.0,168.0,428.0,1,-1,-1,-1
372,2,1037.0,450.0,169.0,411.0,1,-1,-1,-1
373,2,1033.0,458.0,170.0,403.0,1,-1,-1,-1
374,2,1041.0,463.0,158.0,395.0,1,-1,-1,-1
375,2,1038.0,466.0,161.0,388.0,1,-1,-1,-1
376,2,1036.0,468.0,164.0,384.0,1,-1,-1,-1
377,2,1029.0,472.0,171.0,382.0,1,-1,-1,-1
378,2,1030.0,473.0,174.0,381.0,1,-1,-1,-1
379,2,1033.0,476.0,169.0,375.0,1,-1,-1,-1
380,2,1038.0,476.0,163.0,371.0,1,-1,-1,-1
381,2,1040.0,475.0,164.0,378.0,1,-1,-1,-1
382,2,1040.0,469.0,167.0,389.0,1,-1,-1,-1
383,2,1042.0,463.0,168.0,396.0,1,-1,-1,-1
384,2,1044.0,463.0,166.0,404.0,1,-1,-1,-1
385,2,1041.0,454.0,174.0,419.0,1,-1,-1,-1
386,2,1038.0,450.0,178.0,431.0,1,-1,-1,-1
387,2,1037.0,446.0,183.0,441.0,1,-1,-1,-1
388,2,1035.0,436.0,189.0,460.0,1,-1,-1,-1
389,2,1040.0,431.0,195.0,471.0,1,-1,-1,-1
390,2,1045.0,427.0,195.0,484.0,1,-1,-1,-1
391,2,1042.0,426.0,200.0,483.0,1,-1,-1,-1
392,2,1041.0,425.0,210.0,488.0,1,-1,-1,-1
393,2,1036.0,423.0,220.0,493.0,1,-1,-1,-1
394,2,1038.0,420.0,219.0,496.0,1,-1,-1,-1
395,2,1041.0,424.0,216.0,485.0,1,-1,-1,-1
396,2,1043.0,422.0,215.0,487.0,1,-1,-1,-1
397,2,1044.0,422.0,216.0,488.0,1,-1,-1,-1
398,2,1045.0,421.0,217.0,490.0,1,-1,-1,-1
399,2,1045.0,425.0,217.0,488.0,1,-1,-1,-1
400,2,1044.0,425.0,222.0,492.0,1,-1,-1,-1
401,2,1045.0,426.0,228.0,491.0,1,-1,-1,-1
402,2,1049.0,431.0,222.0,484.0,1,-1,-1,-1
403,2,1049.0,436.0,225.0,476.0,1,-1,-1,-1
404,2,1049.0,448.0,231.0,463.0,1,-1,-1,-1
405,2,1050.0,453.0,223.0,455.0,1,-1,-1,-1
406,2,1048.0,462.0,221.0,452.0,1,-1,-1,-1
407,2,1043.0,458.0,221.0,455.0,1,-1,-1,-1
408,2,1051.0,460.0,211.0,452.0,1,-1,-1,-1
409,2,1053.0,456.0,208.0,458.0,1,-1,-1,-1
410,2,1055.0,455.0,203.0,460.0,1,-1,-1,-1
411,2,1055.0,452.0,198.0,464.0,1,-1,-1,-1
412,2,1054.0,448.0,197.0,469.0,1,-1,-1,-1
413,2,1049.0,440.0,204.0,478.0,1,-1,-1,-1
414,2,1047.0,433.0,207.0,483.0,1,-1,-1,-1
415,2,1056.0,424.0,198.0,492.0,1,-1,-1,-1
416,2,1064.0,418.0,193.0,497.0,1,-1,-1,-1
417,2,1063.0,413.0,196.0,505.0,1,-1,-1,-1
418,2,1069.0,409.0,191.0,517.0,1,-1,-1,-1
419,2,1072.0,405.0,188.0,532.0,1,-1,-1,-1
420,2,1074.0,401.0,188.0,542.0,1,-1,-1,-1
421,2,1072.0,397.0,192.0,549.0,1,-1,-1,-1
422,2,1073.0,396.0,194.0,554.0,1,-1,-1,-1
423,2,1073.0,396.0,196.0,556.0,1,-1,-1,-1
424,2,1080.0,396.0,191.0,560.0,1,-1,-1,-1
425,2,1084.0,397.0,193.0,559.0,1,-1,-1,-1
426,2,1084.0,399.0,192.0,560.0,1,-1,-1,-1
427,2,1086.0,401.0,191.0,558.0,1,-1,-1,-1
428,2,1083.0,403.0,195.0,557.0,1,-1,-1,-1
429,2,1087.0,406.0,192.0,551.0,1,-1,-1,-1
430,2,1092.0,409.0,188.0,551.0,1,-1,-1,-1
431,2,1095.0,415.0,187.0,545.0,1,-1,-1,-1
432,2,1098.0,415.0,188.0,549.0,1,-1,-1,-1
433,2,1102.0,423.0,184.0,538.0,1,-1,-1,-1
434,2,1104.0,425.0,183.0,539.0,1,-1,-1,-1
435,2,1102.0,430.0,185.0,543.0,1,-1,-1,-1
436,2,1102.0,441.0,188.0,528.0,1,-1,-1,-1
437,2,1101.0,443.0,193.0,528.0,1,-1,-1,-1
438,2,1098.0,450.0,199.0,521.0,1,-1,-1,-1
439,2,1100.0,455.0,202.0,518.0,1,-1,-1,-1
440,2,1100.0,458.0,202.0,517.0,1,-1,-1,-1
441,2,1094.0,456.0,206.0,516.0,1,-1,-1,-1
442,2,1091.0,455.0,210.0,519.0,1,-1,-1,-1
443,2,1091.0,452.0,210.0,522.0,1,-1,-1,-1
444,2,1091.0,444.0,212.0,528.0,1,-1,-1,-1
445,2,1099.0,433.0,204.0,537.0,1,-1,-1,-1
446,2,1105.0,423.0,198.0,551.0,1,-1,-1,-1
447,2,1108.0,416.0,194.0,559.0,1,-1,-1,-1
448,2,1105.0,402.0,191.0,569.0,1,-1,-1,-1
449,2,1107.0,395.0,191.0,581.0,1,-1,-1,-1
450,2,1115.0,392.0,186.0,583.0,1,-1,-1,-1
451,2,1119.0,383.0,185.0,591.0,1,-1,-1,-1
452,2,1124.0,377.0,184.0,601.0,1,-1,-1,-1
453,2,1132.0,380.0,179.0,607.0,1,-1,-1,-1
454,2,1141.0,373.0,171.0,625.0,1,-1,-1,-1
455,2,1146.0,371.0,168.0,631.0,1,-1,-1,-1
456,2,1152.0,364.0,165.0,646.0,1,-1,-1,-1
457,2,1155.0,367.0,172.0,643.0,1,-1,-1,-1
458,2,1152.0,369.0,178.0,640.0,1,-1,-1,-1
459,2,1152.0,383.0,184.0,622.0,1,-1,-1,-1
460,2,1154.0,384.0,182.0,620.0,1,-1,-1,-1
461,2,1152.0,386.0,185.0,617.0,1,-1,-1,-1
462,2,1150.0,383.0,181.0,623.0,1,-1,-1,-1
463,2,1145.0,383.0,192.0,623.0,1,-1,-1,-1
464,2,1144.0,388.0,185.0,621.0,1,-1,-1,-1
465,2,1141.0,393.0,189.0,618.0,1,-1,-1,-1
466,2,1133.0,390.0,188.0,623.0,1,-1,-1,-1
467,2,1128.0,392.0,192.0,621.0,1,-1,-1,-1
468,2,1119.0,400.0,199.0,612.0,1,-1,-1,-1
469,2,1104.0,402.0,216.0,609.0,1,-1,-1,-1
470,2,1099.0,411.0,221.0,602.0,1,-1,-1,-1
471,2,1099.0,412.0,224.0,603.0,1,-1,-1,-1
472,2,1104.0,420.0,223.0,595.0,1,-1,-1,-1
473,2,1096.0,422.0,232.0,594.0,1,-1,-1,-1
474,2,1091.0,423.0,234.0,596.0,1,-1,-1,-1
475,2,1093.0,422.0,232.0,594.0,1,-1,-1,-1
476,2,1095.0,421.0,229.0,595.0,1,-1,-1,-1
477,2,1092.0,420.0,230.0,598.0,1,-1,-1,-1
478,2,1091.0,419.0,232.0,598.0,1,-1,-1,-1
479,2,1092.0,413.0,227.0,600.0,1,-1,-1,-1
480,2,1090.0,400.0,227.0,614.0,1,-1,-1,-1
481,2,1093.0,398.0,225.0,615.0,1,-1,-1,-1
482,2,1094.0,397.0,226.0,619.0,1,-1,-1,-1
483,2,1096.0,391.0,222.0,626.0,1,-1,-1,-1
484,2,1095.0,383.0,222.0,632.0,1,-1,-1,-1
485,2,1096.0,378.0,216.0,638.0,1,-1,-1,-1
486,2,1098.0,376.0,211.0,641.0,1,-1,-1,-1
487,2,1099.0,375.0,210.0,641.0,1,-1,-1,-1
488,2,1100.0,373.0,212.0,644.0,1,-1,-1,-1
489,2,1100.0,374.0,211.0,642.0,1,-1,-1,-1
490,2,1106.0,373.0,205.0,640.0,1,-1,-1,-1
491,2,1105.0,372.0,202.0,640.0,1,-1,-1,-1
492,2,1099.0,367.0,208.0,642.0,1,-1,-1,-1
493,2,1112.0,370.0,194.0,642.0,1,-1,-1,-1
494,2,1110.0,373.0,195.0,639.0,1,-1,-1,-1
495,2,1103.0,375.0,200.0,638.0,1,-1,-1,-1
496,2,1107.0,377.0,198.0,638.0,1,-1,-1,-1
497,2,1100.0,379.0,207.0,638.0,1,-1,-1,-1
498,2,1097.0,383.0,212.0,631.0,1,-1,-1,-1
499,2,1096.0,397.0,215.0,608.0,1,-1,-1,-1
500,2,1089.0,401.0,224.0,596.0,1,-1,-1,-1
501,2,1085.0,405.0,230.0,583.0,1,-1,-1,-1
502,2,1078.0,416.0,241.0,561.0,1,-1,-1,-1
503,2,1076.0,427.0,242.0,551.0,1,-1,-1,-1
504,2,1074.0,435.0,245.0,540.0,1,-1,-1,-1
505,2,1069.0,447.0,251.0,533.0,1,-1,-1,-1
506,2,1071.0,455.0,251.0,531.0,1,-1,-1,-1
507,2,1073.0,466.0,257.0,514.0,1,-1,-1,-1
508,2,1069.0,467.0,278.0,512.0,1,-1,-1,-1
509,2,1072.0,465.0,285.0,511.0,1,-1,-1,-1
510,2,1071.0,463.0,290.0,522.0,1,-1,-1,-1
511,2,1075.0,459.0,295.0,529.0,1,-1,-1,-1
512,2,1069.0,454.0,312.0,546.0,1,-1,-1,-1
513,2,1065.0,450.0,325.0,548.0,1,-1,-1,-1
514,2,1066.0,450.0,340.0,555.0,1,-1,-1,-1
515,2,1072.0,463.0,351.0,544.0,1,-1,-1,-1
516,2,1105.0,466.0,335.0,547.0,1,-1,-1,-1
517,2,1123.0,470.0,337.0,563.0,1,-1,-1,-1
518,2,1131.0,444.0,340.0,588.0,1,-1,-1,-1
519,2,1133.0,430.0,364.0,612.0,1,-1,-1,-1
520,2,1132.0,434.0,373.0,610.0,1,-1,-1,-1
521,2,1126.0,409.0,396.0,626.0,1,-1,-1,-1
522,2,1136.0,415.0,383.0,633.0,1,-1,-1,-1
523,2,1153.0,411.0,367.0,637.0,1,-1,-1,-1
524,2,1167.0,412.0,351.0,642.0,1,-1,-1,-1
525,2,1191.0,409.0,328.0,650.0,1,-1,-1,-1
526,2,1204.0,394.0,315.0,665.0,1,-1,-1,-1
527,2,1207.0,385.0,317.0,665.0,1,-1,-1,-1
528,2,1218.0,379.0,307.0,675.0,1,-1,-1,-1
529,2,1225.0,379.0,298.0,672.0,1,-1,-1,-1
530,2,1232.0,377.0,296.0,673.0,1,-1,-1,-1
531,2,1238.0,379.0,296.0,675.0,1,-1,-1,-1
532,2,1245.0,382.0,294.0,672.0,1,-1,-1,-1
533,2,1259.0,385.0,285.0,672.0,1,-1,-1,-1
534,2,1263.0,395.0,286.0,663.0,1,-1,-1,-1
535,2,1267.0,394.0,278.0,671.0,1,-1,-1,-1
536,2,1271.0,392.0,272.0,674.0,1,-1,-1,-1
537,2,1268.0,392.0,275.0,672.0,1,-1,-1,-1
538,2,1254.0,394.0,292.0,668.0,1,-1,-1,-1
539,2,1253.0,390.0,293.0,673.0,1,-1,-1,-1
540,2,1250.0,396.0,297.0,669.0,1,-1,-1,-1
541,2,1234.0,396.0,310.0,668.0,1,-1,-1,-1
542,2,1242.0,389.0,303.0,667.0,1,-1,-1,-1
543,2,1225.0,381.0,324.0,672.0,1,-1,-1,-1
544,2,1227.0,373.0,320.0,681.0,1,-1,-1,-1
545,2,1220.0,366.0,331.0,688.0,1,-1,-1,-1
546,2,1219.0,357.0,334.0,699.0,1,-1,-1,-1
547,2,1217.0,355.0,342.0,702.0,1,-1,-1,-1
548,2,1222.0,357.0,339.0,700.0,1,-1,-1,-1
549,2,1230.0,356.0,339.0,698.0,1,-1,-1,-1
550,2,1245.0,350.0,333.0,706.0,1,-1,-1,-1
551,2,1252.0,341.0,326.0,717.0,1,-1,-1,-1
552,2,1265.0,342.0,319.0,716.0,1,-1,-1,-1
553,2,1274.0,343.0,315.0,717.0,1,-1,-1,-1
554,2,1280.0,345.0,311.0,708.0,1,-1,-1,-1
555,2,1286.0,351.0,307.0,716.0,1,-1,-1,-1
556,2,1285.0,353.0,313.0,716.0,1,-1,-1,-1
557,2,1286.0,352.0,317.0,713.0,1,-1,-1,-1
558,2,1301.0,356.0,303.0,708.0,1,-1,-1,-1
559,2,1323.0,353.0,297.0,717.0,1,-1,-1,-1
560,2,1336.0,361.0,285.0,706.0,1,-1,-1,-1
561,2,1346.0,358.0,279.0,710.0,1,-1,-1,-1
562,2,1351.0,368.0,277.0,701.0,1,-1,-1,-1
563,2,1359.0,367.0,270.0,700.0,1,-1,-1,-1
564,2,1363.0,362.0,268.0,706.0,1,-1,-1,-1
565,2,1367.0,371.0,264.0,696.0,1,-1,-1,-1
566,2,1367.0,383.0,270.0,685.0,1,-1,-1,-1
567,2,1368.0,383.0,282.0,684.0,1,-1,-1,-1
568,2,1372.0,377.0,295.0,683.0,1,-1,-1,-1
569,2,1370.0,381.0,327.0,681.0,1,-1,-1,-1
570,2,1375.0,388.0,369.0,682.0,1,-1,-1,-1
571,2,1382.0,398.0,404.0,669.0,1,-1,-1,-1
572,2,1383.0,407.0,390.0,670.0,1,-1,-1,-1
573,2,1386.0,404.0,382.0,671.0,1,-1,-1,-1
574,2,1385.0,398.0,376.0,678.0,1,-1,-1,-1
575,2,1381.0,392.0,364.0,681.0,1,-1,-1,-1
576,2,1371.0,387.0,346.0,688.0,1,-1,-1,-1
577,2,1366.0,380.0,302.0,688.0,1,-1,-1,-1
578,2,1357.0,369.0,300.0,700.0,1,-1,-1,-1
579,2,1352.0,366.0,288.0,702.0,1,-1,-1,-1
580,2,1357.0,364.0,271.0,696.0,1,-1,-1,-1
581,2,1352.0,361.0,276.0,691.0,1,-1,-1,-1
582,2,1351.0,353.0,257.0,705.0,1,-1,-1,-1
583,2,1339.0,354.0,262.0,709.0,1,-1,-1,-1
584,2,1314.0,355.0,280.0,708.0,1,-1,-1,-1
585,2,1304.0,355.0,286.0,704.0,1,-1,-1,-1
586,2,1294.0,354.0,288.0,726.0,1,-1,-1,-1
587,2,1276.0,361.0,302.0,713.0,1,-1,-1,-1
588,2,1257.0,369.0,321.0,704.0,1,-1,-1,-1
589,2,1249.0,374.0,333.0,693.0,1,-1,-1,-1
590,2,1245.0,379.0,322.0,686.0,1,-1,-1,-1
591,2,1243.0,381.0,311.0,685.0,1,-1,-1,-1
592,2,1253.0,380.0,298.0,694.0,1,-1,-1,-1
593,2,1264.0,384.0,281.0,690.0,1,-1,-1,-1
594,2,1291.0,377.0,256.0,704.0,1,-1,-1,-1
595,2,1296.0,376.0,252.0,682.0,1,-1,-1,-1
596,2,1314.0,373.0,235.0,714.0,1,-1,-1,-1
597,2,1316.0,376.0,233.0,697.0,1,-1,-1,-1
598,2,1287.0,372.0,260.0,695.0,1,-1,-1,-1
599,2,1270.0,372.0,275.0,690.0,1,-1,-1,-1
600,2,1263.0,369.0,293.0,695.0,1,-1,-1,-1
601,2,1256.0,377.0,318.0,687.0,1,-1,-1,-1
602,2,1263.0,379.0,321.0,684.0,1,-1,-1,-1
603,2,1258.0,382.0,343.0,685.0,1,-1,-1,-1
604,2,1259.0,390.0,361.0,679.0,1,-1,-1,-1
605,2,1254.0,389.0,398.0,684.0,1,-1,-1,-1
606,2,1250.0,390.0,401.0,684.0,1,-1,-1,-1
607,2,1247.0,390.0,387.0,680.0,1,-1,-1,-1
608,2,1239.0,390.0,373.0,678.0,1,-1,-1,-1
609,2,1235.0,384.0,369.0,683.0,1,-1,-1,-1
610,2,1219.0,372.0,363.0,694.0,1,-1,-1,-1
611,2,1211.0,367.0,345.0,698.0,1,-1,-1,-1
612,2,1207.0,354.0,334.0,712.0,1,-1,-1,-1
613,2,1201.0,348.0,349.0,720.0,1,-1,-1,-1
614,2,1193.0,339.0,362.0,727.0,1,-1,-1,-1
615,2,1195.0,335.0,364.0,730.0,1,-1,-1,-1
616,2,1221.0,331.0,338.0,736.0,1,-1,-1,-1
617,2,1226.0,332.0,344.0,729.0,1,-1,-1,-1
618,2,1222.0,332.0,356.0,726.0,1,-1,-1,-1
619,2,1245.0,328.0,334.0,727.0,1,-1,-1,-1
620,2,1247.0,333.0,341.0,727.0,1,-1,-1,-1
621,2,1251.0,340.0,338.0,719.0,1,-1,-1,-1
622,2,1243.0,348.0,359.0,714.0,1,-1,-1,-1
623,2,1253.0,354.0,352.0,712.0,1,-1,-1,-1
624,2,1269.0,356.0,346.0,709.0,1,-1,-1,-1
625,2,1277.0,360.0,333.0,702.0,1,-1,-1,-1
626,2,1283.0,367.0,328.0,697.0,1,-1,-1,-1
627,2,1284.0,366.0,328.0,700.0,1,-1,-1,-1
628,2,1287.0,368.0,321.0,696.0,1,-1,-1,-1
629,2,1295.0,359.0,307.0,710.0,1,-1,-1,-1
630,2,1299.0,363.0,287.0,706.0,1,-1,-1,-1
631,2,1300.0,371.0,273.0,696.0,1,-1,-1,-1
632,2,1297.0,380.0,269.0,687.0,1,-1,-1,-1
633,2,1285.0,387.0,281.0,678.0,1,-1,-1,-1
634,2,1286.0,393.0,281.0,673.0,1,-1,-1,-1
635,2,1287.0,403.0,277.0,659.0,1,-1,-1,-1
636,2,1288.0,420.0,275.0,633.0,1,-1,-1,-1
637,2,1290.0,429.0,278.0,627.0,1,-1,-1,-1
638,2,1288.0,436.0,267.0,629.0,1,-1,-1,-1
639,2,1283.0,446.0,280.0,621.0,1,-1,-1,-1
640,2,1274.0,455.0,298.0,614.0,1,-1,-1,-1
641,2,1259.0,458.0,316.0,609.0,1,-1,-1,-1
642,2,1248.0,460.0,328.0,605.0,1,-1,-1,-1
643,2,1236.0,456.0,352.0,606.0,1,-1,-1,-1
644,2,1222.0,453.0,365.0,604.0,1,-1,-1,-1
645,2,1218.0,454.0,367.0,602.0,1,-1,-1,-1
646,2,1204.0,444.0,379.0,612.0,1,-1,-1,-1
647,2,1199.0,438.0,385.0,621.0,1,-1,-1,-1
648,2,1186.0,426.0,394.0,639.0,1,-1,-1,-1
649,2,1178.0,422.0,394.0,639.0,1,-1,-1,-1
650,2,1170.0,414.0,397.0,649.0,1,-1,-1,-1
651,2,1164.0,406.0,400.0,651.0,1,-1,-1,-1
652,2,1152.0,401.0,396.0,654.0,1,-1,-1,-1
653,2,1137.0,402.0,388.0,656.0,1,-1,-1,-1
654,2,1126.0,406.0,384.0,649.0,1,-1,-1,-1
655,2,1121.0,401.0,377.0,647.0,1,-1,-1,-1
656,2,1123.0,395.0,352.0,645.0,1,-1,-1,-1
657,2,1123.0,400.0,340.0,644.0,1,-1,-1,-1
658,2,1116.0,404.0,337.0,645.0,1,-1,-1,-1
659,2,1114.0,404.0,316.0,649.0,1,-1,-1,-1
660,2,1099.0,410.0,319.0,642.0,1,-1,-1,-1
661,2,1108.0,416.0,300.0,631.0,1,-1,-1,-1
662,2,1108.0,438.0,286.0,607.0,1,-1,-1,-1
663,2,1091.0,422.0,309.0,616.0,1,-1,-1,-1
664,2,1105.0,443.0,273.0,587.0,1,-1,-1,-1
665,2,1084.0,403.0,287.0,617.0,1,-1,-1,-1
666,2,1064.0,405.0,286.0,610.0,1,-1,-1,-1
667,2,1056.0,409.0,284.0,603.0,1,-1,-1,-1
668,2,1044.0,408.0,287.0,598.0,1,-1,-1,-1
669,2,1048.0,407.0,265.0,596.0,1,-1,-1,-1
670,2,1053.0,408.0,250.0,595.0,1,-1,-1,-1
671,2,1056.0,407.0,236.0,593.0,1,-1,-1,-1
672,2,1040.0,397.0,247.0,602.0,1,-1,-1,-1
673,2,1043.0,390.0,234.0,611.0,1,-1,-1,-1
674,2,1024.0,392.0,242.0,613.0,1,-1,-1,-1
675,2,1015.0,384.0,240.0,614.0,1,-1,-1,-1
676,2,1001.0,383.0,247.0,609.0,1,-1,-1,-1
677,2,1002.0,373.0,242.0,617.0,1,-1,-1,-1
678,2,988.0,366.0,250.0,622.0,1,-1,-1,-1
679,2,991.0,361.0,242.0,620.0,1,-1,-1,-1
680,2,990.0,356.0,238.0,621.0,1,-1,-1,-1
681,2,968.0,377.0,257.0,591.0,1,-1,-1,-1
682,2,980.0,361.0,242.0,614.0,1,-1,-1,-1
683,2,972.0,359.0,244.0,615.0,1,-1,-1,-1
684,2,978.0,361.0,236.0,616.0,1,-1,-1,-1
685,2,975.0,362.0,236.0,618.0,1,-1,-1,-1
686,2,979.0,372.0,229.0,603.0,1,-1,-1,-1
687,2,998.0,374.0,208.0,607.0,1,-1,-1,-1
688,2,1012.0,380.0,188.0,602.0,1,-1,-1,-1
689,2,993.0,389.0,204.0,593.0,1,-1,-1,-1
690,2,997.0,391.0,196.0,591.0,1,-1,-1,-1
691,2,994.0,393.0,196.0,590.0,1,-1,-1,-1
692,2,979.0,390.0,212.0,593.0,1,-1,-1,-1
693,2,996.0,391.0,186.0,591.0,1,-1,-1,-1
694,2,1011.0,390.0,170.0,591.0,1,-1,-1,-1
695,2,1008.0,391.0,170.0,592.0,1,-1,-1,-1
696,2,1001.0,393.0,175.0,588.0,1,-1,-1,-1
697,2,1005.0,393.0,179.0,588.0,1,-1,-1,-1
698,2,1001.0,394.0,189.0,583.0,1,-1,-1,-1
699,2,1002.0,393.0,193.0,579.0,1,-1,-1,-1
700,2,994.0,398.0,204.0,572.0,1,-1,-1,-1
701,2,983.0,406.0,218.0,560.0,1,-1,-1,-1
702,2,966.0,416.0,239.0,557.0,1,-1,-1,-1
703,2,978.0,412.0,230.0,559.0,1,-1,-1,-1
704,2,987.0,416.0,244.0,561.0,1,-1,-1,-1
705,2,997.0,423.0,250.0,556.0,1,-1,-1,-1
706,2,995.0,418.0,246.0,562.0,1,-1,-1,-1
707,2,984.0,419.0,256.0,564.0,1,-1,-1,-1
708,2,953.0,413.0,290.0,571.0,1,-1,-1,-1
709,2,991.0,411.0,252.0,573.0,1,-1,-1,-1
710,2,1004.0,412.0,235.0,571.0,1,-1,-1,-1
711,2,990.0,405.0,248.0,574.0,1,-1,-1,-1
712,2,987.0,396.0,245.0,581.0,1,-1,-1,-1
713,2,976.0,394.0,256.0,587.0,1,-1,-1,-1
714,2,985.0,389.0,242.0,588.0,1,-1,-1,-1
715,2,996.0,391.0,232.0,587.0,1,-1,-1,-1
716,2,1003.0,391.0,222.0,580.0,1,-1,-1,-1
717,2,1010.0,396.0,214.0,568.0,1,-1,-1,-1
718,2,1005.0,401.0,217.0,565.0,1,-1,-1,-1
719,2,1006.0,407.0,217.0,560.0,1,-1,-1,-1
720,2,998.0,412.0,224.0,553.0,1,-1,-1,-1
721,2,992.0,418.0,232.0,546.0,1,-1,-1,-1
722,2,993.0,417.0,232.0,548.0,1,-1,-1,-1
723,2,1001.0,416.0,227.0,548.0,1,-1,-1,-1
724,2,1001.0,419.0,227.0,547.0,1,-1,-1,-1
725,2,999.0,414.0,226.0,551.0,1,-1,-1,-1
726,2,1001.0,401.0,221.0,567.0,1,-1,-1,-1
727,2,998.0,398.0,220.0,570.0,1,-1,-1,-1
728,2,992.0,397.0,224.0,566.0,1,-1,-1,-1
729,2,1001.0,404.0,221.0,553.0,1,-1,-1,-1
730,2,996.0,407.0,227.0,547.0,1,-1,-1,-1
731,2,1000.0,412.0,216.0,539.0,1,-1,-1,-1
732,2,1012.0,414.0,196.0,551.0,1,-1,-1,-1
733,2,995.0,409.0,208.0,554.0,1,-1,-1,-1
734,2,1002.0,416.0,200.0,551.0,1,-1,-1,-1
735,2,996.0,405.0,207.0,561.0,1,-1,-1,-1
736,2,992.0,418.0,196.0,532.0,1,-1,-1,-1
737,2,999.0,415.0,192.0,534.0,1,-1,-1,-1
738,2,1003.0,412.0,193.0,554.0,1,-1,-1,-1
739,2,1000.0,406.0,192.0,558.0,1,-1,-1,-1
740,2,1004.0,402.0,189.0,564.0,1,-1,-1,-1
741,2,1011.0,403.0,180.0,554.0,1,-1,-1,-1
742,2,1007.0,396.0,185.0,558.0,1,-1,-1,-1
743,2,1002.0,391.0,185.0,565.0,1,-1,-1,-1
744,2,997.0,381.0,188.0,576.0,1,-1,-1,-1
745,2,999.0,373.0,186.0,587.0,1,-1,-1,-1
746,2,1001.0,372.0,184.0,590.0,1,-1,-1,-1
747,2,997.0,365.0,184.0,589.0,1,-1,-1,-1
748,2,953.0,365.0,215.0,602.0,1,-1,-1,-1
749,2,983.0,365.0,192.0,609.0,1,-1,-1,-1
750,2,989.0,381.0,184.0,622.0,1,-1,-1,-1
751,2,978.0,385.0,189.0,619.0,1,-1,-1,-1
752,2,946.0,384.0,220.0,608.0,1,-1,-1,-1
753,2,929.0,377.0,237.0,600.0,1,-1,-1,-1
754,2,841.0,380.0,312.0,653.0,1,-1,-1,-1
755,2,863.0,386.0,285.0,654.0,1,-1,-1,-1
756,2,912.0,390.0,269.0,656.0,1,-1,-1,-1
757,2,921.0,382.0,254.0,665.0,1,-1,-1,-1
758,2,865.0,373.0,313.0,673.0,1,-1,-1,-1
759,2,941.0,397.0,231.0,637.0,1,-1,-1,-1
760,2,923.0,385.0,244.0,657.0,1,-1,-1,-1
761,2,974.0,406.0,191.0,622.0,1,-1,-1,-1
762,2,956.0,408.0,208.0,632.0,1,-1,-1,-1
763,2,951.0,417.0,215.0,628.0,1,-1,-1,-1
764,2,890.0,408.0,282.0,645.0,1,-1,-1,-1
765,2,896.0,417.0,270.0,644.0,1,-1,-1,-1
766,2,889.0,431.0,276.0,631.0,1,-1,-1,-1
767,2,892.0,438.0,270.0,617.0,1,-1,-1,-1
768,2,886.0,444.0,275.0,612.0,1,-1,-1,-1
769,2,892.0,451.0,268.0,606.0,1,-1,-1,-1
770,2,893.0,452.0,267.0,607.0,1,-1,-1,-1
771,2,891.0,447.0,269.0,609.0,1,-1,-1,-1
772,2,898.0,446.0,261.0,612.0,1,-1,-1,-1
773,2,900.0,444.0,259.0,619.0,1,-1,-1,-1
774,2,911.0,441.0,248.0,624.0,1,-1,-1,-1
775,2,925.0,439.0,229.0,626.0,1,-1,-1,-1
776,2,911.0,429.0,244.0,633.0,1,-1,-1,-1
777,2,906.0,422.0,252.0,641.0,1,-1,-1,-1
778,2,900.0,409.0,255.0,651.0,1,-1,-1,-1
779,2,901.0,417.0,255.0,636.0,1,-1,-1,-1
780,2,903.0,414.0,247.0,641.0,1,-1,-1,-1
781,2,904.0,415.0,245.0,641.0,1,-1,-1,-1
782,2,905.0,410.0,242.0,651.0,1,-1,-1,-1
783,2,906.0,413.0,240.0,643.0,1,-1,-1,-1
784,2,908.0,410.0,237.0,645.0,1,-1,-1,-1
785,2,907.0,398.0,236.0,654.0,1,-1,-1,-1
786,2,912.0,393.0,225.0,663.0,1,-1,-1,-1
787,2,912.0,394.0,221.0,660.0,1,-1,-1,-1
788,2,911.0,393.0,219.0,662.0,1,-1,-1,-1
789,2,912.0,398.0,214.0,638.0,1,-1,-1,-1
790,2,912.0,402.0,212.0,634.0,1,-1,-1,-1
791,2,912.0,405.0,209.0,635.0,1,-1,-1,-1
792,2,913.0,407.0,206.0,640.0,1,-1,-1,-1
793,2,906.0,409.0,211.0,630.0,1,-1,-1,-1
794,2,900.0,415.0,214.0,620.0,1,-1,-1,-1
795,2,897.0,422.0,222.0,612.0,1,-1,-1,-1
796,2,888.0,426.0,231.0,611.0,1,-1,-1,-1
797,2,879.0,429.0,235.0,609.0,1,-1,-1,-1
798,2,868.0,437.0,245.0,602.0,1,-1,-1,-1
799,2,854.0,440.0,259.0,594.0,1,-1,-1,-1
800,2,823.0,447.0,291.0,585.0,1,-1,-1,-1
801,2,813.0,444.0,305.0,586.0,1,-1,-1,-1
802,2,792.0,446.0,326.0,587.0,1,-1,-1,-1
803,2,785.0,446.0,334.0,586.0,1,-1,-1,-1
804,2,770.0,448.0,348.0,585.0,1,-1,-1,-1
805,2,764.0,444.0,355.0,589.0,1,-1,-1,-1
806,2,765.0,439.0,354.0,596.0,1,-1,-1,-1
807,2,764.0,438.0,351.0,598.0,1,-1,-1,-1
808,2,768.0,434.0,347.0,593.0,1,-1,-1,-1
809,2,767.0,430.0,346.0,597.0,1,-1,-1,-1
810,2,767.0,434.0,345.0,589.0,1,-1,-1,-1
811,2,774.0,428.0,337.0,589.0,1,-1,-1,-1
812,2,784.0,425.0,329.0,591.0,1,-1,-1,-1
813,2,795.0,415.0,320.0,600.0,1,-1,-1,-1
814,2,804.0,410.0,310.0,622.0,1,-1,-1,-1
815,2,804.0,397.0,312.0,627.0,1,-1,-1,-1
816,2,814.0,401.0,302.0,626.0,1,-1,-1,-1
817,2,825.0,400.0,292.0,647.0,1,-1,-1,-1
818,2,831.0,397.0,286.0,652.0,1,-1,-1,-1
819,2,842.0,392.0,276.0,656.0,1,-1,-1,-1
820,2,852.0,393.0,267.0,656.0,1,-1,-1,-1
821,2,864.0,393.0,256.0,652.0,1,-1,-1,-1
822,2,884.0,401.0,236.0,637.0,1,-1,-1,-1
823,2,896.0,407.0,227.0,641.0,1,-1,-1,-1
824,2,909.0,417.0,212.0,629.0,1,-1,-1,-1
825,2,913.0,427.0,211.0,622.0,1,-1,-1,-1
826,2,919.0,432.0,205.0,619.0,1,-1,-1,-1
827,2,921.0,432.0,204.0,622.0,1,-1,-1,-1
828,2,920.0,434.0,203.0,621.0,1,-1,-1,-1
829,2,918.0,435.0,207.0,618.0,1,-1,-1,-1
830,2,916.0,435.0,209.0,618.0,1,-1,-1,-1
831,2,918.0,436.0,208.0,616.0,1,-1,-1,-1
832,2,918.0,437.0,207.0,614.0,1,-1,-1,-1
833,2,917.0,437.0,210.0,613.0,1,-1,-1,-1
834,2,918.0,438.0,214.0,607.0,1,-1,-1,-1
835,2,915.0,442.0,223.0,601.0,1,-1,-1,-1
836,2,907.0,443.0,234.0,597.0,1,-1,-1,-1
837,2,907.0,445.0,231.0,596.0,1,-1,-1,-1
838,2,911.0,447.0,223.0,598.0,1,-1,-1,-1
839,2,914.0,445.0,217.0,602.0,1,-1,-1,-1
840,2,918.0,442.0,209.0,605.0,1,-1,-1,-1
841,2,919.0,438.0,205.0,610.0,1,-1,-1,-1
842,2,918.0,439.0,204.0,607.0,1,-1,-1,-1
843,2,919.0,434.0,203.0,610.0,1,-1,-1,-1
844,2,922.0,429.0,199.0,614.0,1,-1,-1,-1
845,2,925.0,421.0,197.0,617.0,1,-1,-1,-1
846,2,925.0,421.0,195.0,616.0,1,-1,-1,-1
847,2,923.0,414.0,199.0,626.0,1,-1,-1,-1
848,2,924.0,408.0,197.0,627.0,1,-1,-1,-1
849,2,923.0,408.0,199.0,635.0,1,-1,-1,-1
850,2,916.0,407.0,204.0,631.0,1,-1,-1,-1
851,2,914.0,401.0,202.0,628.0,1,-1,-1,-1
852,2,911.0,402.0,206.0,620.0,1,-1,-1,-1
853,2,911.0,404.0,208.0,625.0,1,-1,-1,-1
854,2,910.0,406.0,209.0,625.0,1,-1,-1,-1
855,2,908.0,405.0,212.0,631.0,1,-1,-1,-1
856,2,910.0,409.0,213.0,619.0,1,-1,-1,-1
857,2,907.0,412.0,217.0,614.0,1,-1,-1,-1
858,2,910.0,420.0,208.0,616.0,1,-1,-1,-1
859,2,908.0,421.0,211.0,611.0,1,-1,-1,-1
860,2,905.0,426.0,210.0,589.0,1,-1,-1,-1
861,2,897.0,430.0,211.0,582.0,1,-1,-1,-1
862,2,887.0,432.0,220.0,580.0,1,-1,-1,-1
863,2,884.0,433.0,219.0,564.0,1,-1,-1,-1
864,2,866.0,432.0,237.0,563.0,1,-1,-1,-1
865,2,861.0,431.0,245.0,554.0,1,-1,-1,-1
866,2,875.0,432.0,227.0,542.0,1,-1,-1,-1
867,2,883.0,429.0,215.0,536.0,1,-1,-1,-1
868,2,886.0,421.0,217.0,545.0,1,-1,-1,-1
869,2,893.0,411.0,208.0,551.0,1,-1,-1,-1
870,2,889.0,407.0,212.0,557.0,1,-1,-1,-1
871,2,884.0,395.0,217.0,561.0,1,-1,-1,-1
872,2,886.0,392.0,217.0,566.0,1,-1,-1,-1
873,2,892.0,387.0,213.0,571.0,1,-1,-1,-1
874,2,890.0,379.0,212.0,582.0,1,-1,-1,-1
875,2,886.0,371.0,218.0,589.0,1,-1,-1,-1
876,2,887.0,361.0,219.0,589.0,1,-1,-1,-1
877,2,887.0,361.0,219.0,574.0,1,-1,-1,-1
878,2,879.0,355.0,230.0,538.0,1,-1,-1,-1
879,2,875.0,353.0,238.0,569.0,1,-1,-1,-1
880,2,862.0,355.0,255.0,562.0,1,-1,-1,-1
881,2,851.0,352.0,267.0,567.0,1,-1,-1,-1
882,2,844.0,352.0,276.0,569.0,1,-1,-1,-1
883,2,834.0,356.0,287.0,555.0,1,-1,-1,-1
884,2,828.0,358.0,295.0,570.0,1,-1,-1,-1
885,2,827.0,361.0,300.0,565.0,1,-1,-1,-1
886,2,828.0,365.0,305.0,553.0,1,-1,-1,-1
887,2,839.0,370.0,294.0,547.0,1,-1,-1,-1
888,2,850.0,367.0,286.0,572.0,1,-1,-1,-1
889,2,865.0,377.0,274.0,556.0,1,-1,-1,-1
890,2,877.0,382.0,271.0,552.0,1,-1,-1,-1
891,2,888.0,389.0,268.0,546.0,1,-1,-1,-1
892,2,901.0,391.0,255.0,550.0,1,-1,-1,-1
893,2,898.0,404.0,268.0,532.0,1,-1,-1,-1
894,2,902.0,420.0,261.0,520.0,1,-1,-1,-1
895,2,897.0,428.0,267.0,511.0,1,-1,-1,-1
896,2,895.0,440.0,265.0,503.0,1,-1,-1,-1
897,2,901.0,448.0,259.0,494.0,1,-1,-1,-1
898,2,912.0,449.0,243.0,503.0,1,-1,-1,-1
899,2,911.0,453.0,238.0,510.0,1,-1,-1,-1
900,2,910.0,454.0,238.0,518.0,1,-1,-1,-1
901,2,915.0,454.0,235.0,521.0,1,-1,-1,-1
902,2,915.0,456.0,235.0,523.0,1,-1,-1,-1
903,2,914.0,453.0,240.0,539.0,1,-1,-1,-1
904,2,915.0,449.0,242.0,553.0,1,-1,-1,-1
905,2,918.0,448.0,242.0,559.0,1,-1,-1,-1
906,2,919.0,446.0,246.0,563.0,1,-1,-1,-1
907,2,923.0,442.0,245.0,564.0,1,-1,-1,-1
908,2,922.0,442.0,243.0,570.0,1,-1,-1,-1
909,2,926.0,431.0,241.0,583.0,1,-1,-1,-1
910,2,936.0,426.0,229.0,592.0,1,-1,-1,-1
911,2,939.0,424.0,229.0,594.0,1,-1,-1,-1
912,2,945.0,421.0,229.0,602.0,1,-1,-1,-1
913,2,940.0,414.0,240.0,610.0,1,-1,-1,-1
914,2,940.0,414.0,239.0,624.0,1,-1,-1,-1
915,2,939.0,414.0,242.0,628.0,1,-1,-1,-1
916,2,940.0,412.0,247.0,631.0,1,-1,-1,-1
917,2,944.0,418.0,243.0,629.0,1,-1,-1,-1
918,2,948.0,422.0,248.0,625.0,1,-1,-1,-1
919,2,944.0,427.0,259.0,619.0,1,-1,-1,-1
920,2,954.0,443.0,256.0,597.0,1,-1,-1,-1
921,2,939.0,425.0,278.0,616.0,1,-1,-1,-1
922,2,941.0,434.0,278.0,607.0,1,-1,-1,-1
923,2,943.0,447.0,277.0,593.0,1,-1,-1,-1
924,2,943.0,452.0,277.0,587.0,1,-1,-1,-1
925,2,943.0,456.0,272.0,583.0,1,-1,-1,-1
926,2,949.0,458.0,261.0,579.0,1,-1,-1,-1
927,2,947.0,459.0,253.0,580.0,1,-1,-1,-1
928,2,956.0,464.0,239.0,576.0,1,-1,-1,-1
929,2,954.0,464.0,234.0,577.0,1,-1,-1,-1
930,2,940.0,464.0,241.0,579.0,1,-1,-1,-1
931,2,939.0,468.0,238.0,573.0,1,-1,-1,-1
932,2,929.0,464.0,247.0,575.0,1,-1,-1,-1
933,2,918.0,459.0,259.0,580.0,1,-1,-1,-1
934,2,912.0,456.0,267.0,585.0,1,-1,-1,-1
935,2,908.0,454.0,275.0,588.0,1,-1,-1,-1
936,2,906.0,454.0,279.0,591.0,1,-1,-1,-1
937,2,906.0,456.0,279.0,585.0,1,-1,-1,-1
938,2,913.0,460.0,280.0,578.0,1,-1,-1,-1
939,2,921.0,461.0,273.0,579.0,1,-1,-1,-1
940,2,925.0,458.0,270.0,583.0,1,-1,-1,-1
941,2,930.0,449.0,261.0,593.0,1,-1,-1,-1
942,2,927.0,434.0,266.0,607.0,1,-1,-1,-1
943,2,937.0,429.0,253.0,609.0,1,-1,-1,-1
944,2,937.0,432.0,253.0,609.0,1,-1,-1,-1
945,2,935.0,430.0,252.0,612.0,1,-1,-1,-1
946,2,936.0,428.0,250.0,614.0,1,-1,-1,-1
947,2,939.0,427.0,247.0,613.0,1,-1,-1,-1
948,2,941.0,426.0,243.0,613.0,1,-1,-1,-1
949,2,940.0,425.0,240.0,611.0,1,-1,-1,-1
950,2,941.0,421.0,234.0,615.0,1,-1,-1,-1
951,2,943.0,422.0,227.0,616.0,1,-1,-1,-1
952,2,942.0,420.0,227.0,613.0,1,-1,-1,-1
953,2,936.0,422.0,232.0,611.0,1,-1,-1,-1
954,2,935.0,422.0,231.0,609.0,1,-1,-1,-1
955,2,929.0,420.0,235.0,617.0,1,-1,-1,-1
956,2,934.0,425.0,227.0,606.0,1,-1,-1,-1
957,2,934.0,433.0,226.0,589.0,1,-1,-1,-1
958,2,935.0,439.0,224.0,583.0,1,-1,-1,-1
959,2,937.0,444.0,223.0,579.0,1,-1,-1,-1
960,2,938.0,448.0,224.0,576.0,1,-1,-1,-1
961,2,938.0,450.0,227.0,575.0,1,-1,-1,-1
962,2,940.0,453.0,222.0,566.0,1,-1,-1,-1
963,2,940.0,458.0,219.0,562.0,1,-1,-1,-1
964,2,937.0,460.0,219.0,563.0,1,-1,-1,-1
965,2,933.0,460.0,222.0,564.0,1,-1,-1,-1
966,2,922.0,460.0,234.0,566.0,1,-1,-1,-1
967,2,907.0,457.0,249.0,566.0,1,-1,-1,-1
968,2,902.0,455.0,252.0,568.0,1,-1,-1,-1
969,2,897.0,452.0,253.0,570.0,1,-1,-1,-1
970,2,893.0,449.0,257.0,575.0,1,-1,-1,-1
971,2,893.0,446.0,261.0,579.0,1,-1,-1,-1
972,2,893.0,440.0,262.0,587.0,1,-1,-1,-1
973,2,887.0,431.0,273.0,589.0,1,-1,-1,-1
974,2,889.0,420.0,274.0,603.0,1,-1,-1,-1
975,2,914.0,414.0,245.0,614.0,1,-1,-1,-1
976,2,914.0,410.0,242.0,617.0,1,-1,-1,-1
977,2,914.0,405.0,238.0,619.0,1,-1,-1,-1
978,2,924.0,399.0,233.0,623.0,1,-1,-1,-1
979,2,945.0,398.0,219.0,623.0,1,-1,-1,-1
980,2,953.0,390.0,216.0,633.0,1,-1,-1,-1
981,2,950.0,388.0,226.0,639.0,1,-1,-1,-1
982,2,951.0,387.0,226.0,638.0,1,-1,-1,-1
983,2,958.0,386.0,218.0,643.0,1,-1,-1,-1
984,2,967.0,391.0,207.0,638.0,1,-1,-1,-1
985,2,971.0,390.0,206.0,640.0,1,-1,-1,-1
986,2,972.0,390.0,210.0,639.0,1,-1,-1,-1
987,2,976.0,400.0,203.0,630.0,1,-1,-1,-1
988,2,973.0,402.0,198.0,623.0,1,-1,-1,-1
989,2,969.0,399.0,198.0,632.0,1,-1,-1,-1
990,2,969.0,402.0,195.0,625.0,1,-1,-1,-1
991,2,953.0,411.0,207.0,617.0,1,-1,-1,-1
992,2,936.0,411.0,223.0,614.0,1,-1,-1,-1
993,2,919.0,411.0,243.0,612.0,1,-1,-1,-1
994,2,910.0,405.0,256.0,619.0,1,-1,-1,-1
995,2,904.0,402.0,262.0,622.0,1,-1,-1,-1
996,2,899.0,394.0,267.0,632.0,1,-1,-1,-1
997,2,886.0,401.0,283.0,625.0,1,-1,-1,-1
998,2,899.0,399.0,272.0,631.0,1,-1,-1,-1
999,2,916.0,386.0,253.0,644.0,1,-1,-1,-1
1000,2,911.0,384.0,263.0,645.0,1,-1,-1,-1
1001,2,923.0,375.0,252.0,654.0,1,-1,-1,-1
1002,2,914.0,363.0,261.0,665.0,1,-1,-1,-1
1003,2,930.0,358.0,242.0,670.0,1,-1,-1,-1
1004,2,930.0,349.0,244.0,679.0,1,-1,-1,-1
1005,2,935.0,346.0,241.0,685.0,1,-1,-1,-1
1006,2,934.0,347.0,243.0,681.0,1,-1,-1,-1
1007,2,922.0,350.0,258.0,675.0,1,-1,-1,-1
1008,2,917.0,344.0,265.0,674.0,1,-1,-1,-1
1009,2,908.0,339.0,279.0,681.0,1,-1,-1,-1
1010,2,899.0,339.0,291.0,684.0,1,-1,-1,-1
1011,2,893.0,330.0,289.0,697.0,1,-1,-1,-1
1012,2,886.0,329.0,299.0,699.0,1,-1,-1,-1
1013,2,895.0,334.0,293.0,693.0,1,-1,-1,-1
1014,2,899.0,321.0,292.0,722.0,1,-1,-1,-1
1015,2,908.0,344.0,289.0,687.0,1,-1,-1,-1
1016,2,939.0,344.0,257.0,695.0,1,-1,-1,-1
1017,2,935.0,340.0,262.0,708.0,1,-1,-1,-1
1018,2,932.0,344.0,271.0,719.0,1,-1,-1,-1
1019,2,943.0,354.0,258.0,702.0,1,-1,-1,-1
1020,2,943.0,361.0,260.0,692.0,1,-1,-1,-1
1021,2,960.0,375.0,249.0,689.0,1,-1,-1,-1
1022,2,978.0,385.0,237.0,675.0,1,-1,-1,-1
1023,2,964.0,397.0,251.0,664.0,1,-1,-1,-1
1024,2,949.0,415.0,263.0,645.0,1,-1,-1,-1
1025,2,957.0,410.0,248.0,654.0,1,-1,-1,-1
1026,2,952.0,423.0,257.0,635.0,1,-1,-1,-1
1027,2,948.0,431.0,261.0,627.0,1,-1,-1,-1
1028,2,935.0,439.0,270.0,620.0,1,-1,-1,-1
1029,2,934.0,430.0,276.0,626.0,1,-1,-1,-1
1030,2,937.0,426.0,272.0,628.0,1,-1,-1,-1
1031,2,943.0,421.0,266.0,631.0,1,-1,-1,-1
1032,2,947.0,416.0,264.0,638.0,1,-1,-1,-1
1033,2,942.0,424.0,272.0,631.0,1,-1,-1,-1
1034,2,942.0,423.0,271.0,629.0,1,-1,-1,-1
1035,2,940.0,418.0,272.0,635.0,1,-1,-1,-1
1036,2,936.0,406.0,276.0,647.0,1,-1,-1,-1
1037,2,935.0,413.0,274.0,641.0,1,-1,-1,-1
1038,2,936.0,408.0,269.0,646.0,1,-1,-1,-1
1039,2,936.0,421.0,268.0,629.0,1,-1,-1,-1
1040,2,927.0,431.0,279.0,620.0,1,-1,-1,-1
1041,2,930.0,450.0,275.0,598.0,1,-1,-1,-1
1042,2,941.0,452.0,267.0,600.0,1,-1,-1,-1
1043,2,935.0,408.0,274.0,635.0,1,-1,-1,-1
1044,2,927.0,390.0,288.0,653.0,1,-1,-1,-1
1045,2,937.0,389.0,280.0,653.0,1,-1,-1,-1
1046,2,949.0,412.0,267.0,615.0,1,-1,-1,-1
1047,2,939.0,439.0,286.0,591.0,1,-1,-1,-1
1048,2,955.0,429.0,264.0,596.0,1,-1,-1,-1
1049,2,968.0,411.0,256.0,594.0,1,-1,-1,-1
1050,2,984.0,396.0,251.0,547.0,1,-1,-1,-1
1051,2,999.0,401.0,240.0,581.0,1,-1,-1,-1
1052,2,917.0,460.0,298.0,555.0,1,-1,-1,-1
1054,2,986.0,431.0,239.0,540.0,1,-1,-1,-1
1055,2,892.0,484.0,296.0,535.0,1,-1,-1,-1
1056,2,877.0,496.0,297.0,516.0,1,-1,-1,-1
1057,2,866.0,505.0,301.0,500.0,1,-1,-1,-1
1058,2,873.0,505.0,292.0,508.0,1,-1,-1,-1
1059,2,871.0,509.0,281.0,477.0,1,-1,-1,-1
1060,2,865.0,504.0,285.0,483.0,1,-1,-1,-1
1061,2,855.0,506.0,294.0,495.0,1,-1,-1,-1
1062,2,849.0,508.0,290.0,486.0,1,-1,-1,-1
1063,2,844.0,510.0,292.0,495.0,1,-1,-1,-1
1064,2,834.0,516.0,293.0,486.0,1,-1,-1,-1
1065,2,826.0,516.0,295.0,500.0,1,-1,-1,-1
1066,2,814.0,513.0,306.0,502.0,1,-1,-1,-1
1067,2,797.0,508.0,318.0,510.0,1,-1,-1,-1
1068,2,782.0,506.0,330.0,506.0,1,-1,-1,-1
1069,2,773.0,507.0,337.0,508.0,1,-1,-1,-1
1070,2,765.0,514.0,340.0,499.0,1,-1,-1,-1
1071,2,754.0,514.0,349.0,503.0,1,-1,-1,-1
1072,2,750.0,513.0,352.0,504.0,1,-1,-1,-1
1073,2,741.0,512.0,357.0,497.0,1,-1,-1,-1
1074,2,737.0,519.0,361.0,482.0,1,-1,-1,-1
1075,2,734.0,521.0,361.0,492.0,1,-1,-1,-1
1076,2,740.0,521.0,351.0,498.0,1,-1,-1,-1
1077,2,742.0,517.0,338.0,502.0,1,-1,-1,-1
1078,2,749.0,518.0,327.0,507.0,1,-1,-1,-1
1079,2,758.0,514.0,314.0,518.0,1,-1,-1,-1
1080,2,760.0,521.0,310.0,513.0,1,-1,-1,-1
1081,2,754.0,522.0,311.0,512.0,1,-1,-1,-1
1082,2,756.0,518.0,304.0,517.0,1,-1,-1,-1
1083,2,753.0,519.0,303.0,517.0,1,-1,-1,-1
1084,2,751.0,518.0,300.0,517.0,1,-1,-1,-1
1085,2,751.0,519.0,295.0,517.0,1,-1,-1,-1
1086,2,749.0,519.0,289.0,518.0,1,-1,-1,-1
1087,2,743.0,516.0,286.0,523.0,1,-1,-1,-1
1088,2,733.0,513.0,288.0,527.0,1,-1,-1,-1
1089,2,730.0,511.0,286.0,532.0,1,-1,-1,-1
1090,2,722.0,512.0,285.0,532.0,1,-1,-1,-1
1091,2,719.0,515.0,280.0,528.0,1,-1,-1,-1
1092,2,714.0,515.0,281.0,525.0,1,-1,-1,-1
1093,2,712.0,515.0,279.0,528.0,1,-1,-1,-1
1094,2,711.0,513.0,281.0,531.0,1,-1,-1,-1
1095,2,708.0,512.0,281.0,531.0,1,-1,-1,-1
1096,2,707.0,512.0,282.0,531.0,1,-1,-1,-1
1097,2,703.0,512.0,282.0,528.0,1,-1,-1,-1
1098,2,700.0,507.0,285.0,534.0,1,-1,-1,-1
1099,2,699.0,503.0,282.0,537.0,1,-1,-1,-1
1100,2,697.0,500.0,279.0,540.0,1,-1,-1,-1
1101,2,694.0,503.0,278.0,534.0,1,-1,-1,-1
1102,2,692.0,497.0,276.0,538.0,1,-1,-1,-1
1103,2,694.0,489.0,269.0,545.0,1,-1,-1,-1
1104,2,698.0,487.0,261.0,547.0,1,-1,-1,-1
1105,2,698.0,485.0,253.0,544.0,1,-1,-1,-1
1106,2,696.0,482.0,250.0,548.0,1,-1,-1,-1
1107,2,693.0,478.0,251.0,550.0,1,-1,-1,-1
1108,2,691.0,476.0,249.0,551.0,1,-1,-1,-1
1109,2,692.0,469.0,246.0,558.0,1,-1,-1,-1
1110,2,690.0,461.0,244.0,562.0,1,-1,-1,-1
1111,2,691.0,454.0,240.0,566.0,1,-1,-1,-1
1112,2,689.0,451.0,239.0,564.0,1,-1,-1,-1
1113,2,688.0,449.0,239.0,564.0,1,-1,-1,-1
1114,2,688.0,449.0,240.0,570.0,1,-1,-1,-1
1115,2,687.0,449.0,238.0,565.0,1,-1,-1,-1
1116,2,687.0,453.0,230.0,552.0,1,-1,-1,-1
1117,2,686.0,454.0,226.0,550.0,1,-1,-1,-1
1118,2,681.0,448.0,228.0,557.0,1,-1,-1,-1
1119,2,674.0,450.0,220.0,554.0,1,-1,-1,-1
1120,2,661.0,458.0,224.0,540.0,1,-1,-1,-1
1121,2,647.0,456.0,230.0,545.0,1,-1,-1,-1
1122,2,640.0,450.0,236.0,545.0,1,-1,-1,-1
1123,2,640.0,447.0,233.0,546.0,1,-1,-1,-1
1124,2,635.0,440.0,238.0,547.0,1,-1,-1,-1
1125,2,629.0,435.0,247.0,543.0,1,-1,-1,-1
1126,2,627.0,427.0,250.0,540.0,1,-1,-1,-1
1127,2,627.0,418.0,251.0,551.0,1,-1,-1,-1
1128,2,621.0,414.0,255.0,555.0,1,-1,-1,-1
1129,2,626.0,409.0,249.0,560.0,1,-1,-1,-1
1130,2,628.0,401.0,245.0,564.0,1,-1,-1,-1
1131,2,631.0,396.0,241.0,565.0,1,-1,-1,-1
1132,2,633.0,391.0,240.0,569.0,1,-1,-1,-1
1133,2,629.0,387.0,245.0,575.0,1,-1,-1,-1
1134,2,623.0,380.0,252.0,581.0,1,-1,-1,-1
1135,2,621.0,379.0,254.0,579.0,1,-1,-1,-1
1136,2,618.0,384.0,256.0,572.0,1,-1,-1,-1
1137,2,616.0,383.0,258.0,567.0,1,-1,-1,-1
1138,2,616.0,380.0,259.0,569.0,1,-1,-1,-1
1139,2,611.0,383.0,261.0,560.0,1,-1,-1,-1
1140,2,607.0,380.0,266.0,556.0,1,-1,-1,-1
1141,2,604.0,377.0,269.0,548.0,1,-1,-1,-1
1142,2,610.0,380.0,266.0,548.0,1,-1,-1,-1
1143,2,593.0,393.0,281.0,546.0,1,-1,-1,-1
1144,2,596.0,398.0,280.0,556.0,1,-1,-1,-1
1145,2,597.0,407.0,277.0,554.0,1,-1,-1,-1
1146,2,605.0,414.0,261.0,543.0,1,-1,-1,-1
1147,2,607.0,421.0,262.0,543.0,1,-1,-1,-1
1148,2,607.0,425.0,258.0,544.0,1,-1,-1,-1
1149,2,611.0,427.0,252.0,550.0,1,-1,-1,-1
1150,2,612.0,432.0,255.0,551.0,1,-1,-1,-1
1151,2,614.0,441.0,252.0,548.0,1,-1,-1,-1
1152,2,620.0,439.0,247.0,557.0,1,-1,-1,-1
1153,2,621.0,447.0,247.0,550.0,1,-1,-1,-1
1154,2,629.0,456.0,243.0,541.0,1,-1,-1,-1
1155,2,636.0,462.0,240.0,534.0,1,-1,-1,-1
1156,2,640.0,471.0,241.0,522.0,1,-1,-1,-1
1157,2,642.0,467.0,243.0,527.0,1,-1,-1,-1
1158,2,640.0,481.0,242.0,513.0,1,-1,-1,-1
1159,2,635.0,483.0,246.0,506.0,1,-1,-1,-1
1160,2,634.0,485.0,250.0,503.0,1,-1,-1,-1
1161,2,632.0,484.0,250.0,504.0,1,-1,-1,-1
1162,2,632.0,485.0,248.0,504.0,1,-1,-1,-1
1163,2,629.0,490.0,250.0,498.0,1,-1,-1,-1
1164,2,630.0,490.0,248.0,496.0,1,-1,-1,-1
1165,2,627.0,489.0,251.0,500.0,1,-1,-1,-1
1166,2,627.0,487.0,253.0,508.0,1,-1,-1,-1
1167,2,626.0,486.0,255.0,515.0,1,-1,-1,-1
1168,2,631.0,488.0,248.0,517.0,1,-1,-1,-1
1169,2,637.0,486.0,243.0,526.0,1,-1,-1,-1
1170,2,635.0,484.0,246.0,532.0,1,-1,-1,-1
1171,2,638.0,482.0,243.0,535.0,1,-1,-1,-1
1172,2,634.0,477.0,246.0,539.0,1,-1,-1,-1
1173,2,632.0,468.0,249.0,550.0,1,-1,-1,-1
1174,2,634.0,457.0,248.0,561.0,1,-1,-1,-1
1175,2,633.0,448.0,253.0,569.0,1,-1,-1,-1
1176,2,634.0,441.0,252.0,575.0,1,-1,-1,-1
1177,2,638.0,440.0,250.0,578.0,1,-1,-1,-1
1178,2,648.0,439.0,244.0,582.0,1,-1,-1,-1
1179,2,664.0,436.0,229.0,585.0,1,-1,-1,-1
1180,2,674.0,427.0,217.0,595.0,1,-1,-1,-1
1181,2,679.0,426.0,213.0,595.0,1,-1,-1,-1
1182,2,684.0,426.0,210.0,594.0,1,-1,-1,-1
1183,2,684.0,426.0,210.0,591.0,1,-1,-1,-1
1184,2,683.0,427.0,212.0,597.0,1,-1,-1,-1
1185,2,678.0,429.0,221.0,591.0,1,-1,-1,-1
1186,2,680.0,429.0,221.0,594.0,1,-1,-1,-1
1187,2,685.0,427.0,221.0,594.0,1,-1,-1,-1
1188,2,683.0,427.0,231.0,599.0,1,-1,-1,-1
1189,2,681.0,427.0,238.0,596.0,1,-1,-1,-1
1190,2,677.0,427.0,243.0,601.0,1,-1,-1,-1
1191,2,661.0,426.0,261.0,596.0,1,-1,-1,-1
1192,2,652.0,424.0,272.0,598.0,1,-1,-1,-1
1193,2,646.0,421.0,281.0,601.0,1,-1,-1,-1
1194,2,644.0,413.0,270.0,610.0,1,-1,-1,-1
1195,2,648.0,412.0,277.0,613.0,1,-1,-1,-1
1196,2,652.0,406.0,269.0,621.0,1,-1,-1,-1
1197,2,663.0,392.0,249.0,633.0,1,-1,-1,-1
1198,2,668.0,406.0,234.0,611.0,1,-1,-1,-1
1199,2,675.0,405.0,215.0,600.0,1,-1,-1,-1
1200,2,677.0,404.0,208.0,592.0,1,-1,-1,-1
1201,2,674.0,405.0,199.0,592.0,1,-1,-1,-1
1202,2,677.0,397.0,195.0,589.0,1,-1,-1,-1
1203,2,679.0,394.0,189.0,597.0,1,-1,-1,-1
1204,2,680.0,391.0,191.0,599.0,1,-1,-1,-1
1205,2,672.0,391.0,192.0,609.0,1,-1,-1,-1
1206,2,673.0,378.0,209.0,598.0,1,-1,-1,-1
1207,2,668.0,392.0,195.0,603.0,1,-1,-1,-1
1208,2,670.0,389.0,191.0,610.0,1,-1,-1,-1
1209,2,676.0,373.0,175.0,641.0,1,-1,-1,-1
1210,2,672.0,371.0,172.0,644.0,1,-1,-1,-1
1211,2,662.0,376.0,178.0,638.0,1,-1,-1,-1
1212,2,661.0,378.0,178.0,638.0,1,-1,-1,-1
1213,2,657.0,389.0,181.0,610.0,1,-1,-1,-1
1214,2,650.0,396.0,187.0,602.0,1,-1,-1,-1
1215,2,645.0,398.0,193.0,601.0,1,-1,-1,-1
1216,2,640.0,407.0,207.0,601.0,1,-1,-1,-1
1217,2,636.0,413.0,206.0,599.0,1,-1,-1,-1
1218,2,635.0,415.0,206.0,594.0,1,-1,-1,-1
1219,2,647.0,418.0,182.0,588.0,1,-1,-1,-1
1220,2,641.0,418.0,188.0,596.0,1,-1,-1,-1
1221,2,631.0,421.0,192.0,591.0,1,-1,-1,-1
1222,2,609.0,420.0,213.0,594.0,1,-1,-1,-1
1223,2,584.0,427.0,239.0,587.0,1,-1,-1,-1
1224,2,573.0,428.0,251.0,582.0,1,-1,-1,-1
1225,2,571.0,428.0,250.0,583.0,1,-1,-1,-1
1226,2,569.0,427.0,252.0,582.0,1,-1,-1,-1
1227,2,566.0,425.0,255.0,586.0,1,-1,-1,-1
1228,2,567.0,422.0,252.0,592.0,1,-1,-1,-1
1229,2,571.0,420.0,246.0,590.0,1,-1,-1,-1
1230,2,584.0,415.0,231.0,599.0,1,-1,-1,-1
1231,2,594.0,408.0,220.0,604.0,1,-1,-1,-1
1232,2,598.0,403.0,216.0,607.0,1,-1,-1,-1
1233,2,612.0,398.0,201.0,614.0,1,-1,-1,-1
1234,2,615.0,394.0,196.0,616.0,1,-1,-1,-1
1235,2,615.0,392.0,197.0,617.0,1,-1,-1,-1
1236,2,620.0,389.0,191.0,621.0,1,-1,-1,-1
1237,2,622.0,385.0,188.0,624.0,1,-1,-1,-1
1238,2,623.0,381.0,184.0,629.0,1,-1,-1,-1
1239,2,624.0,380.0,181.0,631.0,1,-1,-1,-1
1240,2,625.0,376.0,180.0,636.0,1,-1,-1,-1
1241,2,630.0,377.0,175.0,634.0,1,-1,-1,-1
1242,2,636.0,374.0,169.0,639.0,1,-1,-1,-1
1243,2,637.0,374.0,162.0,638.0,1,-1,-1,-1
1244,2,640.0,376.0,159.0,635.0,1,-1,-1,-1
1245,2,640.0,378.0,157.0,634.0,1,-1,-1,-1
1246,2,641.0,385.0,157.0,628.0,1,-1,-1,-1
1247,2,637.0,390.0,160.0,624.0,1,-1,-1,-1
1248,2,639.0,392.0,160.0,621.0,1,-1,-1,-1
1249,2,638.0,397.0,164.0,614.0,1,-1,-1,-1
1250,2,618.0,389.0,180.0,621.0,1,-1,-1,-1
1251,2,603.0,400.0,195.0,617.0,1,-1,-1,-1
1252,2,591.0,402.0,211.0,614.0,1,-1,-1,-1
1253,2,584.0,404.0,222.0,611.0,1,-1,-1,-1
1254,2,577.0,406.0,231.0,610.0,1,-1,-1,-1
1255,2,565.0,398.0,243.0,619.0,1,-1,-1,-1
1256,2,553.0,391.0,255.0,625.0,1,-1,-1,-1
1257,2,538.0,378.0,269.0,634.0,1,-1,-1,-1
1258,2,525.0,375.0,283.0,638.0,1,-1,-1,-1
1259,2,514.0,367.0,295.0,646.0,1,-1,-1,-1
1260,2,509.0,363.0,302.0,653.0,1,-1,-1,-1
1261,2,510.0,364.0,303.0,651.0,1,-1,-1,-1
1262,2,521.0,360.0,292.0,655.0,1,-1,-1,-1
1263,2,516.0,359.0,299.0,655.0,1,-1,-1,-1
1264,2,518.0,353.0,298.0,659.0,1,-1,-1,-1
1265,2,519.0,349.0,301.0,662.0,1,-1,-1,-1
1266,2,519.0,342.0,302.0,670.0,1,-1,-1,-1
1267,2,524.0,339.0,298.0,671.0,1,-1,-1,-1
1268,2,531.0,336.0,290.0,676.0,1,-1,-1,-1
1269,2,534.0,331.0,288.0,679.0,1,-1,-1,-1
1270,2,529.0,330.0,294.0,684.0,1,-1,-1,-1
1271,2,538.0,334.0,285.0,683.0,1,-1,-1,-1
1272,2,548.0,336.0,277.0,683.0,1,-1,-1,-1
1273,2,560.0,338.0,267.0,688.0,1,-1,-1,-1
1274,2,567.0,340.0,263.0,686.0,1,-1,-1,-1
1275,2,573.0,345.0,257.0,684.0,1,-1,-1,-1
1276,2,577.0,355.0,253.0,674.0,1,-1,-1,-1
1277,2,584.0,365.0,242.0,667.0,1,-1,-1,-1
1278,2,603.0,356.0,221.0,670.0,1,-1,-1,-1
1279,2,621.0,356.0,206.0,673.0,1,-1,-1,-1
1280,2,640.0,366.0,192.0,662.0,1,-1,-1,-1
1281,2,640.0,368.0,193.0,659.0,1,-1,-1,-1
1282,2,655.0,361.0,169.0,672.0,1,-1,-1,-1
1283,2,656.0,358.0,169.0,678.0,1,-1,-1,-1
1284,2,654.0,357.0,173.0,678.0,1,-1,-1,-1
1285,2,648.0,360.0,186.0,671.0,1,-1,-1,-1
1286,2,655.0,356.0,169.0,680.0,1,-1,-1,-1
1287,2,651.0,358.0,178.0,679.0,1,-1,-1,-1
1288,2,656.0,364.0,175.0,675.0,1,-1,-1,-1
1289,2,652.0,360.0,196.0,676.0,1,-1,-1,-1
1290,2,647.0,361.0,208.0,677.0,1,-1,-1,-1
1291,2,648.0,359.0,215.0,682.0,1,-1,-1,-1
1292,2,647.0,358.0,226.0,685.0,1,-1,-1,-1
1293,2,652.0,366.0,231.0,679.0,1,-1,-1,-1
1294,2,661.0,373.0,224.0,676.0,1,-1,-1,-1
1295,2,670.0,378.0,221.0,669.0,1,-1,-1,-1
1296,2,665.0,380.0,228.0,667.0,1,-1,-1,-1
1297,2,666.0,373.0,215.0,662.0,1,-1,-1,-1
1298,2,676.0,372.0,205.0,670.0,1,-1,-1,-1
1299,2,672.0,371.0,210.0,672.0,1,-1,-1,-1
1300,2,680.0,370.0,204.0,666.0,1,-1,-1,-1
1301,2,683.0,372.0,206.0,664.0,1,-1,-1,-1
1302,2,684.0,371.0,207.0,667.0,1,-1,-1,-1
1303,2,682.0,376.0,214.0,660.0,1,-1,-1,-1
1304,2,679.0,379.0,223.0,658.0,1,-1,-1,-1
1305,2,675.0,381.0,233.0,659.0,1,-1,-1,-1
1306,2,672.0,386.0,245.0,658.0,1,-1,-1,-1
1307,2,674.0,391.0,247.0,654.0,1,-1,-1,-1
1308,2,684.0,401.0,229.0,640.0,1,-1,-1,-1
1309,2,689.0,409.0,223.0,628.0,1,-1,-1,-1
1310,2,694.0,414.0,221.0,623.0,1,-1,-1,-1
1311,2,693.0,415.0,217.0,626.0,1,-1,-1,-1
1312,2,693.0,409.0,213.0,633.0,1,-1,-1,-1
1313,2,705.0,409.0,202.0,627.0,1,-1,-1,-1
1314,2,709.0,415.0,194.0,626.0,1,-1,-1,-1
1315,2,716.0,406.0,192.0,627.0,1,-1,-1,-1
1316,2,716.0,398.0,188.0,630.0,1,-1,-1,-1
1317,2,715.0,399.0,197.0,625.0,1,-1,-1,-1
1318,2,718.0,401.0,195.0,607.0,1,-1,-1,-1
1319,2,717.0,402.0,197.0,581.0,1,-1,-1,-1
1320,2,721.0,413.0,191.0,562.0,1,-1,-1,-1
1321,2,720.0,414.0,192.0,554.0,1,-1,-1,-1
1322,2,718.0,409.0,196.0,563.0,1,-1,-1,-1
1323,2,721.0,410.0,191.0,562.0,1,-1,-1,-1
1324,2,731.0,405.0,186.0,564.0,1,-1,-1,-1
1325,2,733.0,406.0,184.0,547.0,1,-1,-1,-1
1326,2,744.0,418.0,183.0,540.0,1,-1,-1,-1
1327,2,746.0,417.0,182.0,541.0,1,-1,-1,-1
1328,2,746.0,417.0,182.0,551.0,1,-1,-1,-1
1329,2,746.0,414.0,185.0,562.0,1,-1,-1,-1
1330,2,737.0,413.0,196.0,564.0,1,-1,-1,-1
1331,2,744.0,413.0,187.0,568.0,1,-1,-1,-1
1332,2,747.0,413.0,195.0,576.0,1,-1,-1,-1
1333,2,745.0,412.0,198.0,589.0,1,-1,-1,-1
1334,2,749.0,412.0,192.0,600.0,1,-1,-1,-1
1335,2,744.0,416.0,189.0,612.0,1,-1,-1,-1
1336,2,748.0,419.0,189.0,622.0,1,-1,-1,-1
1337,2,753.0,417.0,189.0,625.0,1,-1,-1,-1
1338,2,765.0,419.0,179.0,624.0,1,-1,-1,-1
1339,2,774.0,430.0,181.0,615.0,1,-1,-1,-1
1340,2,771.0,416.0,180.0,624.0,1,-1,-1,-1
1341,2,779.0,422.0,178.0,625.0,1,-1,-1,-1
1342,2,772.0,411.0,180.0,631.0,1,-1,-1,-1
1343,2,772.0,408.0,188.0,630.0,1,-1,-1,-1
1344,2,769.0,405.0,192.0,634.0,1,-1,-1,-1
1345,2,769.0,401.0,199.0,637.0,1,-1,-1,-1
1346,2,768.0,395.0,207.0,641.0,1,-1,-1,-1
1347,2,767.0,393.0,217.0,645.0,1,-1,-1,-1
1348,2,774.0,394.0,230.0,650.0,1,-1,-1,-1
1349,2,774.0,390.0,235.0,654.0,1,-1,-1,-1
1350,2,776.0,389.0,235.0,655.0,1,-1,-1,-1
1351,2,774.0,388.0,242.0,660.0,1,-1,-1,-1
1352,2,774.0,390.0,246.0,656.0,1,-1,-1,-1
1353,2,778.0,392.0,242.0,657.0,1,-1,-1,-1
1354,2,778.0,394.0,243.0,654.0,1,-1,-1,-1
1355,2,775.0,394.0,244.0,651.0,1,-1,-1,-1
1356,2,771.0,392.0,247.0,652.0,1,-1,-1,-1
1357,2,764.0,393.0,255.0,650.0,1,-1,-1,-1
1358,2,740.0,398.0,287.0,644.0,1,-1,-1,-1
1359,2,727.0,405.0,295.0,640.0,1,-1,-1,-1
1360,2,720.0,396.0,292.0,657.0,1,-1,-1,-1
1361,2,709.0,396.0,302.0,657.0,1,-1,-1,-1
1362,2,698.0,397.0,313.0,645.0,1,-1,-1,-1
1363,2,688.0,400.0,320.0,649.0,1,-1,-1,-1
1364,2,679.0,404.0,323.0,643.0,1,-1,-1,-1
1365,2,666.0,399.0,334.0,643.0,1,-1,-1,-1
1366,2,664.0,406.0,337.0,636.0,1,-1,-1,-1
1367,2,660.0,404.0,340.0,638.0,1,-1,-1,-1
1368,2,661.0,412.0,335.0,629.0,1,-1,-1,-1
1369,2,670.0,419.0,325.0,618.0,1,-1,-1,-1
1370,2,681.0,423.0,316.0,611.0,1,-1,-1,-1
1371,2,702.0,428.0,293.0,608.0,1,-1,-1,-1
1372,2,746.0,427.0,249.0,619.0,1,-1,-1,-1
1373,2,788.0,431.0,207.0,610.0,1,-1,-1,-1
1374,2,807.0,426.0,190.0,600.0,1,-1,-1,-1
1375,2,815.0,427.0,181.0,593.0,1,-1,-1,-1
1376,2,817.0,420.0,185.0,596.0,1,-1,-1,-1
1377,2,820.0,421.0,182.0,585.0,1,-1,-1,-1
1378,2,810.0,422.0,192.0,572.0,1,-1,-1,-1
1379,2,820.0,422.0,186.0,561.0,1,-1,-1,-1
1380,2,811.0,418.0,197.0,556.0,1,-1,-1,-1
1381,2,810.0,415.0,204.0,557.0,1,-1,-1,-1
1382,2,816.0,411.0,207.0,552.0,1,-1,-1,-1
1383,2,822.0,408.0,207.0,553.0,1,-1,-1,-1
1384,2,827.0,407.0,205.0,554.0,1,-1,-1,-1
1385,2,830.0,404.0,207.0,557.0,1,-1,-1,-1
1386,2,831.0,403.0,207.0,559.0,1,-1,-1,-1
1387,2,836.0,408.0,204.0,555.0,1,-1,-1,-1
1388,2,842.0,408.0,201.0,559.0,1,-1,-1,-1
1389,2,847.0,410.0,195.0,552.0,1,-1,-1,-1
1390,2,851.0,409.0,191.0,557.0,1,-1,-1,-1
1391,2,855.0,411.0,196.0,561.0,1,-1,-1,-1
1392,2,857.0,411.0,195.0,561.0,1,-1,-1,-1
1393,2,861.0,411.0,192.0,557.0,1,-1,-1,-1
1394,2,862.0,409.0,186.0,556.0,1,-1,-1,-1
1395,2,864.0,409.0,182.0,553.0,1,-1,-1,-1
1396,2,864.0,409.0,175.0,556.0,1,-1,-1,-1
1397,2,865.0,410.0,168.0,557.0,1,-1,-1,-1
1398,2,868.0,413.0,167.0,553.0,1,-1,-1,-1
1399,2,871.0,414.0,168.0,548.0,1,-1,-1,-1
1400,2,875.0,416.0,168.0,546.0,1,-1,-1,-1
1401,2,878.0,413.0,166.0,551.0,1,-1,-1,-1
1402,2,877.0,415.0,166.0,546.0,1,-1,-1,-1
1403,2,878.0,417.0,158.0,541.0,1,-1,-1,-1
1404,2,877.0,418.0,163.0,540.0,1,-1,-1,-1
1405,2,877.0,419.0,163.0,542.0,1,-1,-1,-1
1406,2,877.0,421.0,167.0,540.0,1,-1,-1,-1
1407,2,876.0,420.0,176.0,541.0,1,-1,-1,-1
1408,2,874.0,417.0,179.0,540.0,1,-1,-1,-1
1409,2,875.0,417.0,181.0,534.0,1,-1,-1,-1
1410,2,875.0,408.0,183.0,541.0,1,-1,-1,-1
1411,2,873.0,398.0,184.0,546.0,1,-1,-1,-1
1412,2,871.0,394.0,187.0,541.0,1,-1,-1,-1
1413,2,870.0,396.0,189.0,540.0,1,-1,-1,-1
1414,2,870.0,396.0,188.0,528.0,1,-1,-1,-1
1415,2,869.0,395.0,191.0,528.0,1,-1,-1,-1
1416,2,870.0,396.0,191.0,528.0,1,-1,-1,-1
1417,2,869.0,399.0,193.0,523.0,1,-1,-1,-1
1418,2,867.0,401.0,195.0,524.0,1,-1,-1,-1
1419,2,866.0,401.0,199.0,522.0,1,-1,-1,-1
1420,2,866.0,408.0,203.0,512.0,1,-1,-1,-1
1421,2,859.0,413.0,211.0,513.0,1,-1,-1,-1
1422,2,856.0,416.0,213.0,511.0,1,-1,-1,-1
1423,2,859.0,418.0,214.0,510.0,1,-1,-1,-1
1424,2,861.0,417.0,212.0,511.0,1,-1,-1,-1
1425,2,865.0,415.0,206.0,513.0,1,-1,-1,-1
1426,2,866.0,410.0,205.0,517.0,1,-1,-1,-1
1427,2,867.0,408.0,203.0,514.0,1,-1,-1,-1
1428,2,869.0,406.0,202.0,518.0,1,-1,-1,-1
1429,2,871.0,403.0,203.0,519.0,1,-1,-1,-1
1430,2,870.0,406.0,206.0,531.0,1,-1,-1,-1
1431,2,871.0,405.0,207.0,543.0,1,-1,-1,-1
1432,2,874.0,415.0,204.0,540.0,1,-1,-1,-1
1433,2,876.0,422.0,197.0,547.0,1,-1,-1,-1
1434,2,874.0,421.0,199.0,553.0,1,-1,-1,-1
1435,2,873.0,418.0,194.0,558.0,1,-1,-1,-1
1436,2,872.0,418.0,195.0,559.0,1,-1,-1,-1
1437,2,873.0,420.0,193.0,557.0,1,-1,-1,-1
1438,2,876.0,423.0,191.0,554.0,1,-1,-1,-1
1439,2,874.0,425.0,202.0,550.0,1,-1,-1,-1
1440,2,876.0,423.0,203.0,553.0,1,-1,-1,-1
1441,2,880.0,417.0,196.0,558.0,1,-1,-1,-1
1442,2,884.0,411.0,190.0,565.0,1,-1,-1,-1
1443,2,882.0,411.0,188.0,571.0,1,-1,-1,-1
1444,2,882.0,405.0,182.0,581.0,1,-1,-1,-1
1445,2,884.0,399.0,174.0,587.0,1,-1,-1,-1
1446,2,884.0,396.0,171.0,596.0,1,-1,-1,-1
1447,2,885.0,395.0,167.0,598.0,1,-1,-1,-1
1448,2,887.0,394.0,163.0,579.0,1,-1,-1,-1
1449,2,886.0,395.0,165.0,578.0,1,-1,-1,-1
1450,2,886.0,396.0,166.0,578.0,1,-1,-1,-1
1451,2,885.0,396.0,170.0,580.0,1,-1,-1,-1
1452,2,886.0,397.0,170.0,583.0,1,-1,-1,-1
1453,2,886.0,398.0,169.0,582.0,1,-1,-1,-1
1454,2,888.0,400.0,166.0,578.0,1,-1,-1,-1
1455,2,888.0,401.0,165.0,578.0,1,-1,-1,-1
1456,2,885.0,400.0,167.0,579.0,1,-1,-1,-1
1457,2,885.0,402.0,165.0,576.0,1,-1,-1,-1
1458,2,884.0,401.0,167.0,578.0,1,-1,-1,-1
1459,2,884.0,401.0,169.0,579.0,1,-1,-1,-1
1460,2,881.0,397.0,173.0,590.0,1,-1,-1,-1
1461,2,882.0,398.0,175.0,590.0,1,-1,-1,-1
1462,2,880.0,402.0,176.0,586.0,1,-1,-1,-1
1463,2,881.0,404.0,182.0,587.0,1,-1,-1,-1
1464,2,881.0,410.0,184.0,575.0,1,-1,-1,-1
1465,2,884.0,410.0,186.0,573.0,1,-1,-1,-1
1466,2,883.0,412.0,188.0,565.0,1,-1,-1,-1
1467,2,887.0,420.0,184.0,558.0,1,-1,-1,-1
1468,2,886.0,424.0,189.0,552.0,1,-1,-1,-1
1469,2,884.0,428.0,196.0,547.0,1,-1,-1,-1
1470,2,883.0,430.0,195.0,545.0,1,-1,-1,-1
1471,2,881.0,430.0,197.0,544.0,1,-1,-1,-1
1472,2,878.0,428.0,198.0,548.0,1,-1,-1,-1
1473,2,877.0,425.0,204.0,550.0,1,-1,-1,-1
1474,2,879.0,421.0,198.0,554.0,1,-1,-1,-1
1475,2,881.0,419.0,191.0,553.0,1,-1,-1,-1
1476,2,879.0,417.0,192.0,551.0,1,-1,-1,-1
1477,2,876.0,403.0,200.0,554.0,1,-1,-1,-1
1478,2,876.0,404.0,207.0,548.0,1,-1,-1,-1
1479,2,872.0,404.0,214.0,540.0,1,-1,-1,-1
1480,2,874.0,405.0,207.0,530.0,1,-1,-1,-1
1481,2,875.0,404.0,201.0,526.0,1,-1,-1,-1
1482,2,877.0,405.0,199.0,526.0,1,-1,-1,-1
1483,2,878.0,408.0,193.0,523.0,1,-1,-1,-1
1484,2,881.0,404.0,191.0,523.0,1,-1,-1,-1
1485,2,881.0,406.0,189.0,522.0,1,-1,-1,-1
1486,2,880.0,405.0,189.0,520.0,1,-1,-1,-1
1487,2,879.0,405.0,190.0,521.0,1,-1,-1,-1
1488,2,878.0,408.0,187.0,516.0,1,-1,-1,-1
1489,2,877.0,409.0,182.0,517.0,1,-1,-1,-1
1490,2,877.0,409.0,182.0,513.0,1,-1,-1,-1
1491,2,877.0,408.0,180.0,514.0,1,-1,-1,-1
1492,2,874.0,407.0,184.0,515.0,1,-1,-1,-1
1493,2,869.0,405.0,193.0,519.0,1,-1,-1,-1
1494,2,861.0,413.0,201.0,513.0,1,-1,-1,-1
1495,2,841.0,420.0,220.0,514.0,1,-1,-1,-1
1496,2,823.0,421.0,238.0,520.0,1,-1,-1,-1
1497,2,810.0,426.0,246.0,536.0,1,-1,-1,-1
1498,2,801.0,430.0,253.0,539.0,1,-1,-1,-1
1499,2,797.0,438.0,255.0,531.0,1,-1,-1,-1
1500,2,795.0,443.0,256.0,525.0,1,-1,-1,-1
1501,2,799.0,442.0,248.0,524.0,1,-1,-1,-1
1502,2,804.0,440.0,237.0,527.0,1,-1,-1,-1
1503,2,819.0,436.0,221.0,532.0,1,-1,-1,-1
1504,2,827.0,433.0,213.0,538.0,1,-1,-1,-1
1505,2,848.0,431.0,190.0,543.0,1,-1,-1,-1
1506,2,857.0,422.0,179.0,558.0,1,-1,-1,-1
1507,2,869.0,419.0,173.0,557.0,1,-1,-1,-1
1508,2,875.0,417.0,174.0,554.0,1,-1,-1,-1
1509,2,876.0,413.0,177.0,552.0,1,-1,-1,-1
1510,2,872.0,410.0,182.0,555.0,1,-1,-1,-1
1511,2,872.0,406.0,184.0,556.0,1,-1,-1,-1
1512,2,876.0,401.0,185.0,561.0,1,-1,-1,-1
1513,2,877.0,402.0,187.0,561.0,1,-1,-1,-1
1514,2,882.0,405.0,194.0,559.0,1,-1,-1,-1
1515,2,886.0,407.0,188.0,564.0,1,-1,-1,-1
1516,2,886.0,407.0,191.0,571.0,1,-1,-1,-1
1517,2,887.0,407.0,196.0,572.0,1,-1,-1,-1
1518,2,885.0,410.0,197.0,569.0,1,-1,-1,-1
1519,2,884.0,413.0,198.0,567.0,1,-1,-1,-1
1520,2,883.0,414.0,196.0,568.0,1,-1,-1,-1
1521,2,883.0,419.0,199.0,566.0,1,-1,-1,-1
1522,2,884.0,419.0,196.0,568.0,1,-1,-1,-1
1523,2,885.0,410.0,192.0,581.0,1,-1,-1,-1
1524,2,884.0,407.0,196.0,588.0,1,-1,-1,-1
1525,2,881.0,405.0,200.0,590.0,1,-1,-1,-1
1526,2,882.0,402.0,200.0,592.0,1,-1,-1,-1
1527,2,882.0,402.0,202.0,598.0,1,-1,-1,-1
1528,2,883.0,401.0,199.0,604.0,1,-1,-1,-1
1529,2,884.0,402.0,199.0,607.0,1,-1,-1,-1
1530,2,882.0,402.0,200.0,617.0,1,-1,-1,-1
1531,2,880.0,404.0,200.0,618.0,1,-1,-1,-1
1532,2,873.0,406.0,207.0,623.0,1,-1,-1,-1
1533,2,866.0,408.0,213.0,625.0,1,-1,-1,-1
1534,2,861.0,412.0,219.0,624.0,1,-1,-1,-1
1535,2,861.0,414.0,221.0,621.0,1,-1,-1,-1
1536,2,865.0,414.0,218.0,625.0,1,-1,-1,-1
1537,2,862.0,410.0,219.0,629.0,1,-1,-1,-1
1538,2,863.0,403.0,219.0,637.0,1,-1,-1,-1
1539,2,864.0,397.0,218.0,643.0,1,-1,-1,-1
1540,2,864.0,394.0,219.0,644.0,1,-1,-1,-1
1541,2,865.0,391.0,212.0,649.0,1,-1,-1,-1
1542,2,867.0,387.0,208.0,651.0,1,-1,-1,-1
1543,2,870.0,379.0,205.0,652.0,1,-1,-1,-1
1544,2,868.0,377.0,204.0,653.0,1,-1,-1,-1
1545,2,867.0,374.0,203.0,655.0,1,-1,-1,-1
1546,2,864.0,374.0,208.0,654.0,1,-1,-1,-1
1547,2,864.0,373.0,209.0,656.0,1,-1,-1,-1
1548,2,860.0,377.0,213.0,652.0,1,-1,-1,-1
1549,2,852.0,377.0,228.0,654.0,1,-1,-1,-1
1550,2,852.0,375.0,233.0,657.0,1,-1,-1,-1
1551,2,859.0,381.0,225.0,650.0,1,-1,-1,-1
1552,2,860.0,386.0,225.0,649.0,1,-1,-1,-1
1553,2,858.0,387.0,225.0,649.0,1,-1,-1,-1
1554,2,861.0,390.0,220.0,646.0,1,-1,-1,-1
1555,2,862.0,390.0,215.0,646.0,1,-1,-1,-1
1556,2,860.0,391.0,217.0,644.0,1,-1,-1,-1
1557,2,862.0,389.0,219.0,646.0,1,-1,-1,-1
1558,2,861.0,390.0,222.0,644.0,1,-1,-1,-1
1559,2,859.0,391.0,221.0,639.0,1,-1,-1,-1
1560,2,861.0,393.0,219.0,637.0,1,-1,-1,-1
1561,2,860.0,396.0,218.0,633.0,1,-1,-1,-1
1562,2,862.0,398.0,213.0,628.0,1,-1,-1,-1
1563,2,859.0,396.0,214.0,634.0,1,-1,-1,-1
1564,2,859.0,398.0,208.0,632.0,1,-1,-1,-1
1565,2,854.0,398.0,211.0,634.0,1,-1,-1,-1
1566,2,857.0,406.0,206.0,629.0,1,-1,-1,-1
1567,2,856.0,410.0,207.0,621.0,1,-1,-1,-1
1568,2,860.0,411.0,204.0,621.0,1,-1,-1,-1
1569,2,864.0,413.0,201.0,621.0,1,-1,-1,-1
1570,2,860.0,409.0,205.0,627.0,1,-1,-1,-1
1571,2,860.0,410.0,205.0,620.0,1,-1,-1,-1
1572,2,854.0,409.0,203.0,618.0,1,-1,-1,-1
1573,2,857.0,403.0,207.0,616.0,1,-1,-1,-1
1574,2,867.0,406.0,199.0,617.0,1,-1,-1,-1
1575,2,874.0,403.0,195.0,618.0,1,-1,-1,-1
1576,2,881.0,400.0,188.0,614.0,1,-1,-1,-1
1577,2,888.0,406.0,181.0,585.0,1,-1,-1,-1
1578,2,884.0,391.0,184.0,594.0,1,-1,-1,-1
1579,2,882.0,392.0,187.0,584.0,1,-1,-1,-1
1580,2,877.0,392.0,193.0,575.0,1,-1,-1,-1
1581,2,876.0,394.0,193.0,572.0,1,-1,-1,-1
1582,2,874.0,394.0,196.0,575.0,1,-1,-1,-1
1583,2,874.0,397.0,195.0,570.0,1,-1,-1,-1
1584,2,871.0,396.0,199.0,566.0,1,-1,-1,-1
1585,2,870.0,398.0,196.0,566.0,1,-1,-1,-1
1586,2,870.0,398.0,196.0,565.0,1,-1,-1,-1
1587,2,869.0,398.0,195.0,565.0,1,-1,-1,-1
1588,2,869.0,399.0,193.0,564.0,1,-1,-1,-1
1589,2,869.0,399.0,191.0,564.0,1,-1,-1,-1
1590,2,868.0,399.0,189.0,564.0,1,-1,-1,-1
1591,2,868.0,399.0,186.0,566.0,1,-1,-1,-1
1592,2,869.0,401.0,185.0,568.0,1,-1,-1,-1
1593,2,872.0,404.0,176.0,563.0,1,-1,-1,-1
1594,2,872.0,407.0,176.0,566.0,1,-1,-1,-1
1595,2,875.0,408.0,173.0,571.0,1,-1,-1,-1
1596,2,874.0,409.0,174.0,579.0,1,-1,-1,-1
1597,2,876.0,410.0,171.0,592.0,1,-1,-1,-1
1598,2,878.0,413.0,169.0,601.0,1,-1,-1,-1
1599,2,878.0,412.0,170.0,611.0,1,-1,-1,-1
1600,2,880.0,419.0,167.0,606.0,1,-1,-1,-1
1601,2,880.0,427.0,165.0,599.0,1,-1,-1,-1
1602,2,878.0,429.0,167.0,593.0,1,-1,-1,-1
1603,2,876.0,425.0,169.0,599.0,1,-1,-1,-1
1604,2,881.0,415.0,165.0,616.0,1,-1,-1,-1
1605,2,874.0,409.0,174.0,620.0,1,-1,-1,-1
1606,2,876.0,401.0,170.0,622.0,1,-1,-1,-1
1607,2,878.0,395.0,168.0,628.0,1,-1,-1,-1
1608,2,881.0,392.0,166.0,633.0,1,-1,-1,-1
1609,2,881.0,388.0,169.0,638.0,1,-1,-1,-1
1610,2,884.0,384.0,172.0,646.0,1,-1,-1,-1
1611,2,883.0,382.0,178.0,648.0,1,-1,-1,-1
1612,2,882.0,379.0,183.0,651.0,1,-1,-1,-1
1613,2,881.0,378.0,187.0,652.0,1,-1,-1,-1
1614,2,878.0,380.0,192.0,649.0,1,-1,-1,-1
1615,2,877.0,386.0,198.0,645.0,1,-1,-1,-1
1616,2,878.0,387.0,198.0,644.0,1,-1,-1,-1
1617,2,878.0,390.0,201.0,640.0,1,-1,-1,-1
1618,2,878.0,389.0,202.0,642.0,1,-1,-1,-1
1619,2,878.0,392.0,202.0,639.0,1,-1,-1,-1
1620,2,878.0,390.0,202.0,639.0,1,-1,-1,-1
1621,2,878.0,390.0,203.0,639.0,1,-1,-1,-1
1622,2,878.0,387.0,203.0,643.0,1,-1,-1,-1
1623,2,878.0,383.0,201.0,646.0,1,-1,-1,-1
1624,2,876.0,384.0,202.0,644.0,1,-1,-1,-1
1625,2,871.0,387.0,204.0,644.0,1,-1,-1,-1
1626,2,870.0,387.0,204.0,646.0,1,-1,-1,-1
1627,2,865.0,392.0,207.0,640.0,1,-1,-1,-1
1628,2,863.0,393.0,206.0,640.0,1,-1,-1,-1
1629,2,855.0,398.0,210.0,634.0,1,-1,-1,-1
1630,2,829.0,400.0,234.0,632.0,1,-1,-1,-1
1631,2,821.0,407.0,239.0,627.0,1,-1,-1,-1
1632,2,817.0,409.0,242.0,628.0,1,-1,-1,-1
1633,2,816.0,410.0,241.0,625.0,1,-1,-1,-1
1634,2,815.0,406.0,236.0,626.0,1,-1,-1,-1
1635,2,820.0,403.0,229.0,629.0,1,-1,-1,-1
1636,2,827.0,409.0,225.0,622.0,1,-1,-1,-1
1637,2,839.0,408.0,218.0,620.0,1,-1,-1,-1
1638,2,860.0,400.0,205.0,629.0,1,-1,-1,-1
1639,2,875.0,397.0,194.0,628.0,1,-1,-1,-1
1640,2,882.0,396.0,192.0,625.0,1,-1,-1,-1
1641,2,890.0,394.0,191.0,621.0,1,-1,-1,-1
1642,2,897.0,394.0,181.0,610.0,1,-1,-1,-1
1643,2,894.0,395.0,191.0,595.0,1,-1,-1,-1
1644,2,889.0,394.0,194.0,591.0,1,-1,-1,-1
1645,2,892.0,395.0,197.0,583.0,1,-1,-1,-1
1646,2,896.0,394.0,198.0,579.0,1,-1,-1,-1
1647,2,894.0,400.0,203.0,564.0,1,-1,-1,-1
1648,2,891.0,401.0,213.0,567.0,1,-1,-1,-1
1649,2,895.0,402.0,214.0,565.0,1,-1,-1,-1
1650,2,891.0,403.0,220.0,561.0,1,-1,-1,-1
1651,2,892.0,404.0,219.0,565.0,1,-1,-1,-1
1652,2,891.0,402.0,223.0,568.0,1,-1,-1,-1
1653,2,891.0,405.0,222.0,565.0,1,-1,-1,-1
1654,2,893.0,406.0,220.0,566.0,1,-1,-1,-1
1655,2,893.0,405.0,219.0,559.0,1,-1,-1,-1
1656,2,893.0,402.0,215.0,569.0,1,-1,-1,-1
1657,2,896.0,399.0,211.0,572.0,1,-1,-1,-1
1658,2,894.0,395.0,204.0,580.0,1,-1,-1,-1
1659,2,891.0,396.0,204.0,576.0,1,-1,-1,-1
1660,2,891.0,396.0,197.0,578.0,1,-1,-1,-1
1661,2,889.0,394.0,196.0,587.0,1,-1,-1,-1
1662,2,890.0,391.0,183.0,608.0,1,-1,-1,-1
1663,2,892.0,398.0,175.0,606.0,1,-1,-1,-1
1664,2,894.0,402.0,168.0,617.0,1,-1,-1,-1
1665,2,890.0,402.0,176.0,624.0,1,-1,-1,-1
1666,2,887.0,401.0,180.0,625.0,1,-1,-1,-1
1667,2,882.0,401.0,183.0,621.0,1,-1,-1,-1
1668,2,878.0,401.0,186.0,622.0,1,-1,-1,-1
1669,2,870.0,397.0,195.0,628.0,1,-1,-1,-1
1670,2,859.0,393.0,208.0,630.0,1,-1,-1,-1
1671,2,835.0,403.0,230.0,628.0,1,-1,-1,-1
1672,2,817.0,403.0,251.0,628.0,1,-1,-1,-1
1673,2,811.0,403.0,257.0,628.0,1,-1,-1,-1
1674,2,811.0,401.0,259.0,631.0,1,-1,-1,-1
1675,2,813.0,397.0,256.0,636.0,1,-1,-1,-1
1676,2,822.0,393.0,251.0,638.0,1,-1,-1,-1
1677,2,823.0,396.0,250.0,633.0,1,-1,-1,-1
1678,2,826.0,395.0,248.0,634.0,1,-1,-1,-1
1679,2,847.0,398.0,227.0,629.0,1,-1,-1,-1
1680,2,848.0,399.0,228.0,622.0,1,-1,-1,-1
1681,2,849.0,402.0,227.0,607.0,1,-1,-1,-1
1682,2,857.0,404.0,224.0,586.0,1,-1,-1,-1
1683,2,866.0,407.0,215.0,569.0,1,-1,-1,-1
1684,2,879.0,416.0,204.0,554.0,1,-1,-1,-1
1685,2,885.0,417.0,199.0,549.0,1,-1,-1,-1
1686,2,891.0,416.0,199.0,551.0,1,-1,-1,-1
1687,2,893.0,417.0,196.0,549.0,1,-1,-1,-1
1688,2,893.0,414.0,202.0,545.0,1,-1,-1,-1
1689,2,893.0,409.0,210.0,551.0,1,-1,-1,-1
1690,2,890.0,403.0,218.0,560.0,1,-1,-1,-1
1691,2,889.0,402.0,224.0,563.0,1,-1,-1,-1
1692,2,887.0,398.0,231.0,565.0,1,-1,-1,-1
1693,2,883.0,392.0,234.0,570.0,1,-1,-1,-1
1694,2,881.0,390.0,234.0,579.0,1,-1,-1,-1
1695,2,882.0,390.0,235.0,585.0,1,-1,-1,-1
1696,2,880.0,389.0,238.0,602.0,1,-1,-1,-1
1697,2,877.0,388.0,238.0,618.0,1,-1,-1,-1
1698,2,880.0,394.0,234.0,623.0,1,-1,-1,-1
1699,2,882.0,404.0,233.0,615.0,1,-1,-1,-1
1700,2,886.0,406.0,234.0,619.0,1,-1,-1,-1
1701,2,883.0,413.0,241.0,610.0,1,-1,-1,-1
1702,2,881.0,414.0,242.0,608.0,1,-1,-1,-1
1703,2,883.0,412.0,244.0,610.0,1,-1,-1,-1
1704,2,885.0,408.0,240.0,613.0,1,-1,-1,-1
1705,2,889.0,405.0,233.0,619.0,1,-1,-1,-1
1706,2,887.0,402.0,228.0,619.0,1,-1,-1,-1
1707,2,892.0,402.0,213.0,617.0,1,-1,-1,-1
1708,2,894.0,391.0,200.0,633.0,1,-1,-1,-1
1709,2,891.0,388.0,193.0,632.0,1,-1,-1,-1
1710,2,894.0,385.0,186.0,637.0,1,-1,-1,-1
1711,2,897.0,381.0,185.0,641.0,1,-1,-1,-1
1712,2,900.0,382.0,182.0,641.0,1,-1,-1,-1
1713,2,900.0,377.0,180.0,647.0,1,-1,-1,-1
1714,2,899.0,374.0,181.0,651.0,1,-1,-1,-1
1715,2,900.0,376.0,180.0,649.0,1,-1,-1,-1
1716,2,898.0,376.0,182.0,650.0,1,-1,-1,-1
1717,2,899.0,379.0,180.0,650.0,1,-1,-1,-1
1718,2,900.0,386.0,178.0,641.0,1,-1,-1,-1
1719,2,898.0,387.0,179.0,641.0,1,-1,-1,-1
1720,2,896.0,386.0,181.0,641.0,1,-1,-1,-1
1721,2,896.0,387.0,182.0,639.0,1,-1,-1,-1
1722,2,895.0,387.0,183.0,641.0,1,-1,-1,-1
1723,2,893.0,383.0,185.0,646.0,1,-1,-1,-1
1724,2,894.0,387.0,185.0,640.0,1,-1,-1,-1
1725,2,892.0,391.0,187.0,634.0,1,-1,-1,-1
1726,2,891.0,395.0,188.0,629.0,1,-1,-1,-1
1727,2,889.0,400.0,191.0,619.0,1,-1,-1,-1
1728,2,888.0,406.0,194.0,614.0,1,-1,-1,-1
1729,2,889.0,404.0,200.0,620.0,1,-1,-1,-1
1730,2,891.0,407.0,202.0,618.0,1,-1,-1,-1
1731,2,892.0,413.0,207.0,613.0,1,-1,-1,-1
1732,2,892.0,413.0,212.0,613.0,1,-1,-1,-1
1733,2,892.0,414.0,214.0,611.0,1,-1,-1,-1
1734,2,890.0,415.0,216.0,605.0,1,-1,-1,-1
1735,2,888.0,413.0,221.0,607.0,1,-1,-1,-1
1736,2,887.0,411.0,219.0,606.0,1,-1,-1,-1
1737,2,886.0,411.0,219.0,604.0,1,-1,-1,-1
1738,2,887.0,408.0,210.0,605.0,1,-1,-1,-1
1739,2,883.0,402.0,210.0,600.0,1,-1,-1,-1
1740,2,882.0,399.0,210.0,600.0,1,-1,-1,-1
1741,2,883.0,392.0,215.0,599.0,1,-1,-1,-1
1742,2,883.0,392.0,215.0,582.0,1,-1,-1,-1
1743,2,882.0,386.0,221.0,582.0,1,-1,-1,-1
1744,2,883.0,384.0,221.0,585.0,1,-1,-1,-1
1745,2,885.0,383.0,229.0,584.0,1,-1,-1,-1
1746,2,887.0,386.0,229.0,581.0,1,-1,-1,-1
1747,2,890.0,388.0,228.0,577.0,1,-1,-1,-1
1748,2,892.0,392.0,229.0,570.0,1,-1,-1,-1
1749,2,892.0,395.0,229.0,564.0,1,-1,-1,-1
1750,2,894.0,400.0,227.0,559.0,1,-1,-1,-1
1751,2,894.0,402.0,227.0,557.0,1,-1,-1,-1
1752,2,893.0,401.0,221.0,556.0,1,-1,-1,-1
1753,2,892.0,398.0,220.0,563.0,1,-1,-1,-1
1754,2,889.0,396.0,224.0,567.0,1,-1,-1,-1
1755,2,887.0,395.0,225.0,569.0,1,-1,-1,-1
1756,2,886.0,392.0,227.0,574.0,1,-1,-1,-1
1757,2,882.0,391.0,227.0,576.0,1,-1,-1,-1
1758,2,880.0,395.0,225.0,580.0,1,-1,-1,-1
1759,2,881.0,397.0,217.0,597.0,1,-1,-1,-1
1760,2,881.0,401.0,217.0,603.0,1,-1,-1,-1
1761,2,883.0,415.0,211.0,600.0,1,-1,-1,-1
1762,2,880.0,410.0,206.0,609.0,1,-1,-1,-1
1763,2,878.0,413.0,207.0,605.0,1,-1,-1,-1
1764,2,875.0,414.0,210.0,605.0,1,-1,-1,-1
1765,2,872.0,412.0,212.0,608.0,1,-1,-1,-1
1766,2,872.0,416.0,220.0,602.0,1,-1,-1,-1
1767,2,872.0,407.0,227.0,610.0,1,-1,-1,-1
1768,2,873.0,399.0,226.0,616.0,1,-1,-1,-1
1769,2,874.0,391.0,234.0,626.0,1,-1,-1,-1
1770,2,876.0,388.0,240.0,630.0,1,-1,-1,-1
1771,2,880.0,384.0,235.0,632.0,1,-1,-1,-1
1772,2,883.0,379.0,231.0,635.0,1,-1,-1,-1
1773,2,891.0,374.0,217.0,636.0,1,-1,-1,-1
1774,2,895.0,370.0,212.0,641.0,1,-1,-1,-1
1775,2,901.0,367.0,205.0,644.0,1,-1,-1,-1
1776,2,902.0,364.0,203.0,650.0,1,-1,-1,-1
1777,2,904.0,363.0,202.0,654.0,1,-1,-1,-1
1778,2,905.0,368.0,195.0,650.0,1,-1,-1,-1
1779,2,909.0,371.0,185.0,656.0,1,-1,-1,-1
1780,2,910.0,379.0,180.0,650.0,1,-1,-1,-1
1781,2,912.0,388.0,177.0,644.0,1,-1,-1,-1
1782,2,910.0,387.0,177.0,643.0,1,-1,-1,-1
1783,2,914.0,397.0,172.0,635.0,1,-1,-1,-1
1784,2,915.0,397.0,171.0,637.0,1,-1,-1,-1
1785,2,914.0,399.0,171.0,634.0,1,-1,-1,-1
1786,2,914.0,400.0,171.0,632.0,1,-1,-1,-1
1787,2,912.0,400.0,174.0,631.0,1,-1,-1,-1
1788,2,911.0,396.0,175.0,635.0,1,-1,-1,-1
1789,2,908.0,400.0,178.0,631.0,1,-1,-1,-1
1790,2,908.0,397.0,179.0,632.0,1,-1,-1,-1
1791,2,905.0,394.0,183.0,636.0,1,-1,-1,-1
1792,2,903.0,393.0,182.0,637.0,1,-1,-1,-1
1793,2,899.0,392.0,186.0,638.0,1,-1,-1,-1
1794,2,899.0,394.0,185.0,634.0,1,-1,-1,-1
1795,2,898.0,391.0,184.0,639.0,1,-1,-1,-1
1796,2,897.0,395.0,185.0,627.0,1,-1,-1,-1
1797,2,893.0,395.0,190.0,618.0,1,-1,-1,-1
1798,2,899.0,394.0,182.0,617.0,1,-1,-1,-1
1799,2,896.0,401.0,184.0,597.0,1,-1,-1,-1
1800,2,892.0,401.0,188.0,591.0,1,-1,-1,-1
1801,2,886.0,407.0,192.0,581.0,1,-1,-1,-1
1802,2,884.0,409.0,193.0,579.0,1,-1,-1,-1
1803,2,880.0,410.0,195.0,571.0,1,-1,-1,-1
1804,2,873.0,408.0,208.0,582.0,1,-1,-1,-1
1805,2,859.0,403.0,222.0,589.0,1,-1,-1,-1
1806,2,850.0,397.0,229.0,596.0,1,-1,-1,-1
1807,2,845.0,395.0,235.0,605.0,1,-1,-1,-1
1808,2,839.0,381.0,247.0,627.0,1,-1,-1,-1
1809,2,836.0,378.0,253.0,639.0,1,-1,-1,-1
1810,2,824.0,378.0,267.0,642.0,1,-1,-1,-1
1811,2,823.0,380.0,271.0,649.0,1,-1,-1,-1
1812,2,810.0,383.0,288.0,647.0,1,-1,-1,-1
1813,2,794.0,382.0,297.0,653.0,1,-1,-1,-1
1814,2,794.0,385.0,301.0,647.0,1,-1,-1,-1
1815,2,799.0,388.0,296.0,646.0,1,-1,-1,-1
1816,2,801.0,390.0,296.0,644.0,1,-1,-1,-1
1817,2,809.0,396.0,290.0,635.0,1,-1,-1,-1
1818,2,824.0,398.0,278.0,635.0,1,-1,-1,-1
1819,2,833.0,398.0,268.0,635.0,1,-1,-1,-1
1820,2,843.0,399.0,257.0,635.0,1,-1,-1,-1
1821,2,853.0,395.0,245.0,638.0,1,-1,-1,-1
1822,2,857.0,392.0,240.0,648.0,1,-1,-1,-1
1823,2,855.0,392.0,244.0,636.0,1,-1,-1,-1
1824,2,852.0,388.0,247.0,640.0,1,-1,-1,-1
1825,2,850.0,382.0,244.0,658.0,1,-1,-1,-1
1826,2,848.0,376.0,242.0,663.0,1,-1,-1,-1
1827,2,848.0,370.0,245.0,667.0,1,-1,-1,-1
1828,2,844.0,365.0,250.0,670.0,1,-1,-1,-1
1829,2,841.0,362.0,254.0,667.0,1,-1,-1,-1
1830,2,834.0,354.0,261.0,668.0,1,-1,-1,-1
1831,2,836.0,354.0,260.0,668.0,1,-1,-1,-1
1832,2,831.0,351.0,262.0,670.0,1,-1,-1,-1
1833,2,817.0,349.0,278.0,669.0,1,-1,-1,-1
1834,2,813.0,350.0,286.0,675.0,1,-1,-1,-1
1835,2,807.0,352.0,294.0,670.0,1,-1,-1,-1
1836,2,800.0,353.0,306.0,671.0,1,-1,-1,-1
1837,2,799.0,357.0,311.0,666.0,1,-1,-1,-1
1838,2,802.0,365.0,310.0,661.0,1,-1,-1,-1
1839,2,803.0,376.0,307.0,650.0,1,-1,-1,-1
1840,2,796.0,386.0,312.0,639.0,1,-1,-1,-1
1841,2,792.0,388.0,313.0,636.0,1,-1,-1,-1
1842,2,796.0,405.0,306.0,608.0,1,-1,-1,-1
1843,2,796.0,408.0,302.0,606.0,1,-1,-1,-1
1844,2,793.0,398.0,307.0,620.0,1,-1,-1,-1
1845,2,794.0,404.0,308.0,613.0,1,-1,-1,-1
1846,2,794.0,420.0,308.0,596.0,1,-1,-1,-1
1847,2,783.0,429.0,318.0,590.0,1,-1,-1,-1
1848,2,788.0,445.0,313.0,576.0,1,-1,-1,-1
1849,2,792.0,454.0,304.0,568.0,1,-1,-1,-1
1850,2,795.0,457.0,301.0,569.0,1,-1,-1,-1
1851,2,792.0,461.0,306.0,568.0,1,-1,-1,-1
1852,2,788.0,468.0,307.0,560.0,1,-1,-1,-1
1853,2,781.0,475.0,310.0,552.0,1,-1,-1,-1
1854,2,772.0,480.0,316.0,550.0,1,-1,-1,-1
1855,2,765.0,479.0,325.0,550.0,1,-1,-1,-1
1856,2,762.0,479.0,331.0,547.0,1,-1,-1,-1
1857,2,757.0,476.0,336.0,552.0,1,-1,-1,-1
1858,2,756.0,471.0,335.0,557.0,1,-1,-1,-1
1859,2,753.0,470.0,339.0,560.0,1,-1,-1,-1
1860,2,751.0,468.0,341.0,559.0,1,-1,-1,-1
1861,2,746.0,466.0,346.0,561.0,1,-1,-1,-1
1862,2,747.0,466.0,348.0,562.0,1,-1,-1,-1
1863,2,750.0,470.0,343.0,561.0,1,-1,-1,-1
1864,2,752.0,473.0,340.0,559.0,1,-1,-1,-1
1865,2,759.0,476.0,332.0,558.0,1,-1,-1,-1
1866,2,766.0,476.0,323.0,559.0,1,-1,-1,-1
1867,2,784.0,472.0,305.0,565.0,1,-1,-1,-1
1868,2,799.0,472.0,291.0,564.0,1,-1,-1,-1
1869,2,820.0,461.0,274.0,570.0,1,-1,-1,-1
1870,2,830.0,455.0,260.0,576.0,1,-1,-1,-1
1871,2,840.0,448.0,248.0,580.0,1,-1,-1,-1
1872,2,853.0,437.0,232.0,585.0,1,-1,-1,-1
1873,2,864.0,427.0,225.0,596.0,1,-1,-1,-1
1874,2,864.0,422.0,221.0,592.0,1,-1,-1,-1
1875,2,865.0,413.0,214.0,583.0,1,-1,-1,-1
1876,2,867.0,411.0,202.0,577.0,1,-1,-1,-1
1877,2,867.0,409.0,192.0,571.0,1,-1,-1,-1
1878,2,858.0,409.0,199.0,572.0,1,-1,-1,-1
1879,2,850.0,410.0,201.0,563.0,1,-1,-1,-1
1880,2,847.0,407.0,201.0,562.0,1,-1,-1,-1
1881,2,846.0,403.0,198.0,565.0,1,-1,-1,-1
1882,2,835.0,401.0,207.0,568.0,1,-1,-1,-1
1883,2,827.0,397.0,213.0,571.0,1,-1,-1,-1
1884,2,815.0,398.0,222.0,568.0,1,-1,-1,-1
1885,2,806.0,400.0,232.0,567.0,1,-1,-1,-1
1886,2,798.0,397.0,239.0,568.0,1,-1,-1,-1
1887,2,786.0,388.0,252.0,576.0,1,-1,-1,-1
1888,2,760.0,393.0,283.0,571.0,1,-1,-1,-1
1889,2,757.0,392.0,284.0,560.0,1,-1,-1,-1
1890,2,752.0,390.0,285.0,567.0,1,-1,-1,-1
1891,2,753.0,388.0,284.0,575.0,1,-1,-1,-1
1892,2,747.0,388.0,290.0,576.0,1,-1,-1,-1
1893,2,747.0,384.0,286.0,587.0,1,-1,-1,-1
1894,2,744.0,387.0,288.0,602.0,1,-1,-1,-1
1895,2,736.0,380.0,299.0,617.0,1,-1,-1,-1
1896,2,724.0,387.0,307.0,622.0,1,-1,-1,-1
1897,2,718.0,381.0,312.0,627.0,1,-1,-1,-1
1898,2,713.0,377.0,318.0,630.0,1,-1,-1,-1
1899,2,708.0,382.0,325.0,630.0,1,-1,-1,-1
1900,2,707.0,388.0,325.0,627.0,1,-1,-1,-1
1901,2,707.0,393.0,325.0,619.0,1,-1,-1,-1
1902,2,707.0,394.0,330.0,624.0,1,-1,-1,-1
1903,2,710.0,401.0,324.0,619.0,1,-1,-1,-1
1904,2,720.0,409.0,309.0,611.0,1,-1,-1,-1
1905,2,733.0,416.0,295.0,601.0,1,-1,-1,-1
1906,2,745.0,422.0,282.0,594.0,1,-1,-1,-1
1907,2,756.0,429.0,267.0,588.0,1,-1,-1,-1
1908,2,762.0,428.0,260.0,589.0,1,-1,-1,-1
1909,2,777.0,433.0,245.0,585.0,1,-1,-1,-1
1910,2,780.0,438.0,244.0,582.0,1,-1,-1,-1
1911,2,785.0,443.0,242.0,577.0,1,-1,-1,-1
1912,2,784.0,445.0,242.0,568.0,1,-1,-1,-1
1913,2,792.0,449.0,236.0,565.0,1,-1,-1,-1
1914,2,794.0,446.0,234.0,569.0,1,-1,-1,-1
1915,2,792.0,450.0,236.0,565.0,1,-1,-1,-1
1916,2,794.0,451.0,236.0,564.0,1,-1,-1,-1
1917,2,793.0,453.0,237.0,562.0,1,-1,-1,-1
1918,2,791.0,453.0,240.0,562.0,1,-1,-1,-1
1919,2,790.0,460.0,239.0,556.0,1,-1,-1,-1
1920,2,789.0,462.0,240.0,555.0,1,-1,-1,-1
1921,2,788.0,461.0,239.0,557.0,1,-1,-1,-1
1922,2,787.0,461.0,240.0,557.0,1,-1,-1,-1
1923,2,785.0,466.0,242.0,552.0,1,-1,-1,-1
1924,2,781.0,469.0,244.0,549.0,1,-1,-1,-1
1925,2,780.0,466.0,243.0,554.0,1,-1,-1,-1
1926,2,775.0,467.0,245.0,554.0,1,-1,-1,-1
1927,2,772.0,468.0,253.0,554.0,1,-1,-1,-1
1928,2,765.0,466.0,259.0,555.0,1,-1,-1,-1
1929,2,765.0,470.0,270.0,548.0,1,-1,-1,-1
1930,2,762.0,471.0,274.0,549.0,1,-1,-1,-1
1931,2,753.0,473.0,278.0,545.0,1,-1,-1,-1
1932,2,743.0,464.0,289.0,554.0,1,-1,-1,-1
1933,2,740.0,461.0,289.0,557.0,1,-1,-1,-1
1934,2,742.0,457.0,278.0,564.0,1,-1,-1,-1
1935,2,754.0,451.0,260.0,570.0,1,-1,-1,-1
1936,2,767.0,450.0,240.0,573.0,1,-1,-1,-1
1937,2,784.0,445.0,218.0,577.0,1,-1,-1,-1
1938,2,792.0,442.0,207.0,582.0,1,-1,-1,-1
1939,2,792.0,437.0,210.0,587.0,1,-1,-1,-1
1940,2,787.0,432.0,216.0,594.0,1,-1,-1,-1
1941,2,773.0,427.0,232.0,597.0,1,-1,-1,-1
1942,2,774.0,425.0,230.0,599.0,1,-1,-1,-1
1943,2,780.0,420.0,222.0,598.0,1,-1,-1,-1
1944,2,770.0,427.0,231.0,595.0,1,-1,-1,-1
1945,2,782.0,422.0,217.0,600.0,1,-1,-1,-1
1946,2,786.0,418.0,210.0,607.0,1,-1,-1,-1
1947,2,782.0,418.0,211.0,606.0,1,-1,-1,-1
1948,2,775.0,410.0,212.0,620.0,1,-1,-1,-1
1949,2,773.0,405.0,213.0,624.0,1,-1,-1,-1
1950,2,767.0,410.0,218.0,619.0,1,-1,-1,-1
1951,2,765.0,413.0,221.0,614.0,1,-1,-1,-1
1952,2,762.0,412.0,233.0,609.0,1,-1,-1,-1
1953,2,753.0,410.0,249.0,614.0,1,-1,-1,-1
1954,2,757.0,408.0,269.0,617.0,1,-1,-1,-1
1955,2,748.0,402.0,299.0,626.0,1,-1,-1,-1
1956,2,741.0,407.0,315.0,620.0,1,-1,-1,-1
1957,2,741.0,414.0,308.0,613.0,1,-1,-1,-1
1958,2,737.0,414.0,318.0,614.0,1,-1,-1,-1
1959,2,722.0,417.0,316.0,610.0,1,-1,-1,-1
1960,2,697.0,419.0,327.0,606.0,1,-1,-1,-1
1961,2,689.0,425.0,331.0,602.0,1,-1,-1,-1
1962,2,684.0,430.0,329.0,596.0,1,-1,-1,-1
1963,2,688.0,435.0,312.0,590.0,1,-1,-1,-1
1964,2,695.0,446.0,303.0,578.0,1,-1,-1,-1
1965,2,707.0,446.0,284.0,579.0,1,-1,-1,-1
1966,2,727.0,443.0,257.0,582.0,1,-1,-1,-1
1967,2,757.0,446.0,224.0,578.0,1,-1,-1,-1
1968,2,769.0,443.0,202.0,579.0,1,-1,-1,-1
1969,2,778.0,436.0,181.0,589.0,1,-1,-1,-1
1970,2,777.0,426.0,181.0,594.0,1,-1,-1,-1
1971,2,775.0,424.0,180.0,596.0,1,-1,-1,-1
1972,2,770.0,414.0,185.0,604.0,1,-1,-1,-1
1973,2,762.0,421.0,204.0,592.0,1,-1,-1,-1
1974,2,749.0,423.0,211.0,590.0,1,-1,-1,-1
1975,2,744.0,424.0,222.0,588.0,1,-1,-1,-1
1976,2,737.0,422.0,237.0,586.0,1,-1,-1,-1
1977,2,747.0,422.0,245.0,581.0,1,-1,-1,-1
1978,2,746.0,422.0,235.0,579.0,1,-1,-1,-1
1979,2,756.0,427.0,227.0,571.0,1,-1,-1,-1
1980,2,758.0,428.0,232.0,561.0,1,-1,-1,-1
1981,2,748.0,421.0,246.0,571.0,1,-1,-1,-1
1982,2,741.0,414.0,256.0,578.0,1,-1,-1,-1
1983,2,743.0,406.0,259.0,595.0,1,-1,-1,-1
1984,2,743.0,414.0,260.0,593.0,1,-1,-1,-1
1985,2,743.0,417.0,241.0,596.0,1,-1,-1,-1
1986,2,744.0,421.0,238.0,600.0,1,-1,-1,-1
1987,2,745.0,428.0,234.0,598.0,1,-1,-1,-1
1988,2,746.0,424.0,220.0,605.0,1,-1,-1,-1
1989,2,749.0,432.0,214.0,601.0,1,-1,-1,-1
1990,2,752.0,438.0,209.0,596.0,1,-1,-1,-1
1991,2,758.0,444.0,199.0,590.0,1,-1,-1,-1
1992,2,759.0,453.0,203.0,581.0,1,-1,-1,-1
1993,2,759.0,455.0,200.0,579.0,1,-1,-1,-1
1994,2,759.0,462.0,189.0,572.0,1,-1,-1,-1
1995,2,756.0,462.0,194.0,572.0,1,-1,-1,-1
1996,2,752.0,461.0,198.0,576.0,1,-1,-1,-1
1997,2,728.0,459.0,215.0,583.0,1,-1,-1,-1
1998,2,711.0,456.0,234.0,585.0,1,-1,-1,-1
1999,2,662.0,447.0,299.0,584.0,1,-1,-1,-1
2000,2,646.0,437.0,322.0,596.0,1,-1,-1,-1
2001,2,643.0,436.0,331.0,601.0,1,-1,-1,-1
2002,2,665.0,418.0,291.0,617.0,1,-1,-1,-1
2003,2,693.0,402.0,247.0,635.0,1,-1,-1,-1
2004,2,712.0,393.0,206.0,636.0,1,-1,-1,-1
2005,2,709.0,395.0,207.0,635.0,1,-1,-1,-1
2006,2,701.0,378.0,224.0,642.0,1,-1,-1,-1
2007,2,689.0,373.0,244.0,632.0,1,-1,-1,-1
2008,2,663.0,364.0,280.0,639.0,1,-1,-1,-1
2009,2,630.0,368.0,340.0,632.0,1,-1,-1,-1
2010,2,604.0,364.0,383.0,623.0,1,-1,-1,-1
2011,2,576.0,362.0,424.0,610.0,1,-1,-1,-1
2012,2,560.0,361.0,450.0,604.0,1,-1,-1,-1
2013,2,556.0,358.0,452.0,608.0,1,-1,-1,-1
2014,2,566.0,358.0,424.0,610.0,1,-1,-1,-1
2015,2,572.0,358.0,415.0,620.0,1,-1,-1,-1
2016,2,581.0,362.0,402.0,616.0,1,-1,-1,-1
2017,2,603.0,371.0,374.0,605.0,1,-1,-1,-1
2018,2,638.0,376.0,349.0,619.0,1,-1,-1,-1
2019,2,668.0,378.0,316.0,605.0,1,-1,-1,-1
2020,2,698.0,381.0,277.0,609.0,1,-1,-1,-1
2021,2,733.0,385.0,223.0,608.0,1,-1,-1,-1
2022,2,741.0,391.0,208.0,611.0,1,-1,-1,-1
2023,2,754.0,394.0,201.0,617.0,1,-1,-1,-1
2024,2,751.0,395.0,202.0,614.0,1,-1,-1,-1
2025,2,749.0,398.0,205.0,597.0,1,-1,-1,-1
2026,2,729.0,397.0,215.0,603.0,1,-1,-1,-1
2027,2,706.0,401.0,243.0,599.0,1,-1,-1,-1
2028,2,685.0,407.0,284.0,584.0,1,-1,-1,-1
2029,2,673.0,403.0,298.0,591.0,1,-1,-1,-1
2030,2,661.0,401.0,328.0,594.0,1,-1,-1,-1
2031,2,659.0,410.0,330.0,588.0,1,-1,-1,-1
2032,2,662.0,408.0,331.0,594.0,1,-1,-1,-1
2033,2,664.0,389.0,341.0,618.0,1,-1,-1,-1
2034,2,682.0,387.0,325.0,618.0,1,-1,-1,-1
2035,2,690.0,383.0,323.0,628.0,1,-1,-1,-1
2036,2,703.0,381.0,309.0,634.0,1,-1,-1,-1
2037,2,719.0,381.0,291.0,632.0,1,-1,-1,-1
2038,2,729.0,378.0,283.0,637.0,1,-1,-1,-1
2039,2,731.0,380.0,278.0,635.0,1,-1,-1,-1
2040,2,735.0,382.0,271.0,632.0,1,-1,-1,-1
2041,2,739.0,384.0,250.0,630.0,1,-1,-1,-1
2042,2,743.0,381.0,213.0,635.0,1,-1,-1,-1
2043,2,744.0,376.0,206.0,640.0,1,-1,-1,-1
2044,2,750.0,375.0,196.0,634.0,1,-1,-1,-1
2045,2,756.0,371.0,182.0,641.0,1,-1,-1,-1
2046,2,771.0,375.0,172.0,636.0,1,-1,-1,-1
2047,2,770.0,369.0,177.0,640.0,1,-1,-1,-1
2048,2,771.0,374.0,183.0,628.0,1,-1,-1,-1
2049,2,775.0,364.0,189.0,638.0,1,-1,-1,-1
2050,2,773.0,378.0,195.0,628.0,1,-1,-1,-1
2051,2,771.0,383.0,207.0,621.0,1,-1,-1,-1
2052,2,773.0,383.0,220.0,620.0,1,-1,-1,-1
2053,2,778.0,384.0,220.0,619.0,1,-1,-1,-1
2054,2,780.0,387.0,225.0,611.0,1,-1,-1,-1
2055,2,772.0,388.0,242.0,611.0,1,-1,-1,-1
2056,2,769.0,392.0,235.0,607.0,1,-1,-1,-1
2057,2,769.0,397.0,242.0,602.0,1,-1,-1,-1
2058,2,768.0,398.0,239.0,598.0,1,-1,-1,-1
2059,2,761.0,399.0,235.0,597.0,1,-1,-1,-1
2060,2,763.0,395.0,228.0,599.0,1,-1,-1,-1
2061,2,766.0,396.0,225.0,598.0,1,-1,-1,-1
2062,2,758.0,397.0,230.0,598.0,1,-1,-1,-1
2063,2,730.0,395.0,256.0,600.0,1,-1,-1,-1
2064,2,701.0,404.0,287.0,585.0,1,-1,-1,-1
2065,2,677.0,400.0,304.0,592.0,1,-1,-1,-1
2066,2,662.0,402.0,320.0,589.0,1,-1,-1,-1
2067,2,651.0,393.0,341.0,596.0,1,-1,-1,-1
2068,2,647.0,392.0,352.0,596.0,1,-1,-1,-1
2069,2,647.0,394.0,351.0,596.0,1,-1,-1,-1
2070,2,650.0,390.0,347.0,600.0,1,-1,-1,-1
2071,2,653.0,391.0,344.0,598.0,1,-1,-1,-1
2072,2,656.0,391.0,342.0,597.0,1,-1,-1,-1
2073,2,664.0,389.0,331.0,599.0,1,-1,-1,-1
2074,2,672.0,388.0,322.0,602.0,1,-1,-1,-1
2075,2,681.0,390.0,313.0,601.0,1,-1,-1,-1
2076,2,695.0,386.0,295.0,606.0,1,-1,-1,-1
2077,2,710.0,384.0,275.0,608.0,1,-1,-1,-1
2078,2,743.0,382.0,240.0,610.0,1,-1,-1,-1
2079,2,759.0,373.0,225.0,620.0,1,-1,-1,-1
2080,2,763.0,368.0,217.0,627.0,1,-1,-1,-1
2081,2,769.0,366.0,214.0,629.0,1,-1,-1,-1
2082,2,769.0,364.0,211.0,630.0,1,-1,-1,-1
2083,2,771.0,363.0,203.0,626.0,1,-1,-1,-1
2084,2,767.0,370.0,208.0,622.0,1,-1,-1,-1
2085,2,768.0,375.0,207.0,617.0,1,-1,-1,-1
2086,2,767.0,377.0,209.0,615.0,1,-1,-1,-1
2087,2,774.0,379.0,202.0,614.0,1,-1,-1,-1
2088,2,776.0,379.0,198.0,613.0,1,-1,-1,-1
2089,2,779.0,380.0,196.0,614.0,1,-1,-1,-1
2090,2,780.0,382.0,195.0,612.0,1,-1,-1,-1
2091,2,783.0,384.0,196.0,611.0,1,-1,-1,-1
